70000.000000000000
0.330000000000
478.200000000000
0.006800000000
0.289500000000
8.000000000000
25.000000000000
1.000000000000
-2.757536041940
11.530135957810
-25.895206461605
34.382953067267
-27.913685793881
13.264500537932
-3.444649073770
1.147022289331
19.694927566274
-22.728141338804
97.145275088653
-118.152192327012
79.561402121107
-22.863865241214
26.876869442462
72.539864570674
-76.332489244055
263.737305178265
-61.653927738264
77.571137717599
144.529915775360
-151.258204505884
144.065598867534
77.064117299173
8.000000000000
-19.302752293578
69.180815746860
-129.476032308026
137.531812269067
-83.741057381643
26.529001075865
-3.444649073770
0.000000000000
118.169565397646
-113.640706694020
388.581100354612
-354.456576981037
159.122804242215
-22.863865241214
0.000000000000
290.159458282696
-228.997467732165
527.474610356531
-61.653927738264
0.000000000000
289.059831550719
-151.258204505884
0.000000000000
0.000000000000
-2.757536041940
23.060271915620
-77.685619384816
137.531812269067
-139.568428969404
79.587003227595
-24.112543516388
9.176178314651
0.000000000000
-22.728141338804
194.290550177306
-354.456576981037
318.245608484429
-114.319326206070
161.261216654774
0.000000000000
-76.332489244055
527.474610356531
-184.961783214791
310.284550870398
0.000000000000
-151.258204505884
288.131197735067
0.000000000000
0.000000000000
56.000000000000
-115.816513761468
345.904078734300
-517.904129232104
412.595436807201
-167.482114763285
26.529001075865
0.000000000000
0.000000000000
590.847826988229
-454.562826776080
1165.743301063837
-708.913153962074
159.122804242215
0.000000000000
0.000000000000
870.478374848087
-457.994935464329
527.474610356531
0.000000000000
0.000000000000
289.059831550719
0.000000000000
0.000000000000
0.000000000000
23.060271915620
-155.371238769631
412.595436807201
-558.273715877617
397.935016137973
-144.675261098327
64.233248202557
0.000000000000
0.000000000000
194.290550177306
-708.913153962074
954.736825453287
-457.277304824282
806.306083273869
0.000000000000
0.000000000000
527.474610356531
-369.923566429583
930.853652611193
0.000000000000
0.000000000000
288.131197735067
0.000000000000
0.000000000000
0.000000000000
-19.302752293578
138.361631493720
-388.428096924078
550.127249076268
-418.705286908213
159.174006455189
-24.112543516388
0.000000000000
0.000000000000
-113.640706694020
777.162200709225
-1063.369730943111
636.491216968858
-114.319326206070
0.000000000000
0.000000000000
-228.997467732165
1054.949220713062
-184.961783214791
0.000000000000
0.000000000000
-151.258204505884
0.000000000000
0.000000000000
0.000000000000
1.147022289331
-3.444649073770
13.264500537932
-27.913685793881
34.382953067267
-25.895206461605
11.530135957810
-2.757536041940
1.000000000000
26.876869442462
-22.863865241214
79.561402121107
-118.152192327012
97.145275088653
-22.728141338804
19.694927566274
77.571137717599
-61.653927738264
263.737305178265
-76.332489244055
72.539864570674
144.065598867534
-151.258204505884
144.529915775360
77.064117299173
-3.444649073770
26.529001075865
-83.741057381643
137.531812269067
-129.476032308026
69.180815746860
-19.302752293578
8.000000000000
0.000000000000
-22.863865241214
159.122804242215
-354.456576981037
388.581100354612
-113.640706694020
118.169565397646
0.000000000000
-61.653927738264
527.474610356531
-228.997467732165
290.159458282696
0.000000000000
-151.258204505884
289.059831550719
0.000000000000
0.000000000000
9.176178314651
-24.112543516388
79.587003227595
-139.568428969404
137.531812269067
-77.685619384816
23.060271915620
-2.757536041940
0.000000000000
161.261216654774
-114.319326206070
318.245608484429
-354.456576981037
194.290550177306
-22.728141338804
0.000000000000
310.284550870398
-184.961783214791
527.474610356531
-76.332489244055
0.000000000000
288.131197735067
-151.258204505884
0.000000000000
0.000000000000
26.529001075865
-167.482114763285
412.595436807201
-517.904129232104
345.904078734300
-115.816513761468
56.000000000000
0.000000000000
0.000000000000
159.122804242215
-708.913153962074
1165.743301063837
-454.562826776080
590.847826988229
0.000000000000
0.000000000000
527.474610356531
-457.994935464329
870.478374848087
0.000000000000
0.000000000000
289.059831550719
0.000000000000
0.000000000000
0.000000000000
64.233248202557
-144.675261098327
397.935016137973
-558.273715877617
412.595436807201
-155.371238769631
23.060271915620
0.000000000000
0.000000000000
806.306083273869
-457.277304824282
954.736825453287
-708.913153962074
194.290550177306
0.000000000000
0.000000000000
930.853652611193
-369.923566429583
527.474610356531
0.000000000000
0.000000000000
288.131197735067
0.000000000000
0.000000000000
0.000000000000
-24.112543516388
159.174006455189
-418.705286908213
550.127249076268
-388.428096924078
138.361631493720
-19.302752293578
0.000000000000
0.000000000000
-114.319326206070
636.491216968858
-1063.369730943111
777.162200709225
-113.640706694020
0.000000000000
0.000000000000
-184.961783214791
1054.949220713062
-228.997467732165
0.000000000000
0.000000000000
-151.258204505884
0.000000000000
0.000000000000
0.000000000000
