Test angle: 60
Mesh element_496 : S11 | S22 | S33 | S12 | E11 | E22 | E33 | 2*E12 | EPbar 
0.000 | 0.000 | 0.000 | 0.000 | 0.0000 |0.0000 |0.0000 |0.0000 |0.0000 |
0.503 | 0.000 | 0.000 | -0.000 | 0.0000 |-0.0000 |0.0000 |-0.0000 |0.0000 |
1.005 | -0.000 | 0.000 | -0.000 | 0.0000 |-0.0000 |0.0000 |-0.0000 |0.0000 |
1.759 | -0.000 | 0.000 | -0.000 | 0.0000 |-0.0000 |0.0000 |-0.0000 |0.0000 |
2.891 | 0.000 | 0.000 | -0.000 | 0.0000 |-0.0000 |0.0000 |-0.0000 |0.0000 |
4.587 | -0.000 | 0.000 | -0.000 | 0.0001 |-0.0000 |0.0000 |-0.0000 |0.0000 |
7.132 | -0.000 | 0.000 | -0.000 | 0.0001 |-0.0000 |0.0000 |-0.0000 |0.0000 |
10.949 | -0.000 | 0.000 | -0.000 | 0.0002 |-0.0001 |0.0000 |-0.0000 |0.0000 |
16.675 | -0.000 | 0.000 | -0.000 | 0.0002 |-0.0001 |0.0000 |-0.0000 |0.0000 |
25.262 | -0.000 | 0.000 | -0.000 | 0.0004 |-0.0001 |0.0000 |-0.0000 |0.0000 |
38.142 | 0.000 | 0.000 | -0.000 | 0.0005 |-0.0002 |0.0000 |-0.0000 |0.0000 |
57.458 | 0.000 | 0.000 | -0.000 | 0.0008 |-0.0003 |0.0000 |-0.0000 |0.0000 |
82.576 | -0.000 | 0.000 | -0.000 | 0.0012 |-0.0004 |0.0000 |-0.0000 |0.0000 |
101.756 | -0.000 | 0.000 | -0.000 | 0.0016 |-0.0005 |0.0000 |-0.0000 |0.0001 |
102.160 | 0.000 | 0.000 | -0.000 | 0.0017 |-0.0005 |0.0000 |-0.0000 |0.0002 |
102.559 | -0.000 | 0.000 | -0.000 | 0.0018 |-0.0006 |0.0000 |-0.0000 |0.0003 |
102.953 | 0.000 | 0.000 | -0.000 | 0.0019 |-0.0006 |0.0000 |-0.0000 |0.0004 |
103.534 | -0.000 | 0.000 | -0.000 | 0.0021 |-0.0006 |0.0000 |-0.0000 |0.0005 |
104.389 | -0.000 | 0.000 | -0.000 | 0.0023 |-0.0007 |0.0000 |-0.0000 |0.0007 |
105.634 | 0.000 | 0.000 | -0.001 | 0.0027 |-0.0008 |0.0000 |-0.0000 |0.0010 |
107.059 | 0.000 | 0.000 | -0.001 | 0.0031 |-0.0009 |0.0000 |-0.0000 |0.0014 |
108.435 | -0.000 | 0.000 | -0.001 | 0.0035 |-0.0010 |0.0000 |-0.0000 |0.0018 |
109.766 | 0.000 | 0.000 | -0.001 | 0.0040 |-0.0011 |0.0000 |-0.0000 |0.0022 |
111.056 | 0.000 | 0.000 | -0.002 | 0.0044 |-0.0012 |0.0000 |-0.0000 |0.0025 |
112.309 | 0.000 | 0.000 | -0.002 | 0.0048 |-0.0013 |0.0000 |-0.0000 |0.0029 |
113.527 | -0.000 | 0.000 | -0.002 | 0.0053 |-0.0014 |0.0000 |-0.0000 |0.0033 |
114.712 | 0.000 | 0.000 | -0.002 | 0.0057 |-0.0015 |0.0000 |-0.0000 |0.0036 |
115.867 | 0.000 | 0.000 | -0.003 | 0.0061 |-0.0016 |0.0000 |-0.0000 |0.0040 |
116.993 | -0.000 | 0.000 | -0.003 | 0.0065 |-0.0017 |0.0000 |-0.0001 |0.0044 |
118.093 | 0.000 | 0.000 | -0.003 | 0.0070 |-0.0018 |0.0000 |-0.0001 |0.0047 |
119.167 | -0.000 | 0.000 | -0.004 | 0.0074 |-0.0019 |0.0000 |-0.0001 |0.0051 |
120.218 | -0.000 | 0.000 | -0.004 | 0.0078 |-0.0020 |0.0000 |-0.0001 |0.0055 |
121.246 | 0.000 | 0.000 | -0.004 | 0.0082 |-0.0021 |0.0000 |-0.0001 |0.0058 |
122.253 | -0.000 | 0.000 | -0.004 | 0.0086 |-0.0022 |0.0000 |-0.0001 |0.0062 |
123.239 | 0.000 | 0.000 | -0.005 | 0.0091 |-0.0023 |0.0000 |-0.0001 |0.0066 |
124.206 | -0.000 | 0.000 | -0.005 | 0.0095 |-0.0024 |0.0000 |-0.0001 |0.0069 |
125.154 | 0.000 | 0.000 | -0.005 | 0.0099 |-0.0025 |0.0000 |-0.0001 |0.0073 |
126.085 | 0.000 | 0.000 | -0.006 | 0.0103 |-0.0026 |0.0000 |-0.0001 |0.0077 |
126.998 | -0.000 | 0.000 | -0.006 | 0.0107 |-0.0026 |0.0000 |-0.0001 |0.0080 |
127.896 | 0.000 | 0.000 | -0.006 | 0.0112 |-0.0027 |0.0000 |-0.0001 |0.0084 |
128.778 | -0.000 | 0.000 | -0.007 | 0.0116 |-0.0028 |0.0000 |-0.0001 |0.0088 |
129.645 | 0.000 | 0.000 | -0.007 | 0.0120 |-0.0029 |0.0000 |-0.0001 |0.0091 |
130.498 | 0.000 | 0.000 | -0.007 | 0.0124 |-0.0030 |0.0000 |-0.0001 |0.0095 |
131.338 | 0.000 | 0.000 | -0.008 | 0.0128 |-0.0031 |0.0000 |-0.0001 |0.0099 |
132.164 | 0.000 | 0.000 | -0.008 | 0.0133 |-0.0032 |0.0000 |-0.0001 |0.0102 |
132.977 | 0.000 | 0.000 | -0.008 | 0.0137 |-0.0033 |0.0000 |-0.0001 |0.0106 |
133.778 | -0.000 | 0.000 | -0.009 | 0.0141 |-0.0034 |0.0000 |-0.0001 |0.0109 |
134.567 | -0.000 | 0.000 | -0.009 | 0.0145 |-0.0035 |0.0000 |-0.0001 |0.0113 |
135.345 | 0.000 | 0.000 | -0.009 | 0.0149 |-0.0036 |0.0000 |-0.0001 |0.0117 |
136.112 | 0.000 | 0.000 | -0.010 | 0.0153 |-0.0037 |0.0000 |-0.0001 |0.0120 |
136.868 | 0.000 | 0.000 | -0.010 | 0.0158 |-0.0038 |0.0000 |-0.0001 |0.0124 |
137.614 | -0.000 | 0.000 | -0.010 | 0.0162 |-0.0039 |0.0000 |-0.0002 |0.0128 |
138.350 | 0.000 | 0.000 | -0.011 | 0.0166 |-0.0040 |0.0000 |-0.0002 |0.0131 |
139.076 | 0.000 | 0.000 | -0.011 | 0.0170 |-0.0041 |0.0000 |-0.0002 |0.0135 |
139.792 | 0.000 | 0.000 | -0.011 | 0.0174 |-0.0042 |0.0000 |-0.0002 |0.0139 |
140.500 | 0.000 | 0.000 | -0.012 | 0.0178 |-0.0043 |0.0000 |-0.0002 |0.0142 |
141.199 | 0.000 | 0.000 | -0.012 | 0.0182 |-0.0044 |0.0000 |-0.0002 |0.0146 |
141.890 | 0.000 | 0.000 | -0.012 | 0.0187 |-0.0045 |0.0000 |-0.0002 |0.0149 |
142.572 | 0.000 | 0.000 | -0.013 | 0.0191 |-0.0046 |0.0000 |-0.0002 |0.0153 |
143.245 | 0.000 | 0.000 | -0.013 | 0.0195 |-0.0047 |0.0000 |-0.0002 |0.0157 |
143.911 | 0.000 | 0.000 | -0.014 | 0.0199 |-0.0048 |0.0000 |-0.0002 |0.0160 |
144.570 | 0.000 | 0.000 | -0.014 | 0.0203 |-0.0049 |0.0000 |-0.0002 |0.0164 |
145.221 | 0.000 | 0.000 | -0.014 | 0.0207 |-0.0050 |0.0000 |-0.0002 |0.0168 |
145.865 | -0.000 | 0.000 | -0.015 | 0.0211 |-0.0051 |0.0000 |-0.0002 |0.0171 |
146.501 | 0.000 | 0.000 | -0.015 | 0.0215 |-0.0052 |0.0000 |-0.0002 |0.0175 |
147.131 | -0.000 | 0.000 | -0.015 | 0.0220 |-0.0053 |0.0000 |-0.0002 |0.0178 |
147.754 | 0.000 | 0.000 | -0.016 | 0.0224 |-0.0053 |0.0000 |-0.0002 |0.0182 |
148.371 | 0.000 | 0.000 | -0.016 | 0.0228 |-0.0054 |0.0000 |-0.0002 |0.0186 |
148.981 | 0.000 | 0.000 | -0.017 | 0.0232 |-0.0055 |0.0000 |-0.0002 |0.0189 |
149.585 | 0.000 | 0.000 | -0.017 | 0.0236 |-0.0056 |0.0000 |-0.0002 |0.0193 |
150.183 | 0.000 | 0.000 | -0.017 | 0.0240 |-0.0057 |0.0000 |-0.0002 |0.0197 |
150.775 | -0.000 | 0.000 | -0.018 | 0.0244 |-0.0058 |0.0000 |-0.0002 |0.0200 |
151.361 | 0.000 | 0.000 | -0.018 | 0.0248 |-0.0059 |0.0000 |-0.0002 |0.0204 |
151.941 | 0.000 | 0.000 | -0.019 | 0.0252 |-0.0060 |0.0000 |-0.0002 |0.0207 |
152.516 | 0.000 | 0.000 | -0.019 | 0.0257 |-0.0061 |0.0000 |-0.0003 |0.0211 |
153.086 | 0.000 | 0.000 | -0.019 | 0.0261 |-0.0062 |0.0000 |-0.0003 |0.0215 |
153.650 | 0.000 | 0.000 | -0.020 | 0.0265 |-0.0063 |0.0000 |-0.0003 |0.0218 |
154.209 | 0.000 | 0.000 | -0.020 | 0.0269 |-0.0064 |0.0000 |-0.0003 |0.0222 |
154.763 | 0.000 | 0.000 | -0.021 | 0.0273 |-0.0065 |0.0000 |-0.0003 |0.0226 |
155.312 | 0.000 | 0.000 | -0.021 | 0.0277 |-0.0066 |0.0000 |-0.0003 |0.0229 |
155.857 | 0.000 | 0.000 | -0.021 | 0.0281 |-0.0067 |0.0000 |-0.0003 |0.0233 |
156.396 | -0.000 | 0.000 | -0.022 | 0.0285 |-0.0068 |0.0000 |-0.0003 |0.0236 |
156.931 | 0.000 | 0.000 | -0.022 | 0.0289 |-0.0069 |0.0000 |-0.0003 |0.0240 |
157.461 | 0.000 | 0.000 | -0.023 | 0.0293 |-0.0070 |0.0000 |-0.0003 |0.0244 |
157.987 | 0.000 | 0.000 | -0.023 | 0.0298 |-0.0071 |0.0000 |-0.0003 |0.0247 |
158.508 | 0.000 | 0.000 | -0.023 | 0.0302 |-0.0072 |0.0000 |-0.0003 |0.0251 |
159.025 | 0.000 | 0.000 | -0.024 | 0.0306 |-0.0073 |0.0000 |-0.0003 |0.0254 |
159.538 | 0.000 | 0.000 | -0.024 | 0.0310 |-0.0073 |0.0000 |-0.0003 |0.0258 |
160.046 | 0.000 | 0.000 | -0.025 | 0.0314 |-0.0074 |0.0000 |-0.0003 |0.0262 |
160.551 | 0.000 | 0.000 | -0.025 | 0.0318 |-0.0075 |0.0000 |-0.0003 |0.0265 |
161.051 | 0.000 | 0.000 | -0.025 | 0.0322 |-0.0076 |0.0000 |-0.0003 |0.0269 |
161.548 | 0.000 | 0.000 | -0.026 | 0.0326 |-0.0077 |0.0000 |-0.0003 |0.0272 |
162.041 | 0.000 | 0.000 | -0.026 | 0.0330 |-0.0078 |0.0000 |-0.0003 |0.0276 |
162.530 | 0.000 | 0.000 | -0.027 | 0.0334 |-0.0079 |0.0000 |-0.0003 |0.0280 |
163.015 | 0.000 | 0.000 | -0.027 | 0.0338 |-0.0080 |0.0000 |-0.0003 |0.0283 |
163.497 | 0.000 | 0.000 | -0.028 | 0.0342 |-0.0081 |0.0000 |-0.0003 |0.0287 |
163.975 | 0.000 | 0.000 | -0.028 | 0.0347 |-0.0082 |0.0000 |-0.0003 |0.0290 |
164.450 | -0.000 | 0.000 | -0.028 | 0.0351 |-0.0083 |0.0000 |-0.0004 |0.0294 |
164.921 | 0.000 | 0.000 | -0.029 | 0.0355 |-0.0084 |0.0000 |-0.0004 |0.0298 |
165.389 | 0.000 | 0.000 | -0.029 | 0.0359 |-0.0085 |0.0000 |-0.0004 |0.0301 |
165.854 | 0.000 | 0.000 | -0.030 | 0.0363 |-0.0086 |0.0000 |-0.0004 |0.0305 |
166.315 | 0.000 | 0.000 | -0.030 | 0.0367 |-0.0087 |0.0000 |-0.0004 |0.0308 |
166.773 | 0.000 | 0.000 | -0.031 | 0.0371 |-0.0088 |0.0000 |-0.0004 |0.0312 |
167.227 | 0.000 | 0.000 | -0.031 | 0.0375 |-0.0089 |0.0000 |-0.0004 |0.0316 |
167.679 | 0.000 | 0.000 | -0.031 | 0.0379 |-0.0089 |0.0000 |-0.0004 |0.0319 |
168.127 | 0.000 | 0.000 | -0.032 | 0.0383 |-0.0090 |0.0000 |-0.0004 |0.0323 |
168.573 | 0.000 | 0.000 | -0.032 | 0.0387 |-0.0091 |0.0000 |-0.0004 |0.0326 |
169.015 | 0.000 | 0.000 | -0.033 | 0.0391 |-0.0092 |0.0000 |-0.0004 |0.0330 |
169.455 | 0.000 | 0.000 | -0.033 | 0.0395 |-0.0093 |0.0000 |-0.0004 |0.0334 |
169.891 | 0.000 | 0.000 | -0.034 | 0.0399 |-0.0094 |0.0000 |-0.0004 |0.0337 |
170.325 | 0.000 | 0.000 | -0.034 | 0.0403 |-0.0095 |0.0000 |-0.0004 |0.0341 |
170.756 | 0.000 | 0.000 | -0.034 | 0.0407 |-0.0096 |0.0000 |-0.0004 |0.0344 |
171.184 | 0.000 | 0.000 | -0.035 | 0.0411 |-0.0097 |0.0000 |-0.0004 |0.0348 |
171.610 | 0.000 | 0.000 | -0.035 | 0.0415 |-0.0098 |0.0000 |-0.0004 |0.0351 |
172.033 | 0.000 | 0.000 | -0.036 | 0.0420 |-0.0099 |0.0000 |-0.0004 |0.0355 |
172.453 | 0.000 | 0.000 | -0.036 | 0.0424 |-0.0100 |0.0000 |-0.0004 |0.0359 |
172.871 | 0.000 | 0.000 | -0.037 | 0.0428 |-0.0101 |0.0000 |-0.0004 |0.0362 |
173.286 | 0.000 | 0.000 | -0.037 | 0.0432 |-0.0102 |0.0000 |-0.0004 |0.0366 |
173.698 | 0.000 | 0.000 | -0.038 | 0.0436 |-0.0103 |0.0000 |-0.0004 |0.0369 |
174.108 | 0.000 | 0.000 | -0.038 | 0.0440 |-0.0103 |0.0000 |-0.0004 |0.0373 |
174.516 | 0.000 | 0.000 | -0.038 | 0.0444 |-0.0104 |0.0000 |-0.0005 |0.0376 |
174.921 | 0.000 | 0.000 | -0.039 | 0.0448 |-0.0105 |0.0000 |-0.0005 |0.0380 |
175.324 | 0.000 | 0.000 | -0.039 | 0.0452 |-0.0106 |0.0000 |-0.0005 |0.0384 |
175.724 | 0.000 | 0.000 | -0.040 | 0.0456 |-0.0107 |0.0000 |-0.0005 |0.0387 |
176.122 | 0.000 | 0.000 | -0.040 | 0.0460 |-0.0108 |0.0000 |-0.0005 |0.0391 |
176.518 | 0.000 | 0.000 | -0.041 | 0.0464 |-0.0109 |0.0000 |-0.0005 |0.0394 |
176.911 | 0.000 | 0.000 | -0.041 | 0.0468 |-0.0110 |0.0000 |-0.0005 |0.0398 |
177.302 | 0.000 | 0.000 | -0.042 | 0.0472 |-0.0111 |0.0000 |-0.0005 |0.0401 |
177.691 | 0.000 | 0.000 | -0.042 | 0.0476 |-0.0112 |0.0000 |-0.0005 |0.0405 |
178.078 | 0.000 | 0.000 | -0.043 | 0.0480 |-0.0113 |0.0000 |-0.0005 |0.0409 |
178.463 | 0.000 | 0.000 | -0.043 | 0.0484 |-0.0114 |0.0000 |-0.0005 |0.0412 |
178.845 | 0.000 | 0.000 | -0.044 | 0.0488 |-0.0115 |0.0000 |-0.0005 |0.0416 |
179.226 | 0.000 | 0.000 | -0.044 | 0.0492 |-0.0116 |0.0000 |-0.0005 |0.0419 |
179.604 | 0.000 | 0.000 | -0.044 | 0.0496 |-0.0117 |0.0000 |-0.0005 |0.0423 |
179.980 | 0.000 | 0.000 | -0.045 | 0.0500 |-0.0117 |0.0000 |-0.0005 |0.0426 |
180.354 | 0.000 | 0.000 | -0.045 | 0.0504 |-0.0118 |0.0000 |-0.0005 |0.0430 |
180.727 | 0.000 | 0.000 | -0.046 | 0.0508 |-0.0119 |0.0000 |-0.0005 |0.0434 |
181.097 | 0.000 | 0.000 | -0.046 | 0.0512 |-0.0120 |0.0000 |-0.0005 |0.0437 |
181.465 | 0.000 | 0.000 | -0.047 | 0.0516 |-0.0121 |0.0000 |-0.0005 |0.0441 |
181.832 | 0.000 | 0.000 | -0.047 | 0.0520 |-0.0122 |0.0000 |-0.0005 |0.0444 |
182.197 | 0.000 | 0.000 | -0.048 | 0.0524 |-0.0123 |0.0000 |-0.0005 |0.0448 |
182.559 | 0.000 | 0.000 | -0.048 | 0.0528 |-0.0124 |0.0000 |-0.0005 |0.0451 |
182.920 | 0.000 | 0.000 | -0.049 | 0.0532 |-0.0125 |0.0000 |-0.0006 |0.0455 |
183.279 | 0.000 | 0.000 | -0.049 | 0.0536 |-0.0126 |0.0000 |-0.0006 |0.0458 |
183.636 | 0.000 | 0.000 | -0.050 | 0.0540 |-0.0127 |0.0000 |-0.0006 |0.0462 |
183.992 | 0.000 | 0.000 | -0.050 | 0.0544 |-0.0128 |0.0000 |-0.0006 |0.0466 |
184.345 | 0.000 | 0.000 | -0.051 | 0.0548 |-0.0129 |0.0000 |-0.0006 |0.0469 |
184.697 | 0.000 | 0.000 | -0.051 | 0.0552 |-0.0129 |0.0000 |-0.0006 |0.0473 |
185.048 | 0.000 | 0.000 | -0.052 | 0.0556 |-0.0130 |0.0000 |-0.0006 |0.0476 |
185.396 | 0.000 | 0.000 | -0.052 | 0.0560 |-0.0131 |0.0000 |-0.0006 |0.0480 |
185.743 | 0.000 | 0.000 | -0.053 | 0.0564 |-0.0132 |0.0000 |-0.0006 |0.0483 |
186.088 | 0.000 | 0.000 | -0.053 | 0.0568 |-0.0133 |0.0000 |-0.0006 |0.0487 |
186.431 | 0.000 | 0.000 | -0.053 | 0.0572 |-0.0134 |0.0000 |-0.0006 |0.0490 |
186.773 | 0.000 | 0.000 | -0.054 | 0.0576 |-0.0135 |0.0000 |-0.0006 |0.0494 |
187.113 | 0.000 | 0.000 | -0.054 | 0.0580 |-0.0136 |0.0000 |-0.0006 |0.0497 |
187.452 | 0.000 | 0.000 | -0.055 | 0.0584 |-0.0137 |0.0000 |-0.0006 |0.0501 |
187.789 | 0.000 | 0.000 | -0.055 | 0.0588 |-0.0138 |0.0000 |-0.0006 |0.0505 |
188.124 | 0.000 | 0.000 | -0.056 | 0.0592 |-0.0139 |0.0000 |-0.0006 |0.0508 |
188.458 | 0.000 | 0.000 | -0.056 | 0.0596 |-0.0140 |0.0000 |-0.0006 |0.0512 |
188.790 | 0.000 | 0.000 | -0.057 | 0.0600 |-0.0141 |0.0000 |-0.0006 |0.0515 |
189.121 | 0.000 | 0.000 | -0.057 | 0.0604 |-0.0141 |0.0000 |-0.0006 |0.0519 |
189.451 | 0.000 | 0.000 | -0.058 | 0.0608 |-0.0142 |0.0000 |-0.0006 |0.0522 |
189.778 | 0.000 | 0.000 | -0.058 | 0.0612 |-0.0143 |0.0000 |-0.0006 |0.0526 |
190.105 | 0.000 | 0.000 | -0.059 | 0.0616 |-0.0144 |0.0000 |-0.0006 |0.0529 |
190.430 | 0.000 | 0.000 | -0.059 | 0.0620 |-0.0145 |0.0000 |-0.0006 |0.0533 |
190.753 | 0.000 | 0.000 | -0.060 | 0.0624 |-0.0146 |0.0000 |-0.0007 |0.0536 |
191.075 | 0.000 | 0.000 | -0.060 | 0.0628 |-0.0147 |0.0000 |-0.0007 |0.0540 |
191.396 | 0.000 | 0.000 | -0.061 | 0.0632 |-0.0148 |0.0000 |-0.0007 |0.0543 |
191.715 | 0.000 | 0.000 | -0.061 | 0.0636 |-0.0149 |0.0000 |-0.0007 |0.0547 |
192.033 | 0.000 | 0.000 | -0.062 | 0.0640 |-0.0150 |0.0000 |-0.0007 |0.0550 |
192.349 | 0.000 | 0.000 | -0.062 | 0.0644 |-0.0151 |0.0000 |-0.0007 |0.0554 |
192.664 | 0.000 | 0.000 | -0.063 | 0.0648 |-0.0152 |0.0000 |-0.0007 |0.0558 |
192.978 | 0.000 | 0.000 | -0.063 | 0.0652 |-0.0152 |0.0000 |-0.0007 |0.0561 |
193.291 | 0.000 | 0.000 | -0.064 | 0.0656 |-0.0153 |0.0000 |-0.0007 |0.0565 |
193.602 | 0.000 | 0.000 | -0.064 | 0.0660 |-0.0154 |0.0000 |-0.0007 |0.0568 |
193.911 | 0.000 | 0.000 | -0.065 | 0.0664 |-0.0155 |0.0000 |-0.0007 |0.0572 |
194.220 | 0.000 | 0.000 | -0.065 | 0.0668 |-0.0156 |0.0000 |-0.0007 |0.0575 |
194.527 | 0.000 | 0.000 | -0.066 | 0.0672 |-0.0157 |0.0000 |-0.0007 |0.0579 |
194.833 | 0.000 | 0.000 | -0.066 | 0.0676 |-0.0158 |0.0000 |-0.0007 |0.0582 |
195.138 | 0.000 | 0.000 | -0.067 | 0.0680 |-0.0159 |0.0000 |-0.0007 |0.0586 |
195.442 | 0.000 | 0.000 | -0.067 | 0.0683 |-0.0160 |0.0000 |-0.0007 |0.0589 |
195.744 | 0.000 | 0.000 | -0.068 | 0.0687 |-0.0161 |0.0000 |-0.0007 |0.0593 |
196.045 | 0.000 | 0.000 | -0.068 | 0.0691 |-0.0162 |0.0000 |-0.0007 |0.0596 |
196.345 | 0.000 | 0.000 | -0.069 | 0.0695 |-0.0163 |0.0000 |-0.0007 |0.0600 |
196.643 | 0.000 | 0.000 | -0.069 | 0.0699 |-0.0163 |0.0000 |-0.0007 |0.0603 |
196.941 | 0.000 | 0.000 | -0.070 | 0.0703 |-0.0164 |0.0000 |-0.0007 |0.0607 |
197.237 | 0.000 | 0.000 | -0.070 | 0.0707 |-0.0165 |0.0000 |-0.0007 |0.0610 |
197.532 | 0.000 | 0.000 | -0.071 | 0.0711 |-0.0166 |0.0000 |-0.0007 |0.0614 |
197.826 | 0.000 | 0.000 | -0.071 | 0.0715 |-0.0167 |0.0000 |-0.0008 |0.0617 |
198.119 | 0.000 | 0.000 | -0.072 | 0.0719 |-0.0168 |0.0000 |-0.0008 |0.0621 |
198.411 | 0.000 | 0.000 | -0.072 | 0.0723 |-0.0169 |0.0000 |-0.0008 |0.0624 |
198.701 | 0.000 | 0.000 | -0.073 | 0.0727 |-0.0170 |0.0000 |-0.0008 |0.0628 |
198.991 | 0.000 | 0.000 | -0.073 | 0.0731 |-0.0171 |0.0000 |-0.0008 |0.0631 |
199.279 | 0.000 | 0.000 | -0.074 | 0.0735 |-0.0172 |0.0000 |-0.0008 |0.0635 |
199.566 | 0.000 | 0.000 | -0.074 | 0.0739 |-0.0173 |0.0000 |-0.0008 |0.0638 |
199.852 | 0.000 | 0.000 | -0.075 | 0.0743 |-0.0173 |0.0000 |-0.0008 |0.0642 |
200.137 | 0.000 | 0.000 | -0.075 | 0.0747 |-0.0174 |0.0000 |-0.0008 |0.0645 |
200.421 | 0.000 | 0.000 | -0.076 | 0.0751 |-0.0175 |0.0000 |-0.0008 |0.0649 |
200.704 | 0.000 | 0.000 | -0.076 | 0.0755 |-0.0176 |0.0000 |-0.0008 |0.0652 |
200.986 | 0.000 | 0.000 | -0.077 | 0.0758 |-0.0177 |0.0000 |-0.0008 |0.0656 |
201.267 | 0.000 | 0.000 | -0.077 | 0.0762 |-0.0178 |0.0000 |-0.0008 |0.0659 |
201.547 | 0.000 | 0.000 | -0.078 | 0.0766 |-0.0179 |0.0000 |-0.0008 |0.0663 |
201.825 | 0.000 | 0.000 | -0.078 | 0.0770 |-0.0180 |0.0000 |-0.0008 |0.0666 |
202.103 | 0.000 | 0.000 | -0.079 | 0.0774 |-0.0181 |0.0000 |-0.0008 |0.0670 |
202.380 | 0.000 | 0.000 | -0.079 | 0.0778 |-0.0182 |0.0000 |-0.0008 |0.0673 |
202.656 | 0.000 | 0.000 | -0.080 | 0.0782 |-0.0183 |0.0000 |-0.0008 |0.0677 |
202.930 | 0.000 | 0.000 | -0.080 | 0.0786 |-0.0183 |0.0000 |-0.0008 |0.0680 |
203.204 | 0.000 | 0.000 | -0.081 | 0.0790 |-0.0184 |0.0000 |-0.0008 |0.0684 |
203.477 | 0.000 | 0.000 | -0.081 | 0.0794 |-0.0185 |0.0000 |-0.0008 |0.0687 |
203.749 | 0.000 | 0.000 | -0.082 | 0.0798 |-0.0186 |0.0000 |-0.0008 |0.0691 |
204.020 | 0.000 | 0.000 | -0.083 | 0.0802 |-0.0187 |0.0000 |-0.0008 |0.0694 |
204.290 | 0.000 | 0.000 | -0.083 | 0.0806 |-0.0188 |0.0000 |-0.0009 |0.0698 |
204.559 | 0.000 | 0.000 | -0.084 | 0.0810 |-0.0189 |0.0000 |-0.0009 |0.0701 |
204.827 | 0.000 | 0.000 | -0.084 | 0.0813 |-0.0190 |0.0000 |-0.0009 |0.0705 |
205.094 | 0.000 | 0.000 | -0.085 | 0.0817 |-0.0191 |0.0000 |-0.0009 |0.0708 |
205.360 | 0.000 | 0.000 | -0.085 | 0.0821 |-0.0192 |0.0000 |-0.0009 |0.0712 |
205.625 | 0.000 | 0.000 | -0.086 | 0.0825 |-0.0192 |0.0000 |-0.0009 |0.0715 |
205.890 | 0.000 | 0.000 | -0.086 | 0.0829 |-0.0193 |0.0000 |-0.0009 |0.0719 |
206.153 | 0.000 | 0.000 | -0.087 | 0.0833 |-0.0194 |0.0000 |-0.0009 |0.0722 |
206.416 | 0.000 | 0.000 | -0.087 | 0.0837 |-0.0195 |0.0000 |-0.0009 |0.0726 |
206.677 | 0.000 | 0.000 | -0.088 | 0.0841 |-0.0196 |0.0000 |-0.0009 |0.0729 |
206.938 | 0.000 | 0.000 | -0.088 | 0.0845 |-0.0197 |0.0000 |-0.0009 |0.0733 |
207.198 | 0.000 | 0.000 | -0.089 | 0.0849 |-0.0198 |0.0000 |-0.0009 |0.0736 |
207.457 | 0.000 | 0.000 | -0.089 | 0.0853 |-0.0199 |0.0000 |-0.0009 |0.0740 |
207.715 | 0.000 | 0.000 | -0.090 | 0.0856 |-0.0200 |0.0000 |-0.0009 |0.0743 |
207.973 | 0.000 | 0.000 | -0.090 | 0.0860 |-0.0201 |0.0000 |-0.0009 |0.0747 |
208.229 | 0.000 | 0.000 | -0.091 | 0.0864 |-0.0201 |0.0000 |-0.0009 |0.0750 |
208.485 | 0.000 | 0.000 | -0.091 | 0.0868 |-0.0202 |0.0000 |-0.0009 |0.0754 |
208.740 | 0.000 | 0.000 | -0.092 | 0.0872 |-0.0203 |0.0000 |-0.0009 |0.0757 |
208.994 | 0.000 | 0.000 | -0.092 | 0.0876 |-0.0204 |0.0000 |-0.0009 |0.0761 |
209.247 | 0.000 | 0.000 | -0.093 | 0.0880 |-0.0205 |0.0000 |-0.0009 |0.0764 |
209.500 | 0.000 | 0.000 | -0.094 | 0.0884 |-0.0206 |0.0000 |-0.0009 |0.0767 |
209.751 | 0.000 | 0.000 | -0.094 | 0.0888 |-0.0207 |0.0000 |-0.0009 |0.0771 |
210.002 | 0.000 | 0.000 | -0.095 | 0.0892 |-0.0208 |0.0000 |-0.0010 |0.0774 |
210.252 | 0.000 | 0.000 | -0.095 | 0.0895 |-0.0209 |0.0000 |-0.0010 |0.0778 |
210.501 | 0.000 | 0.000 | -0.096 | 0.0899 |-0.0210 |0.0000 |-0.0010 |0.0781 |
210.749 | 0.000 | 0.000 | -0.096 | 0.0903 |-0.0210 |0.0000 |-0.0010 |0.0785 |
210.997 | 0.000 | 0.000 | -0.097 | 0.0907 |-0.0211 |0.0000 |-0.0010 |0.0788 |
211.244 | 0.000 | 0.000 | -0.097 | 0.0911 |-0.0212 |0.0000 |-0.0010 |0.0792 |
211.490 | 0.000 | 0.000 | -0.098 | 0.0915 |-0.0213 |0.0000 |-0.0010 |0.0795 |
211.735 | 0.000 | 0.000 | -0.098 | 0.0919 |-0.0214 |0.0000 |-0.0010 |0.0799 |
211.980 | 0.000 | 0.000 | -0.099 | 0.0923 |-0.0215 |0.0000 |-0.0010 |0.0802 |
212.224 | 0.000 | 0.000 | -0.099 | 0.0927 |-0.0216 |0.0000 |-0.0010 |0.0806 |
212.467 | 0.000 | 0.000 | -0.100 | 0.0930 |-0.0217 |0.0000 |-0.0010 |0.0809 |
212.709 | 0.000 | 0.000 | -0.100 | 0.0934 |-0.0218 |0.0000 |-0.0010 |0.0813 |
212.950 | 0.000 | 0.000 | -0.101 | 0.0938 |-0.0219 |0.0000 |-0.0010 |0.0816 |
213.191 | 0.000 | 0.000 | -0.102 | 0.0942 |-0.0219 |0.0000 |-0.0010 |0.0819 |
213.431 | 0.000 | 0.000 | -0.102 | 0.0946 |-0.0220 |0.0000 |-0.0010 |0.0823 |
213.671 | 0.000 | 0.000 | -0.103 | 0.0950 |-0.0221 |0.0000 |-0.0010 |0.0826 |
213.909 | 0.000 | 0.000 | -0.103 | 0.0954 |-0.0222 |0.0000 |-0.0010 |0.0830 |
214.147 | 0.000 | 0.000 | -0.104 | 0.0958 |-0.0223 |0.0000 |-0.0010 |0.0833 |
214.385 | 0.000 | 0.000 | -0.104 | 0.0962 |-0.0224 |0.0000 |-0.0010 |0.0837 |
214.621 | 0.000 | 0.000 | -0.105 | 0.0965 |-0.0225 |0.0000 |-0.0010 |0.0840 |
214.857 | 0.000 | 0.000 | -0.105 | 0.0969 |-0.0226 |0.0000 |-0.0010 |0.0844 |
215.092 | 0.000 | 0.000 | -0.106 | 0.0973 |-0.0227 |0.0000 |-0.0010 |0.0847 |
215.326 | 0.000 | 0.000 | -0.106 | 0.0977 |-0.0227 |0.0000 |-0.0010 |0.0851 |
215.560 | 0.000 | 0.000 | -0.107 | 0.0981 |-0.0228 |0.0000 |-0.0011 |0.0854 |
215.793 | 0.000 | 0.000 | -0.107 | 0.0985 |-0.0229 |0.0000 |-0.0011 |0.0857 |
216.026 | 0.000 | 0.000 | -0.108 | 0.0989 |-0.0230 |0.0000 |-0.0011 |0.0861 |
216.257 | 0.000 | 0.000 | -0.109 | 0.0992 |-0.0231 |0.0000 |-0.0011 |0.0864 |
216.488 | 0.000 | 0.000 | -0.109 | 0.0996 |-0.0232 |0.0000 |-0.0011 |0.0868 |
216.719 | 0.000 | 0.000 | -0.110 | 0.1000 |-0.0233 |0.0000 |-0.0011 |0.0871 |
216.948 | 0.000 | 0.000 | -0.110 | 0.1004 |-0.0234 |0.0000 |-0.0011 |0.0875 |
217.178 | 0.000 | 0.000 | -0.111 | 0.1008 |-0.0235 |0.0000 |-0.0011 |0.0878 |
217.406 | 0.000 | 0.000 | -0.111 | 0.1012 |-0.0236 |0.0000 |-0.0011 |0.0882 |
217.634 | 0.000 | 0.000 | -0.112 | 0.1016 |-0.0236 |0.0000 |-0.0011 |0.0885 |
217.861 | 0.000 | 0.000 | -0.112 | 0.1020 |-0.0237 |0.0000 |-0.0011 |0.0888 |
218.087 | 0.000 | 0.000 | -0.113 | 0.1023 |-0.0238 |0.0000 |-0.0011 |0.0892 |
218.313 | 0.000 | 0.000 | -0.113 | 0.1027 |-0.0239 |0.0000 |-0.0011 |0.0895 |
218.538 | 0.000 | 0.000 | -0.114 | 0.1031 |-0.0240 |0.0000 |-0.0011 |0.0899 |
218.763 | 0.000 | 0.000 | -0.115 | 0.1035 |-0.0241 |0.0000 |-0.0011 |0.0902 |
218.987 | 0.000 | 0.000 | -0.115 | 0.1039 |-0.0242 |0.0000 |-0.0011 |0.0906 |
219.210 | 0.000 | 0.000 | -0.116 | 0.1043 |-0.0243 |0.0000 |-0.0011 |0.0909 |
219.433 | 0.000 | 0.000 | -0.116 | 0.1046 |-0.0244 |0.0000 |-0.0011 |0.0912 |
219.655 | 0.000 | 0.000 | -0.117 | 0.1050 |-0.0244 |0.0000 |-0.0011 |0.0916 |
219.877 | 0.000 | 0.000 | -0.117 | 0.1054 |-0.0245 |0.0000 |-0.0011 |0.0919 |
220.098 | 0.000 | 0.000 | -0.118 | 0.1058 |-0.0246 |0.0000 |-0.0011 |0.0923 |
220.318 | 0.000 | 0.000 | -0.118 | 0.1062 |-0.0247 |0.0000 |-0.0011 |0.0926 |
220.538 | 0.000 | 0.000 | -0.119 | 0.1066 |-0.0248 |0.0000 |-0.0012 |0.0930 |
220.757 | 0.000 | 0.000 | -0.119 | 0.1070 |-0.0249 |0.0000 |-0.0012 |0.0933 |
220.975 | 0.000 | 0.000 | -0.120 | 0.1073 |-0.0250 |0.0000 |-0.0012 |0.0936 |
221.193 | 0.000 | 0.000 | -0.121 | 0.1077 |-0.0251 |0.0000 |-0.0012 |0.0940 |
221.411 | 0.000 | 0.000 | -0.121 | 0.1081 |-0.0251 |0.0000 |-0.0012 |0.0943 |
221.627 | 0.000 | 0.000 | -0.122 | 0.1085 |-0.0252 |0.0000 |-0.0012 |0.0947 |
221.844 | 0.000 | 0.000 | -0.122 | 0.1089 |-0.0253 |0.0000 |-0.0012 |0.0950 |
222.059 | 0.000 | 0.000 | -0.123 | 0.1093 |-0.0254 |0.0000 |-0.0012 |0.0954 |
222.274 | 0.000 | 0.000 | -0.123 | 0.1096 |-0.0255 |0.0000 |-0.0012 |0.0957 |
222.489 | 0.000 | 0.000 | -0.124 | 0.1100 |-0.0256 |0.0000 |-0.0012 |0.0960 |
222.703 | 0.000 | 0.000 | -0.124 | 0.1104 |-0.0257 |0.0000 |-0.0012 |0.0964 |
222.916 | 0.000 | 0.000 | -0.125 | 0.1108 |-0.0258 |0.0000 |-0.0012 |0.0967 |
223.129 | 0.000 | 0.000 | -0.125 | 0.1112 |-0.0259 |0.0000 |-0.0012 |0.0971 |
223.341 | 0.000 | 0.000 | -0.126 | 0.1116 |-0.0259 |0.0000 |-0.0012 |0.0974 |
223.553 | 0.000 | 0.000 | -0.127 | 0.1119 |-0.0260 |0.0000 |-0.0012 |0.0978 |
223.764 | 0.000 | 0.000 | -0.127 | 0.1123 |-0.0261 |0.0000 |-0.0012 |0.0981 |
223.975 | 0.000 | 0.000 | -0.128 | 0.1127 |-0.0262 |0.0000 |-0.0012 |0.0984 |
224.185 | 0.000 | 0.000 | -0.128 | 0.1131 |-0.0263 |0.0000 |-0.0012 |0.0988 |
224.395 | 0.000 | 0.000 | -0.129 | 0.1135 |-0.0264 |0.0000 |-0.0012 |0.0991 |
224.604 | 0.000 | 0.000 | -0.129 | 0.1139 |-0.0265 |0.0000 |-0.0012 |0.0995 |
224.812 | 0.000 | 0.000 | -0.130 | 0.1142 |-0.0266 |0.0000 |-0.0012 |0.0998 |
225.020 | 0.000 | 0.000 | -0.130 | 0.1146 |-0.0267 |0.0000 |-0.0012 |0.1001 |
225.228 | 0.000 | 0.000 | -0.131 | 0.1150 |-0.0267 |0.0000 |-0.0012 |0.1005 |
225.435 | 0.000 | 0.000 | -0.132 | 0.1154 |-0.0268 |0.0000 |-0.0013 |0.1008 |
225.641 | 0.000 | 0.000 | -0.132 | 0.1158 |-0.0269 |0.0000 |-0.0013 |0.1012 |
225.847 | 0.000 | 0.000 | -0.133 | 0.1162 |-0.0270 |0.0000 |-0.0013 |0.1015 |
226.053 | 0.000 | 0.000 | -0.133 | 0.1165 |-0.0271 |0.0000 |-0.0013 |0.1018 |
226.257 | 0.000 | 0.000 | -0.134 | 0.1169 |-0.0272 |0.0000 |-0.0013 |0.1022 |
226.462 | 0.000 | 0.000 | -0.134 | 0.1173 |-0.0273 |0.0000 |-0.0013 |0.1025 |
226.666 | 0.000 | 0.000 | -0.135 | 0.1177 |-0.0274 |0.0000 |-0.0013 |0.1029 |
226.869 | 0.000 | 0.000 | -0.135 | 0.1181 |-0.0274 |0.0000 |-0.0013 |0.1032 |
227.072 | 0.000 | 0.000 | -0.136 | 0.1184 |-0.0275 |0.0000 |-0.0013 |0.1035 |
227.274 | 0.000 | 0.000 | -0.137 | 0.1188 |-0.0276 |0.0000 |-0.0013 |0.1039 |
227.476 | 0.000 | 0.000 | -0.137 | 0.1192 |-0.0277 |0.0000 |-0.0013 |0.1042 |
227.678 | 0.000 | 0.000 | -0.138 | 0.1196 |-0.0278 |0.0000 |-0.0013 |0.1046 |
227.879 | 0.000 | 0.000 | -0.138 | 0.1200 |-0.0279 |0.0000 |-0.0013 |0.1049 |
228.079 | 0.000 | 0.000 | -0.139 | 0.1204 |-0.0280 |0.0000 |-0.0013 |0.1052 |
228.279 | 0.000 | 0.000 | -0.139 | 0.1207 |-0.0281 |0.0000 |-0.0013 |0.1056 |
228.479 | 0.000 | 0.000 | -0.140 | 0.1211 |-0.0281 |0.0000 |-0.0013 |0.1059 |
228.678 | 0.000 | 0.000 | -0.141 | 0.1215 |-0.0282 |0.0000 |-0.0013 |0.1063 |
228.876 | 0.000 | 0.000 | -0.141 | 0.1219 |-0.0283 |0.0000 |-0.0013 |0.1066 |
229.074 | 0.000 | 0.000 | -0.142 | 0.1223 |-0.0284 |0.0000 |-0.0013 |0.1069 |
229.272 | 0.000 | 0.000 | -0.142 | 0.1226 |-0.0285 |0.0000 |-0.0013 |0.1073 |
229.469 | 0.000 | 0.000 | -0.143 | 0.1230 |-0.0286 |0.0000 |-0.0013 |0.1076 |
229.666 | 0.000 | 0.000 | -0.143 | 0.1234 |-0.0287 |0.0000 |-0.0013 |0.1080 |
229.862 | 0.000 | 0.000 | -0.144 | 0.1238 |-0.0288 |0.0000 |-0.0014 |0.1083 |
230.057 | 0.000 | 0.000 | -0.144 | 0.1242 |-0.0288 |0.0000 |-0.0014 |0.1086 |
230.253 | 0.000 | 0.000 | -0.145 | 0.1245 |-0.0289 |0.0000 |-0.0014 |0.1090 |
230.448 | 0.000 | 0.000 | -0.146 | 0.1249 |-0.0290 |0.0000 |-0.0014 |0.1093 |
230.642 | 0.000 | 0.000 | -0.146 | 0.1253 |-0.0291 |0.0000 |-0.0014 |0.1097 |
230.836 | 0.000 | 0.000 | -0.147 | 0.1257 |-0.0292 |0.0000 |-0.0014 |0.1100 |
231.029 | 0.000 | 0.000 | -0.147 | 0.1261 |-0.0293 |0.0000 |-0.0014 |0.1103 |
231.222 | 0.000 | 0.000 | -0.148 | 0.1264 |-0.0294 |0.0000 |-0.0014 |0.1107 |
231.415 | 0.000 | 0.000 | -0.148 | 0.1268 |-0.0295 |0.0000 |-0.0014 |0.1110 |
231.607 | 0.000 | 0.000 | -0.149 | 0.1272 |-0.0295 |0.0000 |-0.0014 |0.1113 |
231.799 | 0.000 | 0.000 | -0.150 | 0.1276 |-0.0296 |0.0000 |-0.0014 |0.1117 |
231.990 | 0.000 | 0.000 | -0.150 | 0.1279 |-0.0297 |0.0000 |-0.0014 |0.1120 |
232.181 | 0.000 | 0.000 | -0.151 | 0.1283 |-0.0298 |0.0000 |-0.0014 |0.1124 |
232.371 | 0.000 | 0.000 | -0.151 | 0.1287 |-0.0299 |0.0000 |-0.0014 |0.1127 |
232.561 | 0.000 | 0.000 | -0.152 | 0.1291 |-0.0300 |0.0000 |-0.0014 |0.1130 |
232.751 | 0.000 | 0.000 | -0.152 | 0.1295 |-0.0301 |0.0000 |-0.0014 |0.1134 |
232.940 | 0.000 | 0.000 | -0.153 | 0.1298 |-0.0302 |0.0000 |-0.0014 |0.1137 |
233.129 | 0.000 | 0.000 | -0.154 | 0.1302 |-0.0302 |0.0000 |-0.0014 |0.1141 |
233.317 | 0.000 | 0.000 | -0.154 | 0.1306 |-0.0303 |0.0000 |-0.0014 |0.1144 |
233.505 | 0.000 | 0.000 | -0.155 | 0.1310 |-0.0304 |0.0000 |-0.0014 |0.1147 |
233.692 | 0.000 | 0.000 | -0.155 | 0.1314 |-0.0305 |0.0000 |-0.0014 |0.1151 |
233.879 | 0.000 | 0.000 | -0.156 | 0.1317 |-0.0306 |0.0000 |-0.0014 |0.1154 |
234.066 | 0.000 | 0.000 | -0.156 | 0.1321 |-0.0307 |0.0000 |-0.0014 |0.1157 |
234.162 | 0.000 | 0.000 | -0.157 | 0.1323 |-0.0307 |0.0000 |-0.0015 |0.1159 |
