Test angle: 15
Node_A_151 coordinates: initialX | initialY | initialZ 
75.0000 | 0.0000 | 0.0000 | 
Node_B_1051 coordinates: initialX | initialY | initialZ 
-75.0000 | 0.0000 | 0.0000 | 
Node_C_606 coordinates: initialX | initialY | initialZ 
0.0000 | 5.0000 | 0.0000 | 
Node_D_1256 coordinates: initialX | initialY | initialZ 
0.0000 | -5.0000 | 0.0000 | 
  UA1  |  UA2  |  UA3 | UB1 | UB2 | UB3 | UC1 | UC2 | UC3 | UD1 | UD2 | UD3 
0.0000 | 0.0000 | 0.0000 | 0.0000 | 0.0000 | 0.0000 | 0.0000 | 0.0000 | 0.0000 | 0.0000 | 0.0000 | 0.0000 | 
0.0014 | -0.0000 | 0.0000 | 0.0004 | -0.0000 | 0.0000 | 0.0009 | -0.0000 | 0.0000 | 0.0009 | -0.0000 | 0.0000 | 
0.0029 | -0.0000 | -0.0000 | 0.0007 | -0.0000 | -0.0000 | 0.0018 | -0.0001 | -0.0000 | 0.0018 | -0.0000 | -0.0000 | 
0.0051 | -0.0001 | 0.0000 | 0.0013 | -0.0001 | 0.0000 | 0.0032 | -0.0001 | 0.0000 | 0.0032 | -0.0000 | 0.0000 | 
0.0083 | -0.0001 | -0.0000 | 0.0021 | -0.0001 | -0.0000 | 0.0052 | -0.0002 | -0.0000 | 0.0052 | -0.0000 | -0.0000 | 
0.0132 | -0.0001 | 0.0000 | 0.0033 | -0.0001 | 0.0000 | 0.0083 | -0.0002 | 0.0000 | 0.0083 | -0.0000 | 0.0000 | 
0.0205 | -0.0002 | -0.0000 | 0.0052 | -0.0002 | -0.0000 | 0.0128 | -0.0004 | -0.0000 | 0.0128 | -0.0000 | -0.0000 | 
0.0314 | -0.0003 | 0.0000 | 0.0080 | -0.0003 | 0.0000 | 0.0197 | -0.0006 | 0.0000 | 0.0197 | -0.0001 | 0.0000 | 
0.0479 | -0.0005 | -0.0000 | 0.0122 | -0.0005 | -0.0000 | 0.0300 | -0.0009 | -0.0000 | 0.0300 | -0.0001 | -0.0000 | 
0.0726 | -0.0008 | 0.0000 | 0.0184 | -0.0008 | 0.0000 | 0.0455 | -0.0014 | 0.0000 | 0.0455 | -0.0002 | 0.0000 | 
0.1096 | -0.0012 | -0.0000 | 0.0278 | -0.0012 | -0.0000 | 0.0687 | -0.0021 | -0.0000 | 0.0687 | -0.0003 | -0.0000 | 
0.1651 | -0.0018 | 0.0000 | 0.0419 | -0.0018 | 0.0000 | 0.1035 | -0.0031 | 0.0000 | 0.1035 | -0.0004 | 0.0000 | 
0.2373 | -0.0025 | -0.0000 | 0.0602 | -0.0025 | -0.0000 | 0.1487 | -0.0045 | -0.0000 | 0.1487 | -0.0006 | -0.0000 | 
0.3094 | -0.0024 | -0.0000 | 0.0786 | -0.0042 | 0.0000 | 0.1939 | -0.0058 | 0.0000 | 0.1941 | -0.0007 | -0.0000 | 
0.3292 | -0.0022 | 0.0000 | 0.0814 | -0.0044 | 0.0000 | 0.2051 | -0.0060 | 0.0000 | 0.2056 | -0.0006 | -0.0000 | 
0.3489 | -0.0018 | -0.0000 | 0.0844 | -0.0049 | 0.0000 | 0.2162 | -0.0062 | 0.0000 | 0.2170 | -0.0005 | -0.0000 | 
0.3686 | -0.0014 | 0.0000 | 0.0873 | -0.0053 | -0.0000 | 0.2274 | -0.0063 | 0.0000 | 0.2285 | -0.0003 | -0.0000 | 
0.3980 | -0.0008 | 0.0000 | 0.0919 | -0.0059 | -0.0000 | 0.2441 | -0.0066 | 0.0000 | 0.2457 | -0.0001 | -0.0000 | 
0.4420 | 0.0002 | 0.0000 | 0.0988 | -0.0069 | -0.0000 | 0.2692 | -0.0070 | 0.0000 | 0.2716 | 0.0002 | -0.0000 | 
0.5078 | 0.0016 | 0.0000 | 0.1093 | -0.0084 | -0.0000 | 0.3068 | -0.0075 | 0.0000 | 0.3103 | 0.0007 | -0.0000 | 
0.5857 | 0.0032 | -0.0000 | 0.1219 | -0.0101 | 0.0000 | 0.3514 | -0.0081 | 0.0000 | 0.3562 | 0.0012 | -0.0000 | 
0.6635 | 0.0048 | -0.0000 | 0.1347 | -0.0119 | -0.0000 | 0.3961 | -0.0088 | 0.0000 | 0.4021 | 0.0017 | -0.0000 | 
0.7411 | 0.0064 | -0.0000 | 0.1476 | -0.0135 | -0.0000 | 0.4407 | -0.0094 | 0.0000 | 0.4480 | 0.0023 | -0.0000 | 
0.8187 | 0.0079 | -0.0000 | 0.1605 | -0.0152 | -0.0000 | 0.4853 | -0.0101 | 0.0000 | 0.4938 | 0.0028 | -0.0000 | 
0.8961 | 0.0094 | 0.0000 | 0.1736 | -0.0167 | -0.0000 | 0.5300 | -0.0107 | 0.0000 | 0.5397 | 0.0034 | -0.0000 | 
0.9735 | 0.0109 | -0.0000 | 0.1867 | -0.0183 | -0.0000 | 0.5746 | -0.0113 | 0.0000 | 0.5856 | 0.0040 | -0.0000 | 
1.0509 | 0.0122 | 0.0000 | 0.1998 | -0.0198 | 0.0000 | 0.6193 | -0.0120 | 0.0000 | 0.6314 | 0.0044 | -0.0000 | 
1.1282 | 0.0137 | -0.0000 | 0.2130 | -0.0212 | -0.0000 | 0.6639 | -0.0126 | 0.0000 | 0.6773 | 0.0051 | -0.0000 | 
1.2055 | 0.0150 | 0.0000 | 0.2263 | -0.0226 | -0.0000 | 0.7086 | -0.0131 | 0.0000 | 0.7232 | 0.0056 | -0.0000 | 
1.2827 | 0.0163 | -0.0000 | 0.2396 | -0.0240 | -0.0000 | 0.7533 | -0.0139 | 0.0000 | 0.7690 | 0.0061 | -0.0000 | 
1.3599 | 0.0175 | 0.0000 | 0.2529 | -0.0254 | -0.0000 | 0.7979 | -0.0145 | 0.0000 | 0.8148 | 0.0066 | -0.0000 | 
1.4371 | 0.0189 | 0.0000 | 0.2662 | -0.0266 | 0.0000 | 0.8426 | -0.0150 | 0.0000 | 0.8607 | 0.0073 | -0.0000 | 
1.5142 | 0.0201 | -0.0000 | 0.2796 | -0.0279 | -0.0000 | 0.8873 | -0.0156 | 0.0000 | 0.9065 | 0.0078 | -0.0000 | 
1.5913 | 0.0212 | 0.0000 | 0.2930 | -0.0292 | -0.0000 | 0.9320 | -0.0163 | 0.0000 | 0.9524 | 0.0083 | -0.0000 | 
1.6684 | 0.0223 | -0.0000 | 0.3064 | -0.0305 | -0.0000 | 0.9766 | -0.0169 | 0.0000 | 0.9982 | 0.0088 | -0.0000 | 
1.7455 | 0.0235 | -0.0000 | 0.3199 | -0.0316 | -0.0000 | 1.0213 | -0.0175 | 0.0000 | 1.0440 | 0.0094 | -0.0000 | 
1.8225 | 0.0247 | 0.0000 | 0.3333 | -0.0327 | -0.0000 | 1.0660 | -0.0180 | 0.0000 | 1.0898 | 0.0100 | -0.0000 | 
1.8996 | 0.0258 | 0.0000 | 0.3468 | -0.0338 | 0.0000 | 1.1107 | -0.0186 | 0.0000 | 1.1357 | 0.0106 | -0.0000 | 
1.9766 | 0.0268 | -0.0000 | 0.3603 | -0.0350 | -0.0000 | 1.1554 | -0.0193 | 0.0000 | 1.1815 | 0.0110 | -0.0000 | 
2.0536 | 0.0278 | -0.0000 | 0.3738 | -0.0362 | 0.0000 | 1.2001 | -0.0200 | 0.0000 | 1.2273 | 0.0115 | -0.0000 | 
2.1306 | 0.0288 | -0.0000 | 0.3873 | -0.0372 | 0.0000 | 1.2448 | -0.0205 | 0.0000 | 1.2731 | 0.0121 | -0.0000 | 
2.2076 | 0.0299 | 0.0000 | 0.4009 | -0.0382 | 0.0000 | 1.2895 | -0.0211 | 0.0000 | 1.3190 | 0.0127 | -0.0000 | 
2.2845 | 0.0309 | -0.0000 | 0.4144 | -0.0392 | 0.0000 | 1.3342 | -0.0216 | 0.0000 | 1.3648 | 0.0133 | -0.0000 | 
2.3615 | 0.0318 | -0.0000 | 0.4280 | -0.0403 | 0.0000 | 1.3789 | -0.0223 | 0.0000 | 1.4106 | 0.0138 | -0.0000 | 
2.4384 | 0.0327 | -0.0000 | 0.4415 | -0.0413 | 0.0000 | 1.4236 | -0.0229 | 0.0000 | 1.4564 | 0.0143 | -0.0000 | 
2.5154 | 0.0336 | -0.0000 | 0.4551 | -0.0423 | 0.0000 | 1.4683 | -0.0235 | 0.0000 | 1.5022 | 0.0149 | -0.0000 | 
2.5923 | 0.0345 | -0.0000 | 0.4687 | -0.0433 | 0.0000 | 1.5130 | -0.0241 | 0.0000 | 1.5480 | 0.0154 | -0.0000 | 
2.6692 | 0.0354 | -0.0000 | 0.4823 | -0.0442 | -0.0000 | 1.5577 | -0.0247 | 0.0000 | 1.5938 | 0.0159 | -0.0000 | 
2.7462 | 0.0363 | -0.0000 | 0.4959 | -0.0451 | 0.0000 | 1.6024 | -0.0253 | 0.0000 | 1.6397 | 0.0165 | -0.0000 | 
2.8231 | 0.0372 | -0.0000 | 0.5095 | -0.0460 | 0.0000 | 1.6471 | -0.0258 | 0.0000 | 1.6855 | 0.0171 | -0.0000 | 
2.9000 | 0.0381 | -0.0000 | 0.5231 | -0.0469 | 0.0000 | 1.6918 | -0.0264 | 0.0000 | 1.7313 | 0.0176 | -0.0000 | 
2.9769 | 0.0389 | -0.0000 | 0.5367 | -0.0478 | -0.0000 | 1.7365 | -0.0270 | 0.0000 | 1.7770 | 0.0182 | -0.0000 | 
3.0537 | 0.0397 | 0.0000 | 0.5503 | -0.0487 | 0.0000 | 1.7812 | -0.0276 | 0.0000 | 1.8228 | 0.0187 | -0.0000 | 
3.1306 | 0.0405 | 0.0000 | 0.5639 | -0.0495 | -0.0000 | 1.8259 | -0.0282 | 0.0000 | 1.8686 | 0.0192 | -0.0000 | 
3.2075 | 0.0413 | -0.0000 | 0.5776 | -0.0504 | -0.0000 | 1.8706 | -0.0288 | 0.0000 | 1.9145 | 0.0198 | -0.0000 | 
3.2844 | 0.0421 | 0.0000 | 0.5912 | -0.0512 | 0.0000 | 1.9154 | -0.0294 | 0.0000 | 1.9603 | 0.0203 | -0.0000 | 
3.3613 | 0.0429 | 0.0000 | 0.6049 | -0.0520 | 0.0000 | 1.9601 | -0.0300 | 0.0000 | 2.0061 | 0.0209 | -0.0000 | 
3.4382 | 0.0436 | -0.0000 | 0.6185 | -0.0528 | 0.0000 | 2.0048 | -0.0306 | 0.0000 | 2.0519 | 0.0214 | -0.0000 | 
3.5150 | 0.0444 | 0.0000 | 0.6322 | -0.0536 | 0.0000 | 2.0495 | -0.0312 | 0.0000 | 2.0977 | 0.0220 | -0.0000 | 
3.5919 | 0.0452 | 0.0000 | 0.6458 | -0.0544 | 0.0000 | 2.0942 | -0.0317 | 0.0000 | 2.1435 | 0.0225 | -0.0000 | 
3.6687 | 0.0459 | 0.0000 | 0.6595 | -0.0552 | 0.0000 | 2.1389 | -0.0323 | 0.0000 | 2.1893 | 0.0231 | -0.0000 | 
3.7456 | 0.0466 | 0.0000 | 0.6731 | -0.0559 | 0.0000 | 2.1837 | -0.0329 | 0.0000 | 2.2350 | 0.0236 | -0.0000 | 
3.8224 | 0.0473 | 0.0000 | 0.6868 | -0.0567 | 0.0000 | 2.2284 | -0.0335 | 0.0000 | 2.2808 | 0.0241 | -0.0000 | 
3.8993 | 0.0480 | 0.0000 | 0.7004 | -0.0574 | 0.0000 | 2.2731 | -0.0341 | 0.0000 | 2.3266 | 0.0247 | -0.0000 | 
3.9761 | 0.0487 | 0.0000 | 0.7141 | -0.0581 | 0.0000 | 2.3178 | -0.0347 | 0.0000 | 2.3724 | 0.0252 | -0.0000 | 
4.0530 | 0.0494 | 0.0000 | 0.7278 | -0.0589 | 0.0000 | 2.3625 | -0.0353 | 0.0000 | 2.4182 | 0.0258 | -0.0000 | 
4.1299 | 0.0501 | 0.0000 | 0.7414 | -0.0596 | 0.0000 | 2.4073 | -0.0358 | 0.0000 | 2.4640 | 0.0263 | -0.0000 | 
4.2067 | 0.0507 | 0.0000 | 0.7551 | -0.0603 | 0.0000 | 2.4520 | -0.0364 | 0.0000 | 2.5098 | 0.0268 | -0.0000 | 
4.2836 | 0.0514 | 0.0000 | 0.7688 | -0.0610 | 0.0000 | 2.4967 | -0.0370 | 0.0000 | 2.5556 | 0.0274 | -0.0000 | 
4.3604 | 0.0520 | 0.0000 | 0.7825 | -0.0617 | 0.0000 | 2.5415 | -0.0376 | 0.0000 | 2.6014 | 0.0279 | -0.0000 | 
4.4372 | 0.0527 | 0.0000 | 0.7961 | -0.0624 | 0.0000 | 2.5862 | -0.0382 | 0.0000 | 2.6472 | 0.0285 | -0.0000 | 
4.5141 | 0.0533 | 0.0000 | 0.8098 | -0.0630 | 0.0000 | 2.6309 | -0.0387 | 0.0000 | 2.6930 | 0.0290 | -0.0000 | 
4.5909 | 0.0539 | 0.0000 | 0.8235 | -0.0637 | 0.0000 | 2.6756 | -0.0393 | 0.0000 | 2.7388 | 0.0296 | -0.0000 | 
4.6677 | 0.0546 | 0.0000 | 0.8371 | -0.0643 | 0.0000 | 2.7203 | -0.0399 | 0.0000 | 2.7846 | 0.0301 | -0.0000 | 
4.7446 | 0.0552 | 0.0000 | 0.8508 | -0.0650 | 0.0000 | 2.7650 | -0.0405 | 0.0000 | 2.8303 | 0.0307 | -0.0000 | 
4.8214 | 0.0558 | 0.0000 | 0.8645 | -0.0656 | 0.0000 | 2.8098 | -0.0410 | 0.0000 | 2.8761 | 0.0312 | -0.0000 | 
4.8983 | 0.0564 | 0.0000 | 0.8781 | -0.0662 | 0.0000 | 2.8545 | -0.0416 | 0.0000 | 2.9219 | 0.0318 | -0.0000 | 
4.9751 | 0.0570 | 0.0000 | 0.8918 | -0.0669 | 0.0000 | 2.8992 | -0.0422 | 0.0000 | 2.9677 | 0.0323 | -0.0000 | 
5.0520 | 0.0576 | 0.0000 | 0.9055 | -0.0675 | 0.0000 | 2.9439 | -0.0427 | 0.0000 | 3.0135 | 0.0328 | -0.0000 | 
5.1288 | 0.0581 | 0.0000 | 0.9192 | -0.0681 | 0.0000 | 2.9887 | -0.0433 | 0.0000 | 3.0593 | 0.0334 | -0.0000 | 
5.2057 | 0.0587 | 0.0000 | 0.9329 | -0.0687 | 0.0000 | 3.0334 | -0.0439 | 0.0000 | 3.1051 | 0.0339 | -0.0000 | 
5.2825 | 0.0592 | 0.0000 | 0.9465 | -0.0693 | 0.0000 | 3.0782 | -0.0445 | 0.0000 | 3.1509 | 0.0344 | -0.0000 | 
5.3594 | 0.0598 | 0.0000 | 0.9602 | -0.0699 | 0.0000 | 3.1229 | -0.0451 | 0.0000 | 3.1967 | 0.0350 | -0.0000 | 
5.4362 | 0.0604 | 0.0000 | 0.9739 | -0.0705 | 0.0000 | 3.1676 | -0.0456 | 0.0000 | 3.2425 | 0.0355 | -0.0000 | 
5.5130 | 0.0609 | 0.0000 | 0.9876 | -0.0711 | 0.0000 | 3.2123 | -0.0462 | 0.0000 | 3.2882 | 0.0360 | -0.0000 | 
5.5898 | 0.0615 | 0.0000 | 1.0012 | -0.0717 | 0.0000 | 3.2571 | -0.0468 | 0.0000 | 3.3340 | 0.0366 | -0.0000 | 
5.6667 | 0.0620 | 0.0000 | 1.0149 | -0.0722 | 0.0000 | 3.3018 | -0.0474 | 0.0000 | 3.3798 | 0.0371 | -0.0000 | 
5.7435 | 0.0625 | 0.0000 | 1.0286 | -0.0728 | 0.0000 | 3.3465 | -0.0479 | 0.0000 | 3.4256 | 0.0377 | -0.0000 | 
5.8204 | 0.0631 | 0.0000 | 1.0422 | -0.0733 | 0.0000 | 3.3912 | -0.0485 | 0.0000 | 3.4713 | 0.0382 | -0.0000 | 
5.8972 | 0.0636 | 0.0000 | 1.0559 | -0.0739 | 0.0000 | 3.4360 | -0.0490 | 0.0000 | 3.5171 | 0.0388 | -0.0000 | 
5.9741 | 0.0642 | 0.0000 | 1.0695 | -0.0744 | 0.0000 | 3.4807 | -0.0496 | 0.0000 | 3.5629 | 0.0393 | -0.0000 | 
6.0509 | 0.0647 | 0.0000 | 1.0832 | -0.0749 | 0.0000 | 3.5254 | -0.0501 | 0.0000 | 3.6087 | 0.0399 | -0.0000 | 
6.1278 | 0.0651 | 0.0000 | 1.0969 | -0.0755 | 0.0000 | 3.5702 | -0.0507 | 0.0000 | 3.6545 | 0.0404 | -0.0000 | 
6.2046 | 0.0656 | 0.0000 | 1.1105 | -0.0760 | 0.0000 | 3.6149 | -0.0513 | 0.0000 | 3.7003 | 0.0409 | -0.0000 | 
6.2815 | 0.0661 | 0.0000 | 1.1242 | -0.0765 | 0.0000 | 3.6596 | -0.0519 | 0.0000 | 3.7460 | 0.0415 | -0.0000 | 
6.3583 | 0.0666 | 0.0000 | 1.1379 | -0.0770 | 0.0000 | 3.7044 | -0.0524 | 0.0000 | 3.7918 | 0.0420 | -0.0000 | 
6.4352 | 0.0671 | 0.0000 | 1.1515 | -0.0775 | 0.0000 | 3.7491 | -0.0530 | 0.0000 | 3.8376 | 0.0425 | -0.0000 | 
6.5121 | 0.0676 | 0.0000 | 1.1652 | -0.0780 | 0.0000 | 3.7939 | -0.0536 | 0.0000 | 3.8834 | 0.0431 | -0.0000 | 
6.5889 | 0.0680 | 0.0000 | 1.1789 | -0.0785 | 0.0000 | 3.8386 | -0.0541 | 0.0000 | 3.9292 | 0.0436 | -0.0000 | 
6.6658 | 0.0685 | 0.0000 | 1.1925 | -0.0791 | 0.0000 | 3.8833 | -0.0547 | 0.0000 | 3.9750 | 0.0441 | -0.0000 | 
6.7426 | 0.0690 | 0.0000 | 1.2062 | -0.0796 | 0.0000 | 3.9281 | -0.0553 | 0.0000 | 4.0207 | 0.0447 | -0.0000 | 
6.8195 | 0.0694 | 0.0000 | 1.2198 | -0.0801 | 0.0000 | 3.9728 | -0.0559 | 0.0000 | 4.0665 | 0.0452 | -0.0000 | 
6.8964 | 0.0699 | 0.0000 | 1.2335 | -0.0806 | 0.0000 | 4.0175 | -0.0564 | 0.0000 | 4.1123 | 0.0457 | -0.0000 | 
6.9732 | 0.0703 | 0.0000 | 1.2471 | -0.0811 | 0.0000 | 4.0623 | -0.0570 | 0.0000 | 4.1581 | 0.0463 | -0.0000 | 
7.0501 | 0.0708 | 0.0000 | 1.2608 | -0.0815 | 0.0000 | 4.1070 | -0.0575 | 0.0000 | 4.2039 | 0.0468 | -0.0000 | 
7.1269 | 0.0713 | 0.0000 | 1.2744 | -0.0820 | 0.0000 | 4.1517 | -0.0581 | 0.0000 | 4.2496 | 0.0474 | -0.0000 | 
7.2038 | 0.0717 | 0.0000 | 1.2881 | -0.0825 | 0.0000 | 4.1965 | -0.0586 | 0.0000 | 4.2954 | 0.0479 | -0.0000 | 
7.2807 | 0.0722 | 0.0000 | 1.3017 | -0.0829 | 0.0000 | 4.2412 | -0.0592 | 0.0000 | 4.3412 | 0.0485 | -0.0000 | 
7.3576 | 0.0726 | 0.0000 | 1.3153 | -0.0834 | 0.0000 | 4.2859 | -0.0597 | 0.0000 | 4.3870 | 0.0490 | -0.0000 | 
7.4344 | 0.0731 | 0.0000 | 1.3290 | -0.0838 | 0.0000 | 4.3307 | -0.0603 | 0.0000 | 4.4327 | 0.0496 | -0.0000 | 
7.5113 | 0.0735 | 0.0000 | 1.3426 | -0.0843 | 0.0000 | 4.3754 | -0.0609 | 0.0000 | 4.4785 | 0.0501 | -0.0000 | 
7.5882 | 0.0739 | 0.0000 | 1.3562 | -0.0847 | 0.0000 | 4.4201 | -0.0614 | 0.0000 | 4.5243 | 0.0506 | -0.0000 | 
7.6651 | 0.0743 | 0.0000 | 1.3698 | -0.0852 | 0.0000 | 4.4649 | -0.0620 | 0.0000 | 4.5700 | 0.0512 | -0.0000 | 
7.7420 | 0.0747 | 0.0000 | 1.3835 | -0.0856 | 0.0000 | 4.5096 | -0.0626 | 0.0000 | 4.6158 | 0.0517 | -0.0000 | 
7.8189 | 0.0751 | 0.0000 | 1.3971 | -0.0861 | 0.0000 | 4.5544 | -0.0631 | 0.0000 | 4.6616 | 0.0522 | -0.0000 | 
7.8958 | 0.0756 | 0.0000 | 1.4107 | -0.0865 | 0.0000 | 4.5991 | -0.0637 | 0.0000 | 4.7074 | 0.0527 | -0.0000 | 
7.9727 | 0.0760 | 0.0000 | 1.4244 | -0.0869 | 0.0000 | 4.6438 | -0.0642 | 0.0000 | 4.7532 | 0.0533 | -0.0000 | 
8.0496 | 0.0764 | 0.0000 | 1.4380 | -0.0873 | 0.0000 | 4.6886 | -0.0648 | 0.0000 | 4.7990 | 0.0538 | -0.0000 | 
8.1264 | 0.0768 | 0.0000 | 1.4516 | -0.0878 | 0.0000 | 4.7333 | -0.0653 | 0.0000 | 4.8447 | 0.0544 | -0.0000 | 
8.2033 | 0.0772 | 0.0000 | 1.4652 | -0.0882 | 0.0000 | 4.7781 | -0.0659 | 0.0000 | 4.8905 | 0.0549 | -0.0000 | 
8.2802 | 0.0776 | 0.0000 | 1.4789 | -0.0886 | 0.0000 | 4.8228 | -0.0664 | 0.0000 | 4.9363 | 0.0554 | -0.0000 | 
8.3571 | 0.0780 | 0.0000 | 1.4925 | -0.0890 | 0.0000 | 4.8675 | -0.0670 | 0.0000 | 4.9820 | 0.0560 | -0.0000 | 
8.4340 | 0.0783 | 0.0000 | 1.5061 | -0.0894 | 0.0000 | 4.9123 | -0.0676 | 0.0000 | 5.0278 | 0.0565 | -0.0000 | 
8.5109 | 0.0787 | 0.0000 | 1.5197 | -0.0899 | 0.0000 | 4.9570 | -0.0681 | 0.0000 | 5.0736 | 0.0570 | -0.0000 | 
8.5878 | 0.0791 | 0.0000 | 1.5333 | -0.0903 | 0.0000 | 5.0018 | -0.0687 | 0.0000 | 5.1194 | 0.0575 | -0.0000 | 
8.6648 | 0.0795 | 0.0000 | 1.5469 | -0.0907 | 0.0000 | 5.0465 | -0.0693 | 0.0000 | 5.1651 | 0.0581 | -0.0000 | 
8.7417 | 0.0799 | 0.0000 | 1.5605 | -0.0911 | 0.0000 | 5.0912 | -0.0698 | 0.0000 | 5.2109 | 0.0586 | -0.0000 | 
8.8186 | 0.0803 | 0.0000 | 1.5741 | -0.0915 | 0.0000 | 5.1360 | -0.0704 | 0.0000 | 5.2567 | 0.0591 | -0.0000 | 
8.8955 | 0.0807 | 0.0000 | 1.5877 | -0.0919 | 0.0000 | 5.1807 | -0.0709 | 0.0000 | 5.3025 | 0.0597 | -0.0000 | 
8.9724 | 0.0810 | 0.0000 | 1.6013 | -0.0923 | 0.0000 | 5.2255 | -0.0715 | 0.0000 | 5.3482 | 0.0602 | -0.0000 | 
9.0493 | 0.0814 | 0.0000 | 1.6149 | -0.0927 | 0.0000 | 5.2702 | -0.0720 | 0.0000 | 5.3940 | 0.0607 | -0.0000 | 
9.1263 | 0.0818 | 0.0000 | 1.6285 | -0.0930 | 0.0000 | 5.3149 | -0.0725 | 0.0000 | 5.4398 | 0.0613 | -0.0000 | 
9.2032 | 0.0822 | 0.0000 | 1.6420 | -0.0934 | 0.0000 | 5.3597 | -0.0731 | 0.0000 | 5.4855 | 0.0618 | -0.0000 | 
9.2801 | 0.0825 | 0.0000 | 1.6556 | -0.0938 | 0.0000 | 5.4044 | -0.0736 | 0.0000 | 5.5313 | 0.0624 | -0.0000 | 
9.3570 | 0.0829 | 0.0000 | 1.6692 | -0.0942 | 0.0000 | 5.4492 | -0.0742 | 0.0000 | 5.5771 | 0.0629 | -0.0000 | 
9.4340 | 0.0832 | 0.0000 | 1.6828 | -0.0946 | 0.0000 | 5.4939 | -0.0747 | 0.0000 | 5.6228 | 0.0634 | -0.0000 | 
9.5109 | 0.0836 | 0.0000 | 1.6963 | -0.0949 | 0.0000 | 5.5386 | -0.0753 | 0.0000 | 5.6686 | 0.0639 | -0.0000 | 
9.5879 | 0.0839 | 0.0000 | 1.7099 | -0.0953 | 0.0000 | 5.5834 | -0.0758 | 0.0000 | 5.7144 | 0.0645 | -0.0000 | 
9.6648 | 0.0843 | 0.0000 | 1.7235 | -0.0957 | 0.0000 | 5.6281 | -0.0764 | 0.0000 | 5.7602 | 0.0650 | -0.0000 | 
9.7418 | 0.0846 | 0.0000 | 1.7370 | -0.0960 | 0.0000 | 5.6729 | -0.0769 | 0.0000 | 5.8059 | 0.0655 | -0.0000 | 
9.8187 | 0.0850 | 0.0000 | 1.7506 | -0.0964 | 0.0000 | 5.7176 | -0.0775 | 0.0000 | 5.8517 | 0.0661 | -0.0000 | 
9.8957 | 0.0853 | 0.0000 | 1.7642 | -0.0967 | 0.0000 | 5.7624 | -0.0780 | 0.0000 | 5.8975 | 0.0666 | -0.0000 | 
9.9726 | 0.0856 | 0.0000 | 1.7777 | -0.0971 | 0.0000 | 5.8071 | -0.0786 | 0.0000 | 5.9433 | 0.0671 | -0.0000 | 
10.0496 | 0.0860 | 0.0000 | 1.7913 | -0.0975 | 0.0000 | 5.8519 | -0.0792 | 0.0000 | 5.9890 | 0.0676 | -0.0000 | 
10.1266 | 0.0863 | 0.0000 | 1.8049 | -0.0978 | 0.0000 | 5.8966 | -0.0797 | 0.0000 | 6.0348 | 0.0682 | -0.0000 | 
10.2035 | 0.0866 | 0.0000 | 1.8184 | -0.0982 | 0.0000 | 5.9414 | -0.0803 | 0.0000 | 6.0806 | 0.0687 | -0.0000 | 
10.2805 | 0.0870 | 0.0000 | 1.8320 | -0.0985 | 0.0000 | 5.9861 | -0.0808 | 0.0000 | 6.1263 | 0.0692 | -0.0000 | 
10.3574 | 0.0873 | 0.0000 | 1.8455 | -0.0989 | 0.0000 | 6.0308 | -0.0813 | 0.0000 | 6.1721 | 0.0698 | -0.0000 | 
10.4344 | 0.0876 | 0.0000 | 1.8591 | -0.0992 | 0.0000 | 6.0756 | -0.0819 | 0.0000 | 6.2179 | 0.0703 | -0.0000 | 
10.5114 | 0.0879 | 0.0000 | 1.8726 | -0.0995 | 0.0000 | 6.1203 | -0.0824 | 0.0000 | 6.2636 | 0.0708 | -0.0000 | 
10.5884 | 0.0882 | 0.0000 | 1.8861 | -0.0999 | 0.0000 | 6.1651 | -0.0830 | 0.0000 | 6.3094 | 0.0714 | -0.0000 | 
10.6653 | 0.0886 | 0.0000 | 1.8997 | -0.1002 | 0.0000 | 6.2098 | -0.0835 | 0.0000 | 6.3552 | 0.0719 | -0.0000 | 
10.7423 | 0.0889 | 0.0000 | 1.9132 | -0.1006 | 0.0000 | 6.2546 | -0.0841 | 0.0000 | 6.4009 | 0.0724 | -0.0000 | 
10.8193 | 0.0892 | 0.0000 | 1.9267 | -0.1009 | 0.0000 | 6.2993 | -0.0846 | 0.0000 | 6.4467 | 0.0729 | -0.0000 | 
10.8963 | 0.0895 | 0.0000 | 1.9402 | -0.1012 | 0.0000 | 6.3441 | -0.0852 | 0.0000 | 6.4925 | 0.0735 | -0.0000 | 
10.9733 | 0.0898 | 0.0000 | 1.9538 | -0.1015 | 0.0000 | 6.3888 | -0.0857 | 0.0000 | 6.5383 | 0.0740 | -0.0000 | 
11.0503 | 0.0901 | 0.0000 | 1.9673 | -0.1019 | 0.0000 | 6.4335 | -0.0863 | 0.0000 | 6.5840 | 0.0745 | -0.0000 | 
11.1273 | 0.0904 | 0.0000 | 1.9808 | -0.1022 | 0.0000 | 6.4783 | -0.0868 | 0.0000 | 6.6298 | 0.0750 | -0.0000 | 
11.2043 | 0.0908 | 0.0000 | 1.9943 | -0.1025 | 0.0000 | 6.5230 | -0.0873 | 0.0000 | 6.6756 | 0.0756 | -0.0000 | 
11.2813 | 0.0911 | 0.0000 | 2.0078 | -0.1029 | 0.0000 | 6.5678 | -0.0879 | 0.0000 | 6.7213 | 0.0761 | -0.0000 | 
11.3583 | 0.0914 | 0.0000 | 2.0213 | -0.1032 | 0.0000 | 6.6125 | -0.0884 | 0.0000 | 6.7671 | 0.0766 | -0.0000 | 
11.4353 | 0.0917 | 0.0000 | 2.0348 | -0.1035 | 0.0000 | 6.6573 | -0.0890 | 0.0000 | 6.8129 | 0.0772 | -0.0000 | 
11.5123 | 0.0920 | 0.0000 | 2.0483 | -0.1038 | 0.0000 | 6.7020 | -0.0895 | 0.0000 | 6.8586 | 0.0777 | -0.0000 | 
11.5893 | 0.0923 | 0.0000 | 2.0618 | -0.1041 | 0.0000 | 6.7468 | -0.0900 | 0.0000 | 6.9044 | 0.0782 | -0.0000 | 
11.6663 | 0.0926 | 0.0000 | 2.0753 | -0.1044 | 0.0000 | 6.7915 | -0.0906 | 0.0000 | 6.9502 | 0.0787 | -0.0000 | 
11.7434 | 0.0929 | 0.0000 | 2.0888 | -0.1047 | 0.0000 | 6.8363 | -0.0911 | 0.0000 | 6.9959 | 0.0793 | -0.0000 | 
11.8204 | 0.0932 | 0.0000 | 2.1023 | -0.1051 | 0.0000 | 6.8810 | -0.0917 | 0.0000 | 7.0417 | 0.0798 | -0.0000 | 
11.8974 | 0.0935 | 0.0000 | 2.1158 | -0.1054 | 0.0000 | 6.9257 | -0.0922 | 0.0000 | 7.0875 | 0.0803 | -0.0000 | 
11.9745 | 0.0938 | 0.0000 | 2.1293 | -0.1057 | 0.0000 | 6.9705 | -0.0928 | 0.0000 | 7.1332 | 0.0808 | -0.0000 | 
12.0515 | 0.0940 | 0.0000 | 2.1427 | -0.1060 | 0.0000 | 7.0152 | -0.0933 | 0.0000 | 7.1790 | 0.0814 | -0.0000 | 
12.1285 | 0.0943 | 0.0000 | 2.1562 | -0.1063 | 0.0000 | 7.0600 | -0.0938 | 0.0000 | 7.2248 | 0.0819 | -0.0000 | 
12.2056 | 0.0946 | 0.0000 | 2.1697 | -0.1065 | 0.0000 | 7.1047 | -0.0944 | 0.0000 | 7.2705 | 0.0824 | -0.0000 | 
12.2826 | 0.0949 | 0.0000 | 2.1832 | -0.1068 | 0.0000 | 7.1495 | -0.0949 | 0.0000 | 7.3163 | 0.0830 | -0.0000 | 
12.3597 | 0.0952 | 0.0000 | 2.1966 | -0.1071 | 0.0000 | 7.1942 | -0.0954 | 0.0000 | 7.3621 | 0.0835 | -0.0000 | 
12.4367 | 0.0954 | 0.0000 | 2.2101 | -0.1074 | 0.0000 | 7.2390 | -0.0960 | 0.0000 | 7.4078 | 0.0840 | -0.0000 | 
12.5138 | 0.0957 | 0.0000 | 2.2236 | -0.1077 | 0.0000 | 7.2837 | -0.0965 | 0.0000 | 7.4536 | 0.0845 | -0.0000 | 
12.5908 | 0.0960 | 0.0000 | 2.2370 | -0.1080 | 0.0000 | 7.3285 | -0.0971 | 0.0000 | 7.4994 | 0.0850 | -0.0000 | 
12.6679 | 0.0963 | 0.0000 | 2.2505 | -0.1083 | 0.0000 | 7.3732 | -0.0976 | 0.0000 | 7.5451 | 0.0856 | -0.0000 | 
12.7449 | 0.0965 | 0.0000 | 2.2639 | -0.1086 | 0.0000 | 7.4180 | -0.0981 | 0.0000 | 7.5909 | 0.0861 | -0.0000 | 
12.8220 | 0.0968 | 0.0000 | 2.2774 | -0.1089 | 0.0000 | 7.4627 | -0.0987 | 0.0000 | 7.6367 | 0.0866 | -0.0000 | 
12.8991 | 0.0971 | 0.0000 | 2.2908 | -0.1092 | 0.0000 | 7.5075 | -0.0992 | 0.0000 | 7.6824 | 0.0871 | -0.0000 | 
12.9761 | 0.0973 | 0.0000 | 2.3043 | -0.1095 | 0.0000 | 7.5522 | -0.0998 | 0.0000 | 7.7282 | 0.0876 | -0.0000 | 
13.0532 | 0.0976 | 0.0000 | 2.3177 | -0.1097 | 0.0000 | 7.5970 | -0.1003 | 0.0000 | 7.7739 | 0.0882 | -0.0000 | 
13.1303 | 0.0979 | 0.0000 | 2.3312 | -0.1100 | 0.0000 | 7.6417 | -0.1008 | 0.0000 | 7.8197 | 0.0887 | -0.0000 | 
13.2074 | 0.0981 | 0.0000 | 2.3446 | -0.1103 | 0.0000 | 7.6865 | -0.1014 | 0.0000 | 7.8655 | 0.0892 | -0.0000 | 
13.2844 | 0.0984 | 0.0000 | 2.3580 | -0.1106 | 0.0000 | 7.7312 | -0.1019 | 0.0000 | 7.9112 | 0.0897 | -0.0000 | 
13.3615 | 0.0987 | 0.0000 | 2.3714 | -0.1109 | 0.0000 | 7.7760 | -0.1024 | 0.0000 | 7.9570 | 0.0902 | -0.0000 | 
13.4386 | 0.0989 | 0.0000 | 2.3849 | -0.1111 | 0.0000 | 7.8207 | -0.1030 | 0.0000 | 8.0028 | 0.0908 | -0.0000 | 
13.5157 | 0.0992 | 0.0000 | 2.3983 | -0.1114 | 0.0000 | 7.8655 | -0.1035 | 0.0000 | 8.0485 | 0.0913 | -0.0000 | 
13.5928 | 0.0994 | 0.0000 | 2.4117 | -0.1117 | 0.0000 | 7.9102 | -0.1040 | 0.0000 | 8.0943 | 0.0918 | -0.0000 | 
13.6699 | 0.0997 | 0.0000 | 2.4251 | -0.1119 | 0.0000 | 7.9550 | -0.1046 | 0.0000 | 8.1401 | 0.0923 | -0.0000 | 
13.7470 | 0.1000 | 0.0000 | 2.4385 | -0.1122 | 0.0000 | 7.9997 | -0.1051 | 0.0000 | 8.1858 | 0.0929 | -0.0000 | 
13.8241 | 0.1002 | 0.0000 | 2.4519 | -0.1125 | 0.0000 | 8.0445 | -0.1056 | 0.0000 | 8.2316 | 0.0934 | -0.0000 | 
13.9012 | 0.1005 | 0.0000 | 2.4653 | -0.1127 | 0.0000 | 8.0892 | -0.1062 | 0.0000 | 8.2773 | 0.0939 | -0.0000 | 
13.9784 | 0.1007 | 0.0000 | 2.4787 | -0.1130 | 0.0000 | 8.1340 | -0.1067 | 0.0000 | 8.3231 | 0.0944 | -0.0000 | 
14.0555 | 0.1009 | 0.0000 | 2.4921 | -0.1132 | 0.0000 | 8.1787 | -0.1072 | 0.0000 | 8.3689 | 0.0949 | -0.0000 | 
14.1326 | 0.1012 | 0.0000 | 2.5055 | -0.1135 | 0.0000 | 8.2235 | -0.1078 | 0.0000 | 8.4146 | 0.0955 | -0.0000 | 
14.2097 | 0.1014 | 0.0000 | 2.5189 | -0.1138 | 0.0000 | 8.2682 | -0.1083 | 0.0000 | 8.4604 | 0.0960 | -0.0000 | 
14.2868 | 0.1017 | 0.0000 | 2.5323 | -0.1140 | 0.0000 | 8.3130 | -0.1088 | 0.0000 | 8.5062 | 0.0965 | -0.0000 | 
14.3640 | 0.1019 | 0.0000 | 2.5457 | -0.1143 | 0.0000 | 8.3577 | -0.1094 | 0.0000 | 8.5519 | 0.0970 | -0.0000 | 
14.4411 | 0.1022 | 0.0000 | 2.5591 | -0.1145 | 0.0000 | 8.4025 | -0.1099 | 0.0000 | 8.5977 | 0.0975 | -0.0000 | 
14.5183 | 0.1024 | 0.0000 | 2.5724 | -0.1148 | 0.0000 | 8.4472 | -0.1104 | 0.0000 | 8.6434 | 0.0981 | -0.0000 | 
14.5954 | 0.1026 | 0.0000 | 2.5858 | -0.1150 | 0.0000 | 8.4920 | -0.1110 | 0.0000 | 8.6892 | 0.0986 | -0.0000 | 
14.6725 | 0.1029 | 0.0000 | 2.5992 | -0.1153 | 0.0000 | 8.5367 | -0.1115 | 0.0000 | 8.7350 | 0.0991 | -0.0000 | 
14.7497 | 0.1031 | 0.0000 | 2.6125 | -0.1155 | 0.0000 | 8.5815 | -0.1120 | 0.0000 | 8.7807 | 0.0996 | -0.0000 | 
14.8268 | 0.1034 | 0.0000 | 2.6259 | -0.1158 | 0.0000 | 8.6262 | -0.1126 | 0.0000 | 8.8265 | 0.1001 | -0.0000 | 
14.9040 | 0.1036 | 0.0000 | 2.6393 | -0.1160 | 0.0000 | 8.6710 | -0.1131 | 0.0000 | 8.8723 | 0.1006 | -0.0000 | 
14.9811 | 0.1038 | 0.0000 | 2.6526 | -0.1163 | 0.0000 | 8.7157 | -0.1136 | 0.0000 | 8.9180 | 0.1012 | -0.0000 | 
15.0583 | 0.1041 | 0.0000 | 2.6660 | -0.1165 | 0.0000 | 8.7605 | -0.1141 | 0.0000 | 8.9638 | 0.1017 | -0.0000 | 
15.1355 | 0.1043 | 0.0000 | 2.6793 | -0.1168 | 0.0000 | 8.8052 | -0.1147 | 0.0000 | 9.0095 | 0.1022 | -0.0000 | 
15.2126 | 0.1045 | 0.0000 | 2.6927 | -0.1170 | 0.0000 | 8.8500 | -0.1152 | 0.0000 | 9.0553 | 0.1027 | -0.0000 | 
15.2898 | 0.1048 | 0.0000 | 2.7060 | -0.1172 | 0.0000 | 8.8948 | -0.1157 | 0.0000 | 9.1011 | 0.1032 | -0.0000 | 
15.3670 | 0.1050 | 0.0000 | 2.7193 | -0.1175 | 0.0000 | 8.9395 | -0.1162 | 0.0000 | 9.1468 | 0.1038 | -0.0000 | 
15.4442 | 0.1052 | 0.0000 | 2.7327 | -0.1177 | 0.0000 | 8.9843 | -0.1168 | 0.0000 | 9.1926 | 0.1043 | -0.0000 | 
15.5213 | 0.1055 | 0.0000 | 2.7460 | -0.1180 | 0.0000 | 9.0290 | -0.1173 | 0.0000 | 9.2383 | 0.1048 | -0.0000 | 
15.5985 | 0.1057 | 0.0000 | 2.7594 | -0.1182 | 0.0000 | 9.0738 | -0.1178 | 0.0000 | 9.2841 | 0.1053 | -0.0000 | 
15.6757 | 0.1059 | 0.0000 | 2.7727 | -0.1184 | 0.0000 | 9.1185 | -0.1184 | 0.0000 | 9.3299 | 0.1058 | -0.0000 | 
15.7529 | 0.1061 | 0.0000 | 2.7860 | -0.1187 | 0.0000 | 9.1633 | -0.1189 | 0.0000 | 9.3756 | 0.1063 | -0.0000 | 
15.8301 | 0.1063 | 0.0000 | 2.7993 | -0.1189 | 0.0000 | 9.2080 | -0.1194 | 0.0000 | 9.4214 | 0.1069 | -0.0000 | 
15.9073 | 0.1066 | 0.0000 | 2.8126 | -0.1191 | 0.0000 | 9.2528 | -0.1199 | 0.0000 | 9.4671 | 0.1074 | -0.0000 | 
15.9845 | 0.1068 | 0.0000 | 2.8259 | -0.1194 | 0.0000 | 9.2975 | -0.1205 | 0.0000 | 9.5129 | 0.1079 | -0.0000 | 
16.0617 | 0.1070 | 0.0000 | 2.8393 | -0.1196 | 0.0000 | 9.3423 | -0.1210 | 0.0000 | 9.5587 | 0.1084 | -0.0000 | 
16.1389 | 0.1072 | 0.0000 | 2.8526 | -0.1198 | 0.0000 | 9.3870 | -0.1215 | 0.0000 | 9.6044 | 0.1089 | -0.0000 | 
16.2161 | 0.1074 | 0.0000 | 2.8659 | -0.1200 | 0.0000 | 9.4318 | -0.1220 | 0.0000 | 9.6502 | 0.1094 | -0.0000 | 
16.2933 | 0.1077 | 0.0000 | 2.8792 | -0.1203 | 0.0000 | 9.4765 | -0.1226 | 0.0000 | 9.6960 | 0.1099 | -0.0000 | 
16.3706 | 0.1079 | 0.0000 | 2.8924 | -0.1205 | 0.0000 | 9.5213 | -0.1231 | 0.0000 | 9.7417 | 0.1105 | -0.0000 | 
16.4478 | 0.1081 | 0.0000 | 2.9057 | -0.1207 | 0.0000 | 9.5660 | -0.1236 | 0.0000 | 9.7875 | 0.1110 | -0.0000 | 
16.5250 | 0.1083 | 0.0000 | 2.9190 | -0.1210 | 0.0000 | 9.6108 | -0.1241 | 0.0000 | 9.8332 | 0.1115 | -0.0000 | 
16.6022 | 0.1085 | 0.0000 | 2.9323 | -0.1212 | 0.0000 | 9.6556 | -0.1247 | 0.0000 | 9.8790 | 0.1120 | -0.0000 | 
16.6795 | 0.1087 | 0.0000 | 2.9456 | -0.1214 | 0.0000 | 9.7003 | -0.1252 | 0.0000 | 9.9248 | 0.1125 | -0.0000 | 
16.7567 | 0.1089 | 0.0000 | 2.9589 | -0.1216 | 0.0000 | 9.7451 | -0.1257 | 0.0000 | 9.9705 | 0.1130 | -0.0000 | 
16.8339 | 0.1091 | 0.0000 | 2.9721 | -0.1219 | 0.0000 | 9.7898 | -0.1262 | 0.0000 | 10.0163 | 0.1135 | -0.0000 | 
16.9112 | 0.1094 | 0.0000 | 2.9854 | -0.1221 | 0.0000 | 9.8346 | -0.1268 | 0.0000 | 10.0620 | 0.1140 | -0.0000 | 
16.9884 | 0.1096 | 0.0000 | 2.9987 | -0.1223 | 0.0000 | 9.8793 | -0.1273 | 0.0000 | 10.1078 | 0.1145 | -0.0000 | 
17.0657 | 0.1098 | 0.0000 | 3.0119 | -0.1225 | 0.0000 | 9.9241 | -0.1278 | 0.0000 | 10.1535 | 0.1151 | -0.0000 | 
17.1429 | 0.1100 | 0.0000 | 3.0252 | -0.1227 | 0.0000 | 9.9688 | -0.1283 | 0.0000 | 10.1993 | 0.1156 | -0.0000 | 
17.2202 | 0.1102 | 0.0000 | 3.0384 | -0.1230 | 0.0000 | 10.0136 | -0.1289 | 0.0000 | 10.2451 | 0.1161 | -0.0000 | 
17.2975 | 0.1104 | 0.0000 | 3.0517 | -0.1232 | 0.0000 | 10.0583 | -0.1294 | 0.0000 | 10.2908 | 0.1166 | -0.0000 | 
17.3747 | 0.1106 | 0.0000 | 3.0649 | -0.1234 | 0.0000 | 10.1031 | -0.1299 | 0.0000 | 10.3366 | 0.1171 | -0.0000 | 
17.4520 | 0.1108 | 0.0000 | 3.0782 | -0.1236 | 0.0000 | 10.1478 | -0.1304 | 0.0000 | 10.3823 | 0.1176 | -0.0000 | 
17.5293 | 0.1110 | 0.0000 | 3.0914 | -0.1238 | 0.0000 | 10.1926 | -0.1309 | 0.0000 | 10.4281 | 0.1181 | -0.0000 | 
17.6066 | 0.1112 | 0.0000 | 3.1047 | -0.1240 | 0.0000 | 10.2374 | -0.1315 | 0.0000 | 10.4739 | 0.1186 | -0.0000 | 
17.6838 | 0.1114 | 0.0000 | 3.1179 | -0.1242 | 0.0000 | 10.2821 | -0.1320 | 0.0000 | 10.5196 | 0.1191 | -0.0000 | 
17.7611 | 0.1116 | 0.0000 | 3.1311 | -0.1244 | 0.0000 | 10.3269 | -0.1325 | 0.0000 | 10.5654 | 0.1197 | -0.0000 | 
17.8384 | 0.1118 | 0.0000 | 3.1443 | -0.1246 | 0.0000 | 10.3716 | -0.1330 | 0.0000 | 10.6111 | 0.1202 | -0.0000 | 
17.9157 | 0.1120 | 0.0000 | 3.1576 | -0.1248 | 0.0000 | 10.4164 | -0.1335 | 0.0000 | 10.6569 | 0.1207 | -0.0000 | 
17.9930 | 0.1122 | 0.0000 | 3.1708 | -0.1250 | 0.0000 | 10.4611 | -0.1341 | 0.0000 | 10.7027 | 0.1212 | -0.0000 | 
18.0703 | 0.1124 | 0.0000 | 3.1840 | -0.1252 | 0.0000 | 10.5059 | -0.1346 | 0.0000 | 10.7484 | 0.1217 | -0.0000 | 
18.1476 | 0.1126 | 0.0000 | 3.1972 | -0.1255 | 0.0000 | 10.5506 | -0.1351 | 0.0000 | 10.7942 | 0.1222 | -0.0000 | 
18.2249 | 0.1128 | 0.0000 | 3.2104 | -0.1257 | 0.0000 | 10.5954 | -0.1356 | 0.0000 | 10.8399 | 0.1227 | -0.0000 | 
18.3022 | 0.1129 | 0.0000 | 3.2236 | -0.1259 | 0.0000 | 10.6402 | -0.1361 | 0.0000 | 10.8857 | 0.1232 | -0.0000 | 
18.3795 | 0.1131 | 0.0000 | 3.2368 | -0.1261 | 0.0000 | 10.6849 | -0.1367 | 0.0000 | 10.9314 | 0.1237 | -0.0000 | 
18.4569 | 0.1133 | 0.0000 | 3.2500 | -0.1262 | 0.0000 | 10.7297 | -0.1372 | 0.0000 | 10.9772 | 0.1242 | -0.0000 | 
18.5342 | 0.1135 | 0.0000 | 3.2632 | -0.1264 | 0.0000 | 10.7744 | -0.1377 | 0.0000 | 11.0230 | 0.1248 | -0.0000 | 
18.6115 | 0.1137 | 0.0000 | 3.2764 | -0.1266 | 0.0000 | 10.8192 | -0.1382 | 0.0000 | 11.0687 | 0.1253 | -0.0000 | 
18.6888 | 0.1139 | 0.0000 | 3.2896 | -0.1268 | 0.0000 | 10.8639 | -0.1387 | 0.0000 | 11.1145 | 0.1258 | -0.0000 | 
18.7662 | 0.1141 | 0.0000 | 3.3027 | -0.1270 | 0.0000 | 10.9087 | -0.1392 | 0.0000 | 11.1602 | 0.1263 | -0.0000 | 
18.8435 | 0.1142 | 0.0000 | 3.3159 | -0.1272 | 0.0000 | 10.9534 | -0.1398 | 0.0000 | 11.2060 | 0.1268 | -0.0000 | 
18.9208 | 0.1144 | 0.0000 | 3.3291 | -0.1274 | 0.0000 | 10.9982 | -0.1403 | 0.0000 | 11.2517 | 0.1273 | -0.0000 | 
18.9982 | 0.1146 | 0.0000 | 3.3423 | -0.1276 | 0.0000 | 11.0430 | -0.1408 | 0.0000 | 11.2975 | 0.1278 | -0.0000 | 
19.0755 | 0.1148 | 0.0000 | 3.3554 | -0.1278 | 0.0000 | 11.0877 | -0.1413 | 0.0000 | 11.3433 | 0.1283 | -0.0000 | 
19.1529 | 0.1150 | 0.0000 | 3.3686 | -0.1280 | 0.0000 | 11.1325 | -0.1418 | 0.0000 | 11.3890 | 0.1288 | -0.0000 | 
19.2302 | 0.1151 | 0.0000 | 3.3817 | -0.1282 | 0.0000 | 11.1772 | -0.1423 | 0.0000 | 11.4348 | 0.1293 | -0.0000 | 
19.3076 | 0.1153 | 0.0000 | 3.3949 | -0.1284 | 0.0000 | 11.2220 | -0.1429 | 0.0000 | 11.4805 | 0.1298 | -0.0000 | 
19.3850 | 0.1155 | 0.0000 | 3.4080 | -0.1285 | 0.0000 | 11.2667 | -0.1434 | 0.0000 | 11.5263 | 0.1303 | -0.0000 | 
19.4623 | 0.1157 | 0.0000 | 3.4212 | -0.1287 | 0.0000 | 11.3115 | -0.1439 | 0.0000 | 11.5720 | 0.1308 | -0.0000 | 
19.5397 | 0.1159 | 0.0000 | 3.4343 | -0.1289 | 0.0000 | 11.3562 | -0.1444 | 0.0000 | 11.6178 | 0.1314 | -0.0000 | 
19.6171 | 0.1160 | 0.0000 | 3.4475 | -0.1291 | 0.0000 | 11.4010 | -0.1449 | 0.0000 | 11.6635 | 0.1319 | -0.0000 | 
19.6944 | 0.1162 | 0.0000 | 3.4606 | -0.1293 | 0.0000 | 11.4458 | -0.1454 | 0.0000 | 11.7093 | 0.1324 | -0.0000 | 
19.7718 | 0.1164 | 0.0000 | 3.4737 | -0.1295 | 0.0000 | 11.4905 | -0.1459 | 0.0000 | 11.7551 | 0.1329 | -0.0000 | 
19.8492 | 0.1166 | 0.0000 | 3.4869 | -0.1296 | 0.0000 | 11.5353 | -0.1464 | 0.0000 | 11.8008 | 0.1334 | -0.0000 | 
19.9266 | 0.1167 | 0.0000 | 3.5000 | -0.1298 | 0.0000 | 11.5800 | -0.1470 | 0.0000 | 11.8466 | 0.1339 | -0.0000 | 
20.0040 | 0.1169 | 0.0000 | 3.5131 | -0.1300 | 0.0000 | 11.6248 | -0.1475 | 0.0000 | 11.8923 | 0.1344 | -0.0000 | 
20.0814 | 0.1171 | 0.0000 | 3.5262 | -0.1302 | 0.0000 | 11.6695 | -0.1480 | 0.0000 | 11.9381 | 0.1349 | -0.0000 | 
20.1588 | 0.1173 | 0.0000 | 3.5394 | -0.1304 | 0.0000 | 11.7143 | -0.1485 | 0.0000 | 11.9838 | 0.1354 | -0.0000 | 
20.2362 | 0.1174 | 0.0000 | 3.5525 | -0.1305 | 0.0000 | 11.7591 | -0.1490 | 0.0000 | 12.0296 | 0.1359 | -0.0000 | 
20.3136 | 0.1176 | 0.0000 | 3.5656 | -0.1307 | 0.0000 | 11.8038 | -0.1495 | 0.0000 | 12.0754 | 0.1364 | -0.0000 | 
20.3910 | 0.1178 | 0.0000 | 3.5787 | -0.1309 | 0.0000 | 11.8486 | -0.1500 | 0.0000 | 12.1211 | 0.1369 | -0.0000 | 
20.4684 | 0.1180 | 0.0000 | 3.5918 | -0.1311 | 0.0000 | 11.8933 | -0.1505 | 0.0000 | 12.1669 | 0.1374 | -0.0000 | 
20.5458 | 0.1181 | 0.0000 | 3.6049 | -0.1313 | 0.0000 | 11.9381 | -0.1511 | 0.0000 | 12.2126 | 0.1379 | -0.0000 | 
20.6233 | 0.1183 | 0.0000 | 3.6179 | -0.1314 | 0.0000 | 11.9828 | -0.1516 | 0.0000 | 12.2584 | 0.1384 | -0.0000 | 
20.7007 | 0.1185 | 0.0000 | 3.6310 | -0.1316 | 0.0000 | 12.0276 | -0.1521 | 0.0000 | 12.3041 | 0.1389 | -0.0000 | 
20.7781 | 0.1186 | 0.0000 | 3.6441 | -0.1318 | 0.0000 | 12.0724 | -0.1526 | 0.0000 | 12.3499 | 0.1394 | -0.0000 | 
20.8556 | 0.1188 | 0.0000 | 3.6572 | -0.1320 | 0.0000 | 12.1171 | -0.1531 | 0.0000 | 12.3956 | 0.1399 | -0.0000 | 
20.9330 | 0.1190 | 0.0000 | 3.6703 | -0.1321 | 0.0000 | 12.1619 | -0.1536 | 0.0000 | 12.4414 | 0.1404 | -0.0000 | 
21.0104 | 0.1191 | 0.0000 | 3.6833 | -0.1323 | 0.0000 | 12.2066 | -0.1541 | 0.0000 | 12.4871 | 0.1409 | -0.0000 | 
21.0879 | 0.1193 | 0.0000 | 3.6964 | -0.1325 | 0.0000 | 12.2514 | -0.1546 | 0.0000 | 12.5329 | 0.1414 | -0.0000 | 
21.1653 | 0.1195 | 0.0000 | 3.7095 | -0.1326 | 0.0000 | 12.2961 | -0.1551 | 0.0000 | 12.5787 | 0.1420 | -0.0000 | 
21.2428 | 0.1196 | 0.0000 | 3.7225 | -0.1328 | 0.0000 | 12.3409 | -0.1556 | 0.0000 | 12.6244 | 0.1425 | -0.0000 | 
21.3203 | 0.1198 | 0.0000 | 3.7356 | -0.1330 | 0.0000 | 12.3857 | -0.1561 | 0.0000 | 12.6702 | 0.1430 | -0.0000 | 
21.3977 | 0.1200 | 0.0000 | 3.7486 | -0.1332 | 0.0000 | 12.4304 | -0.1567 | 0.0000 | 12.7159 | 0.1435 | -0.0000 | 
21.4752 | 0.1201 | 0.0000 | 3.7617 | -0.1333 | 0.0000 | 12.4752 | -0.1572 | 0.0000 | 12.7617 | 0.1440 | -0.0000 | 
21.5527 | 0.1203 | 0.0000 | 3.7747 | -0.1335 | 0.0000 | 12.5199 | -0.1577 | 0.0000 | 12.8074 | 0.1445 | -0.0000 | 
21.6301 | 0.1204 | 0.0000 | 3.7877 | -0.1337 | 0.0000 | 12.5647 | -0.1582 | 0.0000 | 12.8532 | 0.1450 | -0.0000 | 
21.7076 | 0.1206 | 0.0000 | 3.8008 | -0.1338 | 0.0000 | 12.6094 | -0.1587 | 0.0000 | 12.8989 | 0.1455 | -0.0000 | 
21.7851 | 0.1208 | 0.0000 | 3.8138 | -0.1340 | 0.0000 | 12.6542 | -0.1592 | 0.0000 | 12.9447 | 0.1460 | -0.0000 | 
21.8626 | 0.1209 | 0.0000 | 3.8268 | -0.1342 | 0.0000 | 12.6990 | -0.1597 | 0.0000 | 12.9905 | 0.1465 | -0.0000 | 
21.9401 | 0.1211 | 0.0000 | 3.8399 | -0.1343 | 0.0000 | 12.7437 | -0.1602 | 0.0000 | 13.0362 | 0.1470 | -0.0000 | 
22.0176 | 0.1212 | 0.0000 | 3.8529 | -0.1345 | 0.0000 | 12.7885 | -0.1607 | 0.0000 | 13.0820 | 0.1475 | -0.0000 | 
22.0951 | 0.1214 | 0.0000 | 3.8659 | -0.1347 | 0.0000 | 12.8332 | -0.1612 | 0.0000 | 13.1277 | 0.1480 | -0.0000 | 
22.1726 | 0.1216 | 0.0000 | 3.8789 | -0.1348 | 0.0000 | 12.8780 | -0.1617 | 0.0000 | 13.1735 | 0.1485 | -0.0000 | 
22.2501 | 0.1217 | 0.0000 | 3.8919 | -0.1350 | 0.0000 | 12.9228 | -0.1622 | 0.0000 | 13.2192 | 0.1490 | -0.0000 | 
22.3276 | 0.1219 | 0.0000 | 3.9049 | -0.1352 | 0.0000 | 12.9675 | -0.1627 | 0.0000 | 13.2650 | 0.1495 | -0.0000 | 
22.4051 | 0.1220 | 0.0000 | 3.9179 | -0.1353 | 0.0000 | 13.0123 | -0.1633 | 0.0000 | 13.3107 | 0.1500 | -0.0000 | 
22.4826 | 0.1222 | 0.0000 | 3.9309 | -0.1355 | 0.0000 | 13.0570 | -0.1638 | 0.0000 | 13.3565 | 0.1505 | -0.0000 | 
22.5601 | 0.1223 | 0.0000 | 3.9439 | -0.1357 | 0.0000 | 13.1018 | -0.1643 | 0.0000 | 13.4022 | 0.1510 | -0.0000 | 
22.6377 | 0.1225 | 0.0000 | 3.9569 | -0.1358 | 0.0000 | 13.1465 | -0.1648 | 0.0000 | 13.4480 | 0.1515 | -0.0000 | 
22.7152 | 0.1226 | 0.0000 | 3.9698 | -0.1360 | 0.0000 | 13.1913 | -0.1653 | 0.0000 | 13.4938 | 0.1519 | -0.0000 | 
22.7927 | 0.1228 | 0.0000 | 3.9828 | -0.1361 | 0.0000 | 13.2361 | -0.1658 | 0.0000 | 13.5395 | 0.1524 | -0.0000 | 
22.8703 | 0.1229 | 0.0000 | 3.9958 | -0.1363 | 0.0000 | 13.2808 | -0.1663 | 0.0000 | 13.5853 | 0.1529 | -0.0000 | 
22.9478 | 0.1231 | 0.0000 | 4.0088 | -0.1365 | 0.0000 | 13.3256 | -0.1668 | 0.0000 | 13.6310 | 0.1534 | -0.0000 | 
23.0254 | 0.1232 | 0.0000 | 4.0217 | -0.1366 | 0.0000 | 13.3703 | -0.1673 | 0.0000 | 13.6768 | 0.1539 | -0.0000 | 
23.1029 | 0.1234 | 0.0000 | 4.0347 | -0.1368 | 0.0000 | 13.4151 | -0.1678 | 0.0000 | 13.7225 | 0.1544 | -0.0000 | 
23.1805 | 0.1235 | 0.0000 | 4.0476 | -0.1369 | 0.0000 | 13.4599 | -0.1683 | 0.0001 | 13.7683 | 0.1549 | -0.0001 | 
23.2580 | 0.1237 | 0.0000 | 4.0606 | -0.1371 | 0.0000 | 13.5046 | -0.1688 | 0.0001 | 13.8140 | 0.1554 | -0.0001 | 
23.3356 | 0.1238 | 0.0000 | 4.0735 | -0.1372 | 0.0000 | 13.5494 | -0.1693 | 0.0001 | 13.8598 | 0.1559 | -0.0001 | 
23.4132 | 0.1240 | 0.0000 | 4.0865 | -0.1374 | 0.0000 | 13.5941 | -0.1698 | 0.0001 | 13.9055 | 0.1564 | -0.0001 | 
23.4907 | 0.1241 | 0.0000 | 4.0994 | -0.1376 | 0.0000 | 13.6389 | -0.1703 | 0.0001 | 13.9513 | 0.1569 | -0.0001 | 
23.5683 | 0.1243 | 0.0000 | 4.1124 | -0.1377 | 0.0000 | 13.6837 | -0.1708 | 0.0001 | 13.9970 | 0.1574 | -0.0001 | 
23.6459 | 0.1244 | 0.0000 | 4.1253 | -0.1379 | 0.0000 | 13.7284 | -0.1713 | 0.0002 | 14.0428 | 0.1579 | -0.0002 | 
23.7235 | 0.1246 | 0.0000 | 4.1382 | -0.1380 | 0.0000 | 13.7732 | -0.1718 | 0.0002 | 14.0885 | 0.1584 | -0.0002 | 
23.8011 | 0.1247 | 0.0000 | 4.1511 | -0.1382 | 0.0000 | 13.8179 | -0.1723 | 0.0003 | 14.1343 | 0.1589 | -0.0003 | 
23.8787 | 0.1249 | 0.0000 | 4.1641 | -0.1383 | 0.0000 | 13.8627 | -0.1728 | 0.0003 | 14.1801 | 0.1594 | -0.0003 | 
23.9563 | 0.1250 | 0.0000 | 4.1770 | -0.1385 | 0.0000 | 13.9074 | -0.1733 | 0.0004 | 14.2258 | 0.1599 | -0.0004 | 
24.0339 | 0.1251 | 0.0000 | 4.1899 | -0.1386 | 0.0000 | 13.9522 | -0.1738 | 0.0005 | 14.2716 | 0.1604 | -0.0005 | 
24.1115 | 0.1253 | 0.0000 | 4.2028 | -0.1388 | 0.0000 | 13.9970 | -0.1744 | 0.0006 | 14.3173 | 0.1609 | -0.0006 | 
24.1891 | 0.1254 | 0.0000 | 4.2157 | -0.1389 | 0.0000 | 14.0417 | -0.1749 | 0.0008 | 14.3631 | 0.1614 | -0.0008 | 
24.2667 | 0.1256 | 0.0000 | 4.2286 | -0.1390 | 0.0000 | 14.0865 | -0.1754 | 0.0010 | 14.4088 | 0.1619 | -0.0010 | 
24.3443 | 0.1257 | 0.0000 | 4.2415 | -0.1392 | 0.0000 | 14.1312 | -0.1759 | 0.0012 | 14.4546 | 0.1624 | -0.0012 | 
24.4219 | 0.1258 | 0.0000 | 4.2544 | -0.1393 | 0.0000 | 14.1760 | -0.1764 | 0.0015 | 14.5003 | 0.1629 | -0.0015 | 
24.4996 | 0.1260 | 0.0000 | 4.2673 | -0.1395 | 0.0000 | 14.2208 | -0.1769 | 0.0019 | 14.5461 | 0.1633 | -0.0019 | 
24.5772 | 0.1261 | 0.0000 | 4.2801 | -0.1396 | 0.0000 | 14.2655 | -0.1774 | 0.0024 | 14.5918 | 0.1638 | -0.0024 | 
24.6548 | 0.1262 | 0.0000 | 4.2930 | -0.1398 | 0.0000 | 14.3103 | -0.1779 | 0.0030 | 14.6376 | 0.1643 | -0.0030 | 
24.7325 | 0.1263 | 0.0000 | 4.3059 | -0.1399 | 0.0000 | 14.3550 | -0.1784 | 0.0038 | 14.6833 | 0.1648 | -0.0038 | 
24.8101 | 0.1265 | 0.0000 | 4.3188 | -0.1401 | 0.0000 | 14.3998 | -0.1789 | 0.0047 | 14.7291 | 0.1653 | -0.0047 | 
24.8878 | 0.1266 | 0.0000 | 4.3316 | -0.1402 | 0.0000 | 14.4446 | -0.1794 | 0.0059 | 14.7748 | 0.1658 | -0.0059 | 
24.9654 | 0.1266 | 0.0000 | 4.3445 | -0.1404 | 0.0000 | 14.4893 | -0.1799 | 0.0074 | 14.8206 | 0.1662 | -0.0074 | 
25.0431 | 0.1267 | 0.0000 | 4.3573 | -0.1405 | 0.0000 | 14.5341 | -0.1805 | 0.0092 | 14.8663 | 0.1667 | -0.0092 | 
25.1207 | 0.1267 | 0.0000 | 4.3702 | -0.1407 | 0.0001 | 14.5788 | -0.1811 | 0.0114 | 14.9121 | 0.1671 | -0.0114 | 
25.1984 | 0.1267 | 0.0001 | 4.3830 | -0.1408 | 0.0001 | 14.6236 | -0.1817 | 0.0139 | 14.9578 | 0.1675 | -0.0138 | 
25.2761 | 0.1266 | 0.0001 | 4.3959 | -0.1410 | 0.0001 | 14.6684 | -0.1823 | 0.0166 | 15.0036 | 0.1679 | -0.0166 | 
25.3537 | 0.1265 | 0.0001 | 4.4087 | -0.1412 | 0.0001 | 14.7131 | -0.1830 | 0.0196 | 15.0493 | 0.1682 | -0.0196 | 
25.4314 | 0.1263 | 0.0001 | 4.4215 | -0.1414 | 0.0001 | 14.7579 | -0.1837 | 0.0228 | 15.0951 | 0.1685 | -0.0227 | 
25.5091 | 0.1260 | 0.0001 | 4.4344 | -0.1416 | 0.0001 | 14.8027 | -0.1844 | 0.0260 | 15.1408 | 0.1688 | -0.0260 | 
25.5868 | 0.1257 | 0.0001 | 4.4472 | -0.1418 | 0.0001 | 14.8475 | -0.1852 | 0.0292 | 15.1865 | 0.1691 | -0.0292 | 
25.6645 | 0.1253 | 0.0001 | 4.4600 | -0.1420 | 0.0001 | 14.8922 | -0.1860 | 0.0325 | 15.2323 | 0.1693 | -0.0325 | 
25.7045 | 0.1251 | 0.0001 | 4.4666 | -0.1421 | 0.0001 | 14.9153 | -0.1864 | 0.0341 | 15.2559 | 0.1694 | -0.0341 | 
