Test angle: 30
Node_A_151 coordinates: initialX | initialY | initialZ 
75.0000 | 0.0000 | 0.0000 | 
Node_B_1051 coordinates: initialX | initialY | initialZ 
-75.0000 | 0.0000 | 0.0000 | 
Node_C_606 coordinates: initialX | initialY | initialZ 
0.0000 | 5.0000 | 0.0000 | 
Node_D_1256 coordinates: initialX | initialY | initialZ 
0.0000 | -5.0000 | 0.0000 | 
  UA1  |  UA2  |  UA3 | UB1 | UB2 | UB3 | UC1 | UC2 | UC3 | UD1 | UD2 | UD3 
0.0000 | 0.0000 | 0.0000 | 0.0000 | 0.0000 | 0.0000 | 0.0000 | 0.0000 | 0.0000 | 0.0000 | 0.0000 | 0.0000 | 
0.0014 | -0.0000 | 0.0000 | 0.0004 | -0.0000 | 0.0000 | 0.0009 | -0.0000 | 0.0000 | 0.0009 | -0.0000 | 0.0000 | 
0.0029 | -0.0000 | -0.0000 | 0.0007 | -0.0000 | -0.0000 | 0.0018 | -0.0001 | -0.0000 | 0.0018 | -0.0000 | -0.0000 | 
0.0051 | -0.0001 | 0.0000 | 0.0013 | -0.0001 | 0.0000 | 0.0032 | -0.0001 | 0.0000 | 0.0032 | -0.0000 | 0.0000 | 
0.0083 | -0.0001 | -0.0000 | 0.0021 | -0.0001 | -0.0000 | 0.0052 | -0.0002 | -0.0000 | 0.0052 | -0.0000 | -0.0000 | 
0.0132 | -0.0001 | 0.0000 | 0.0033 | -0.0001 | 0.0000 | 0.0083 | -0.0002 | 0.0000 | 0.0083 | -0.0000 | 0.0000 | 
0.0205 | -0.0002 | -0.0000 | 0.0052 | -0.0002 | -0.0000 | 0.0128 | -0.0004 | -0.0000 | 0.0128 | -0.0000 | -0.0000 | 
0.0314 | -0.0003 | 0.0000 | 0.0080 | -0.0003 | 0.0000 | 0.0197 | -0.0006 | 0.0000 | 0.0197 | -0.0001 | 0.0000 | 
0.0479 | -0.0005 | -0.0000 | 0.0122 | -0.0005 | -0.0000 | 0.0300 | -0.0009 | -0.0000 | 0.0300 | -0.0001 | -0.0000 | 
0.0726 | -0.0008 | 0.0000 | 0.0184 | -0.0008 | 0.0000 | 0.0455 | -0.0014 | 0.0000 | 0.0455 | -0.0002 | 0.0000 | 
0.1096 | -0.0012 | -0.0000 | 0.0278 | -0.0012 | -0.0000 | 0.0687 | -0.0021 | -0.0000 | 0.0687 | -0.0003 | -0.0000 | 
0.1651 | -0.0018 | 0.0000 | 0.0419 | -0.0018 | 0.0000 | 0.1035 | -0.0031 | 0.0000 | 0.1035 | -0.0004 | 0.0000 | 
0.2373 | -0.0025 | -0.0000 | 0.0602 | -0.0025 | -0.0000 | 0.1487 | -0.0045 | -0.0000 | 0.1487 | -0.0006 | -0.0000 | 
0.3107 | -0.0029 | 0.0000 | 0.0773 | -0.0034 | 0.0000 | 0.1940 | -0.0057 | -0.0000 | 0.1940 | -0.0006 | 0.0000 | 
0.3304 | -0.0028 | 0.0000 | 0.0803 | -0.0035 | -0.0000 | 0.2052 | -0.0058 | -0.0000 | 0.2054 | -0.0005 | 0.0000 | 
0.3500 | -0.0027 | -0.0000 | 0.0832 | -0.0037 | -0.0000 | 0.2165 | -0.0060 | -0.0000 | 0.2168 | -0.0004 | 0.0000 | 
0.3795 | -0.0026 | -0.0000 | 0.0877 | -0.0038 | 0.0000 | 0.2334 | -0.0062 | -0.0000 | 0.2338 | -0.0002 | 0.0000 | 
0.4235 | -0.0023 | -0.0000 | 0.0946 | -0.0042 | -0.0000 | 0.2588 | -0.0065 | -0.0000 | 0.2594 | 0.0000 | 0.0000 | 
0.4894 | -0.0020 | 0.0000 | 0.1051 | -0.0046 | -0.0000 | 0.2968 | -0.0070 | -0.0000 | 0.2977 | 0.0005 | 0.0000 | 
0.5674 | -0.0016 | -0.0000 | 0.1177 | -0.0051 | -0.0000 | 0.3419 | -0.0076 | -0.0000 | 0.3431 | 0.0009 | 0.0000 | 
0.6451 | -0.0011 | -0.0000 | 0.1304 | -0.0056 | 0.0000 | 0.3870 | -0.0081 | -0.0000 | 0.3885 | 0.0014 | 0.0000 | 
0.7228 | -0.0008 | 0.0000 | 0.1432 | -0.0061 | -0.0000 | 0.4321 | -0.0087 | -0.0000 | 0.4340 | 0.0018 | 0.0000 | 
0.8004 | -0.0003 | -0.0000 | 0.1562 | -0.0066 | 0.0000 | 0.4772 | -0.0092 | -0.0000 | 0.4794 | 0.0024 | 0.0000 | 
0.8779 | 0.0001 | 0.0000 | 0.1692 | -0.0071 | 0.0000 | 0.5223 | -0.0098 | -0.0000 | 0.5248 | 0.0028 | 0.0000 | 
0.9553 | 0.0005 | 0.0000 | 0.1823 | -0.0076 | 0.0000 | 0.5674 | -0.0103 | -0.0000 | 0.5702 | 0.0033 | 0.0000 | 
1.0327 | 0.0010 | 0.0000 | 0.1954 | -0.0080 | -0.0000 | 0.6125 | -0.0108 | -0.0000 | 0.6156 | 0.0038 | 0.0000 | 
1.1100 | 0.0013 | -0.0000 | 0.2086 | -0.0085 | 0.0000 | 0.6576 | -0.0114 | -0.0000 | 0.6610 | 0.0042 | 0.0000 | 
1.1873 | 0.0017 | -0.0000 | 0.2218 | -0.0090 | 0.0000 | 0.7027 | -0.0120 | -0.0000 | 0.7065 | 0.0046 | 0.0000 | 
1.2645 | 0.0021 | -0.0000 | 0.2351 | -0.0094 | -0.0000 | 0.7477 | -0.0125 | -0.0000 | 0.7518 | 0.0052 | 0.0000 | 
1.3418 | 0.0025 | 0.0000 | 0.2484 | -0.0098 | -0.0000 | 0.7929 | -0.0130 | -0.0000 | 0.7973 | 0.0056 | 0.0000 | 
1.4190 | 0.0028 | 0.0000 | 0.2617 | -0.0103 | -0.0000 | 0.8380 | -0.0136 | -0.0000 | 0.8427 | 0.0060 | 0.0000 | 
1.4961 | 0.0032 | -0.0000 | 0.2751 | -0.0107 | -0.0000 | 0.8831 | -0.0141 | -0.0000 | 0.8881 | 0.0065 | 0.0000 | 
1.5732 | 0.0036 | -0.0000 | 0.2884 | -0.0111 | -0.0000 | 0.9282 | -0.0146 | -0.0000 | 0.9335 | 0.0070 | 0.0000 | 
1.6503 | 0.0039 | -0.0000 | 0.3018 | -0.0115 | 0.0000 | 0.9733 | -0.0151 | -0.0000 | 0.9789 | 0.0075 | 0.0000 | 
1.7274 | 0.0043 | 0.0000 | 0.3153 | -0.0120 | 0.0000 | 1.0184 | -0.0157 | -0.0000 | 1.0243 | 0.0080 | 0.0000 | 
1.8045 | 0.0046 | -0.0000 | 0.3287 | -0.0124 | 0.0000 | 1.0635 | -0.0162 | -0.0000 | 1.0698 | 0.0084 | 0.0000 | 
1.8816 | 0.0049 | -0.0000 | 0.3422 | -0.0128 | -0.0000 | 1.1086 | -0.0167 | -0.0000 | 1.1152 | 0.0089 | 0.0000 | 
1.9586 | 0.0053 | -0.0000 | 0.3557 | -0.0132 | 0.0000 | 1.1537 | -0.0172 | -0.0000 | 1.1606 | 0.0094 | 0.0000 | 
2.0356 | 0.0056 | -0.0000 | 0.3692 | -0.0135 | -0.0000 | 1.1988 | -0.0177 | -0.0000 | 1.2060 | 0.0099 | 0.0000 | 
2.1126 | 0.0060 | -0.0000 | 0.3827 | -0.0139 | 0.0000 | 1.2439 | -0.0183 | -0.0000 | 1.2514 | 0.0103 | 0.0000 | 
2.1896 | 0.0063 | -0.0000 | 0.3962 | -0.0143 | 0.0000 | 1.2890 | -0.0188 | -0.0000 | 1.2968 | 0.0108 | 0.0000 | 
2.2666 | 0.0066 | -0.0000 | 0.4098 | -0.0147 | -0.0000 | 1.3341 | -0.0194 | -0.0000 | 1.3422 | 0.0112 | 0.0000 | 
2.3436 | 0.0069 | -0.0000 | 0.4233 | -0.0151 | 0.0000 | 1.3793 | -0.0199 | -0.0000 | 1.3876 | 0.0117 | 0.0000 | 
2.4205 | 0.0073 | 0.0000 | 0.4368 | -0.0154 | -0.0000 | 1.4244 | -0.0204 | -0.0000 | 1.4330 | 0.0122 | 0.0000 | 
2.4974 | 0.0076 | -0.0000 | 0.4504 | -0.0158 | -0.0000 | 1.4694 | -0.0208 | -0.0000 | 1.4784 | 0.0127 | 0.0000 | 
2.5744 | 0.0079 | 0.0000 | 0.4640 | -0.0161 | 0.0000 | 1.5146 | -0.0214 | -0.0000 | 1.5238 | 0.0131 | 0.0000 | 
2.6513 | 0.0082 | 0.0000 | 0.4775 | -0.0165 | 0.0000 | 1.5597 | -0.0219 | -0.0000 | 1.5692 | 0.0136 | 0.0000 | 
2.7282 | 0.0085 | -0.0000 | 0.4912 | -0.0168 | -0.0000 | 1.6048 | -0.0224 | -0.0000 | 1.6146 | 0.0140 | 0.0000 | 
2.8052 | 0.0087 | -0.0000 | 0.5048 | -0.0172 | -0.0000 | 1.6499 | -0.0230 | -0.0000 | 1.6600 | 0.0145 | 0.0000 | 
2.8821 | 0.0090 | -0.0000 | 0.5184 | -0.0176 | 0.0000 | 1.6950 | -0.0235 | -0.0000 | 1.7054 | 0.0149 | 0.0000 | 
2.9590 | 0.0093 | 0.0000 | 0.5320 | -0.0179 | -0.0000 | 1.7401 | -0.0240 | -0.0000 | 1.7508 | 0.0154 | 0.0000 | 
3.0359 | 0.0097 | -0.0000 | 0.5456 | -0.0182 | 0.0000 | 1.7852 | -0.0245 | -0.0000 | 1.7962 | 0.0159 | 0.0000 | 
3.1128 | 0.0099 | -0.0000 | 0.5592 | -0.0185 | 0.0000 | 1.8303 | -0.0250 | -0.0000 | 1.8416 | 0.0164 | 0.0000 | 
3.1896 | 0.0102 | 0.0000 | 0.5728 | -0.0188 | 0.0000 | 1.8754 | -0.0255 | -0.0000 | 1.8870 | 0.0169 | 0.0000 | 
3.2665 | 0.0105 | -0.0000 | 0.5865 | -0.0191 | -0.0000 | 1.9206 | -0.0259 | -0.0000 | 1.9324 | 0.0173 | 0.0000 | 
3.3434 | 0.0108 | -0.0000 | 0.6001 | -0.0194 | 0.0000 | 1.9657 | -0.0264 | -0.0000 | 1.9778 | 0.0178 | 0.0000 | 
3.4203 | 0.0111 | -0.0000 | 0.6137 | -0.0198 | 0.0000 | 2.0108 | -0.0270 | -0.0000 | 2.0232 | 0.0182 | 0.0000 | 
3.4972 | 0.0113 | 0.0000 | 0.6274 | -0.0201 | -0.0000 | 2.0559 | -0.0275 | -0.0000 | 2.0687 | 0.0187 | 0.0000 | 
3.5740 | 0.0115 | -0.0000 | 0.6411 | -0.0205 | -0.0000 | 2.1010 | -0.0280 | -0.0000 | 2.1141 | 0.0191 | 0.0000 | 
3.6509 | 0.0118 | -0.0000 | 0.6547 | -0.0207 | 0.0000 | 2.1462 | -0.0285 | -0.0000 | 2.1595 | 0.0196 | 0.0000 | 
3.7278 | 0.0121 | -0.0000 | 0.6684 | -0.0210 | 0.0000 | 2.1913 | -0.0290 | -0.0000 | 2.2049 | 0.0201 | 0.0000 | 
3.8046 | 0.0124 | -0.0000 | 0.6820 | -0.0213 | -0.0000 | 2.2364 | -0.0295 | -0.0000 | 2.2503 | 0.0206 | 0.0000 | 
3.8814 | 0.0127 | 0.0000 | 0.6957 | -0.0217 | 0.0000 | 2.2815 | -0.0300 | -0.0000 | 2.2956 | 0.0210 | 0.0000 | 
3.9583 | 0.0129 | 0.0000 | 0.7093 | -0.0219 | -0.0000 | 2.3266 | -0.0305 | -0.0000 | 2.3410 | 0.0215 | 0.0000 | 
4.0351 | 0.0132 | 0.0000 | 0.7230 | -0.0222 | -0.0000 | 2.3717 | -0.0310 | -0.0000 | 2.3864 | 0.0220 | 0.0000 | 
4.1120 | 0.0134 | -0.0000 | 0.7367 | -0.0225 | -0.0000 | 2.4168 | -0.0315 | -0.0000 | 2.4318 | 0.0225 | 0.0000 | 
4.1888 | 0.0137 | 0.0000 | 0.7503 | -0.0227 | -0.0000 | 2.4619 | -0.0320 | -0.0000 | 2.4772 | 0.0229 | 0.0000 | 
4.2657 | 0.0139 | -0.0000 | 0.7640 | -0.0231 | -0.0000 | 2.5070 | -0.0325 | -0.0000 | 2.5226 | 0.0234 | 0.0000 | 
4.3425 | 0.0142 | -0.0000 | 0.7777 | -0.0234 | -0.0000 | 2.5522 | -0.0330 | -0.0000 | 2.5680 | 0.0238 | 0.0000 | 
4.4194 | 0.0144 | -0.0000 | 0.7914 | -0.0237 | -0.0000 | 2.5973 | -0.0336 | -0.0000 | 2.6135 | 0.0243 | 0.0000 | 
4.4962 | 0.0146 | -0.0000 | 0.8050 | -0.0239 | -0.0000 | 2.6424 | -0.0341 | -0.0000 | 2.6589 | 0.0247 | 0.0000 | 
4.5731 | 0.0149 | -0.0000 | 0.8187 | -0.0242 | -0.0000 | 2.6875 | -0.0345 | -0.0000 | 2.7043 | 0.0252 | 0.0000 | 
4.6499 | 0.0151 | -0.0000 | 0.8324 | -0.0245 | 0.0000 | 2.7326 | -0.0350 | -0.0000 | 2.7497 | 0.0257 | 0.0000 | 
4.7267 | 0.0154 | -0.0000 | 0.8461 | -0.0247 | 0.0000 | 2.7778 | -0.0355 | -0.0000 | 2.7951 | 0.0262 | 0.0000 | 
4.8036 | 0.0156 | -0.0000 | 0.8597 | -0.0250 | -0.0000 | 2.8229 | -0.0360 | -0.0000 | 2.8405 | 0.0266 | 0.0000 | 
4.8804 | 0.0159 | -0.0000 | 0.8734 | -0.0253 | -0.0000 | 2.8680 | -0.0365 | -0.0000 | 2.8858 | 0.0271 | 0.0000 | 
4.9572 | 0.0161 | -0.0000 | 0.8871 | -0.0255 | -0.0000 | 2.9131 | -0.0370 | -0.0000 | 2.9312 | 0.0276 | 0.0000 | 
5.0340 | 0.0163 | -0.0000 | 0.9008 | -0.0258 | -0.0000 | 2.9582 | -0.0375 | -0.0000 | 2.9766 | 0.0280 | 0.0000 | 
5.1109 | 0.0165 | -0.0000 | 0.9144 | -0.0260 | -0.0000 | 3.0033 | -0.0380 | -0.0000 | 3.0220 | 0.0285 | 0.0000 | 
5.1877 | 0.0168 | -0.0000 | 0.9281 | -0.0263 | -0.0000 | 3.0484 | -0.0385 | -0.0000 | 3.0674 | 0.0290 | 0.0000 | 
5.2646 | 0.0170 | -0.0000 | 0.9418 | -0.0265 | -0.0000 | 3.0935 | -0.0389 | -0.0000 | 3.1128 | 0.0294 | 0.0000 | 
5.3414 | 0.0172 | -0.0000 | 0.9555 | -0.0268 | -0.0000 | 3.1387 | -0.0394 | -0.0000 | 3.1582 | 0.0299 | 0.0000 | 
5.4182 | 0.0174 | -0.0000 | 0.9692 | -0.0270 | -0.0000 | 3.1838 | -0.0400 | -0.0000 | 3.2036 | 0.0303 | 0.0000 | 
5.4951 | 0.0176 | -0.0000 | 0.9828 | -0.0273 | -0.0000 | 3.2289 | -0.0405 | -0.0000 | 3.2490 | 0.0308 | 0.0000 | 
5.5719 | 0.0178 | -0.0000 | 0.9965 | -0.0276 | -0.0000 | 3.2740 | -0.0410 | -0.0000 | 3.2944 | 0.0312 | 0.0000 | 
5.6488 | 0.0180 | -0.0000 | 1.0102 | -0.0278 | -0.0000 | 3.3191 | -0.0415 | -0.0000 | 3.3398 | 0.0317 | 0.0000 | 
5.7256 | 0.0183 | -0.0000 | 1.0239 | -0.0281 | -0.0000 | 3.3643 | -0.0420 | -0.0000 | 3.3852 | 0.0322 | 0.0000 | 
5.8024 | 0.0185 | -0.0000 | 1.0376 | -0.0283 | -0.0000 | 3.4094 | -0.0424 | -0.0000 | 3.4306 | 0.0326 | 0.0000 | 
5.8793 | 0.0187 | -0.0000 | 1.0513 | -0.0285 | -0.0000 | 3.4545 | -0.0429 | -0.0000 | 3.4760 | 0.0331 | 0.0000 | 
5.9561 | 0.0189 | -0.0000 | 1.0649 | -0.0287 | -0.0000 | 3.4996 | -0.0434 | -0.0000 | 3.5214 | 0.0336 | 0.0000 | 
6.0329 | 0.0192 | -0.0000 | 1.0786 | -0.0290 | -0.0000 | 3.5447 | -0.0439 | -0.0000 | 3.5668 | 0.0341 | 0.0000 | 
6.1098 | 0.0194 | -0.0000 | 1.0923 | -0.0292 | -0.0000 | 3.5898 | -0.0444 | -0.0000 | 3.6122 | 0.0345 | 0.0000 | 
6.1866 | 0.0196 | -0.0000 | 1.1059 | -0.0294 | -0.0000 | 3.6350 | -0.0449 | -0.0000 | 3.6576 | 0.0350 | 0.0000 | 
6.2634 | 0.0198 | -0.0000 | 1.1196 | -0.0297 | -0.0000 | 3.6801 | -0.0454 | -0.0000 | 3.7030 | 0.0354 | 0.0000 | 
6.3403 | 0.0200 | -0.0000 | 1.1333 | -0.0299 | -0.0000 | 3.7252 | -0.0459 | -0.0000 | 3.7484 | 0.0359 | 0.0000 | 
6.4171 | 0.0201 | -0.0000 | 1.1469 | -0.0301 | -0.0000 | 3.7703 | -0.0463 | -0.0000 | 3.7938 | 0.0364 | 0.0000 | 
6.4940 | 0.0203 | -0.0000 | 1.1606 | -0.0303 | -0.0000 | 3.8154 | -0.0468 | -0.0000 | 3.8392 | 0.0368 | 0.0000 | 
6.5708 | 0.0205 | -0.0000 | 1.1743 | -0.0305 | -0.0000 | 3.8605 | -0.0473 | -0.0000 | 3.8846 | 0.0373 | 0.0000 | 
6.6477 | 0.0208 | -0.0000 | 1.1880 | -0.0308 | -0.0000 | 3.9057 | -0.0478 | -0.0000 | 3.9300 | 0.0378 | 0.0000 | 
6.7245 | 0.0209 | -0.0000 | 1.2016 | -0.0310 | -0.0000 | 3.9508 | -0.0483 | -0.0000 | 3.9754 | 0.0382 | 0.0000 | 
6.8014 | 0.0211 | -0.0000 | 1.2153 | -0.0312 | -0.0000 | 3.9959 | -0.0488 | -0.0000 | 4.0208 | 0.0387 | 0.0000 | 
6.8782 | 0.0213 | -0.0000 | 1.2290 | -0.0314 | -0.0000 | 4.0410 | -0.0493 | -0.0000 | 4.0662 | 0.0391 | 0.0000 | 
6.9551 | 0.0215 | -0.0000 | 1.2426 | -0.0317 | -0.0000 | 4.0862 | -0.0498 | -0.0000 | 4.1116 | 0.0396 | 0.0000 | 
7.0319 | 0.0217 | -0.0000 | 1.2563 | -0.0319 | -0.0000 | 4.1313 | -0.0503 | -0.0000 | 4.1569 | 0.0400 | 0.0000 | 
7.1088 | 0.0219 | -0.0000 | 1.2699 | -0.0321 | -0.0000 | 4.1764 | -0.0508 | -0.0000 | 4.2023 | 0.0405 | 0.0000 | 
7.1856 | 0.0221 | -0.0000 | 1.2836 | -0.0323 | -0.0000 | 4.2215 | -0.0512 | -0.0000 | 4.2477 | 0.0410 | 0.0000 | 
7.2625 | 0.0223 | -0.0000 | 1.2973 | -0.0325 | -0.0000 | 4.2666 | -0.0517 | -0.0000 | 4.2931 | 0.0414 | 0.0000 | 
7.3393 | 0.0225 | -0.0000 | 1.3109 | -0.0327 | -0.0000 | 4.3118 | -0.0522 | -0.0000 | 4.3385 | 0.0419 | 0.0000 | 
7.4162 | 0.0227 | -0.0000 | 1.3246 | -0.0329 | -0.0000 | 4.3569 | -0.0526 | -0.0000 | 4.3839 | 0.0424 | 0.0000 | 
7.4931 | 0.0228 | -0.0000 | 1.3382 | -0.0331 | -0.0000 | 4.4020 | -0.0531 | -0.0000 | 4.4293 | 0.0428 | 0.0000 | 
7.5699 | 0.0230 | -0.0000 | 1.3519 | -0.0333 | -0.0000 | 4.4471 | -0.0536 | -0.0000 | 4.4747 | 0.0433 | 0.0000 | 
7.6468 | 0.0232 | -0.0000 | 1.3655 | -0.0335 | -0.0000 | 4.4922 | -0.0541 | -0.0000 | 4.5201 | 0.0438 | 0.0000 | 
7.7237 | 0.0234 | -0.0000 | 1.3792 | -0.0337 | -0.0000 | 4.5373 | -0.0546 | -0.0000 | 4.5655 | 0.0442 | 0.0000 | 
7.8005 | 0.0236 | -0.0000 | 1.3928 | -0.0339 | -0.0000 | 4.5825 | -0.0550 | 0.0000 | 4.6109 | 0.0447 | -0.0000 | 
7.8774 | 0.0237 | 0.0000 | 1.4065 | -0.0341 | -0.0000 | 4.6276 | -0.0555 | -0.0000 | 4.6563 | 0.0451 | 0.0000 | 
7.9543 | 0.0239 | -0.0000 | 1.4201 | -0.0343 | -0.0000 | 4.6727 | -0.0560 | -0.0000 | 4.7017 | 0.0456 | 0.0000 | 
8.0311 | 0.0241 | -0.0000 | 1.4337 | -0.0345 | -0.0000 | 4.7178 | -0.0565 | -0.0000 | 4.7471 | 0.0460 | 0.0000 | 
8.1080 | 0.0242 | -0.0000 | 1.4474 | -0.0347 | -0.0000 | 4.7629 | -0.0570 | -0.0000 | 4.7924 | 0.0465 | 0.0000 | 
8.1849 | 0.0244 | -0.0000 | 1.4610 | -0.0349 | -0.0000 | 4.8081 | -0.0575 | 0.0000 | 4.8378 | 0.0470 | -0.0000 | 
8.2618 | 0.0246 | 0.0000 | 1.4746 | -0.0351 | -0.0000 | 4.8532 | -0.0579 | -0.0000 | 4.8832 | 0.0474 | 0.0000 | 
8.3387 | 0.0248 | 0.0000 | 1.4883 | -0.0353 | -0.0000 | 4.8983 | -0.0584 | -0.0000 | 4.9286 | 0.0479 | 0.0000 | 
8.4156 | 0.0249 | -0.0000 | 1.5019 | -0.0355 | -0.0000 | 4.9434 | -0.0589 | -0.0000 | 4.9740 | 0.0484 | 0.0000 | 
8.4925 | 0.0251 | -0.0000 | 1.5155 | -0.0357 | -0.0000 | 4.9886 | -0.0594 | -0.0000 | 5.0194 | 0.0488 | 0.0000 | 
8.5693 | 0.0253 | -0.0000 | 1.5292 | -0.0358 | -0.0000 | 5.0337 | -0.0599 | -0.0000 | 5.0648 | 0.0493 | 0.0000 | 
8.6462 | 0.0254 | 0.0000 | 1.5428 | -0.0360 | -0.0000 | 5.0788 | -0.0603 | -0.0000 | 5.1102 | 0.0497 | 0.0000 | 
8.7231 | 0.0256 | 0.0000 | 1.5564 | -0.0362 | -0.0000 | 5.1239 | -0.0608 | -0.0000 | 5.1556 | 0.0502 | 0.0000 | 
8.8000 | 0.0257 | -0.0000 | 1.5700 | -0.0364 | -0.0000 | 5.1690 | -0.0613 | -0.0000 | 5.2010 | 0.0506 | 0.0000 | 
8.8769 | 0.0259 | -0.0000 | 1.5837 | -0.0366 | -0.0000 | 5.2142 | -0.0618 | -0.0000 | 5.2464 | 0.0511 | 0.0000 | 
8.9538 | 0.0261 | -0.0000 | 1.5973 | -0.0368 | -0.0000 | 5.2593 | -0.0623 | -0.0000 | 5.2918 | 0.0515 | 0.0000 | 
9.0307 | 0.0262 | 0.0000 | 1.6109 | -0.0370 | -0.0000 | 5.3044 | -0.0627 | -0.0000 | 5.3372 | 0.0520 | 0.0000 | 
9.1076 | 0.0264 | -0.0000 | 1.6245 | -0.0372 | -0.0000 | 5.3495 | -0.0632 | -0.0000 | 5.3826 | 0.0524 | 0.0000 | 
9.1845 | 0.0266 | -0.0000 | 1.6381 | -0.0374 | -0.0000 | 5.3946 | -0.0637 | -0.0000 | 5.4280 | 0.0529 | 0.0000 | 
9.2614 | 0.0267 | -0.0000 | 1.6517 | -0.0375 | -0.0000 | 5.4398 | -0.0642 | -0.0000 | 5.4734 | 0.0534 | 0.0000 | 
9.3383 | 0.0269 | -0.0000 | 1.6653 | -0.0377 | -0.0000 | 5.4849 | -0.0646 | -0.0000 | 5.5187 | 0.0538 | 0.0000 | 
9.4152 | 0.0271 | 0.0000 | 1.6789 | -0.0379 | -0.0000 | 5.5300 | -0.0651 | -0.0000 | 5.5641 | 0.0543 | 0.0000 | 
9.4921 | 0.0272 | -0.0000 | 1.6925 | -0.0380 | -0.0000 | 5.5751 | -0.0656 | -0.0000 | 5.6095 | 0.0548 | 0.0000 | 
9.5691 | 0.0274 | -0.0000 | 1.7061 | -0.0382 | -0.0000 | 5.6203 | -0.0660 | -0.0000 | 5.6549 | 0.0552 | 0.0000 | 
9.6460 | 0.0275 | -0.0000 | 1.7197 | -0.0384 | -0.0000 | 5.6654 | -0.0665 | -0.0000 | 5.7003 | 0.0557 | 0.0000 | 
9.7229 | 0.0277 | -0.0000 | 1.7333 | -0.0385 | -0.0000 | 5.7105 | -0.0670 | -0.0000 | 5.7457 | 0.0561 | 0.0000 | 
9.7998 | 0.0278 | 0.0000 | 1.7469 | -0.0387 | -0.0000 | 5.7556 | -0.0675 | -0.0000 | 5.7911 | 0.0566 | 0.0000 | 
9.8767 | 0.0280 | -0.0000 | 1.7605 | -0.0389 | -0.0000 | 5.8007 | -0.0679 | -0.0000 | 5.8365 | 0.0570 | 0.0000 | 
9.9537 | 0.0281 | -0.0000 | 1.7741 | -0.0390 | -0.0000 | 5.8459 | -0.0684 | -0.0000 | 5.8819 | 0.0575 | 0.0000 | 
10.0306 | 0.0283 | -0.0000 | 1.7877 | -0.0392 | -0.0000 | 5.8910 | -0.0689 | -0.0000 | 5.9273 | 0.0580 | 0.0000 | 
10.1075 | 0.0284 | -0.0000 | 1.8012 | -0.0394 | -0.0000 | 5.9361 | -0.0694 | -0.0000 | 5.9727 | 0.0584 | 0.0000 | 
10.1845 | 0.0286 | 0.0000 | 1.8148 | -0.0396 | -0.0000 | 5.9812 | -0.0698 | -0.0000 | 6.0180 | 0.0589 | 0.0000 | 
10.2614 | 0.0287 | -0.0000 | 1.8284 | -0.0397 | -0.0000 | 6.0263 | -0.0703 | -0.0000 | 6.0634 | 0.0593 | 0.0000 | 
10.3383 | 0.0289 | -0.0000 | 1.8419 | -0.0399 | -0.0000 | 6.0715 | -0.0708 | -0.0000 | 6.1088 | 0.0598 | 0.0000 | 
10.4153 | 0.0290 | -0.0000 | 1.8555 | -0.0401 | -0.0000 | 6.1166 | -0.0713 | -0.0000 | 6.1542 | 0.0602 | 0.0000 | 
10.4922 | 0.0291 | -0.0000 | 1.8691 | -0.0402 | -0.0000 | 6.1617 | -0.0718 | -0.0000 | 6.1996 | 0.0607 | 0.0000 | 
10.5692 | 0.0293 | 0.0000 | 1.8826 | -0.0404 | -0.0000 | 6.2068 | -0.0722 | -0.0000 | 6.2450 | 0.0611 | 0.0000 | 
10.6461 | 0.0294 | -0.0000 | 1.8962 | -0.0405 | -0.0000 | 6.2520 | -0.0727 | -0.0000 | 6.2904 | 0.0616 | 0.0000 | 
10.7231 | 0.0296 | -0.0000 | 1.9098 | -0.0407 | -0.0000 | 6.2971 | -0.0731 | -0.0000 | 6.3358 | 0.0620 | 0.0000 | 
10.8001 | 0.0297 | -0.0000 | 1.9233 | -0.0409 | -0.0000 | 6.3422 | -0.0736 | -0.0000 | 6.3812 | 0.0625 | 0.0000 | 
10.8770 | 0.0299 | -0.0000 | 1.9369 | -0.0410 | -0.0000 | 6.3873 | -0.0741 | -0.0000 | 6.4266 | 0.0630 | 0.0000 | 
10.9540 | 0.0300 | -0.0000 | 1.9505 | -0.0412 | -0.0000 | 6.4325 | -0.0746 | -0.0000 | 6.4720 | 0.0634 | 0.0000 | 
11.0309 | 0.0302 | -0.0000 | 1.9640 | -0.0413 | -0.0000 | 6.4776 | -0.0750 | -0.0000 | 6.5174 | 0.0639 | 0.0000 | 
11.1079 | 0.0303 | -0.0000 | 1.9776 | -0.0415 | -0.0000 | 6.5227 | -0.0755 | -0.0000 | 6.5627 | 0.0643 | 0.0000 | 
11.1849 | 0.0304 | -0.0000 | 1.9911 | -0.0417 | -0.0000 | 6.5678 | -0.0760 | -0.0000 | 6.6081 | 0.0648 | 0.0000 | 
11.2618 | 0.0306 | -0.0000 | 2.0046 | -0.0418 | -0.0000 | 6.6130 | -0.0764 | -0.0000 | 6.6535 | 0.0652 | 0.0000 | 
11.3388 | 0.0307 | -0.0000 | 2.0182 | -0.0420 | -0.0000 | 6.6581 | -0.0769 | -0.0000 | 6.6989 | 0.0657 | 0.0000 | 
11.4158 | 0.0309 | -0.0000 | 2.0317 | -0.0421 | -0.0000 | 6.7032 | -0.0774 | -0.0000 | 6.7443 | 0.0661 | 0.0000 | 
11.4928 | 0.0310 | -0.0000 | 2.0453 | -0.0423 | -0.0000 | 6.7483 | -0.0779 | -0.0000 | 6.7897 | 0.0666 | 0.0000 | 
11.5697 | 0.0311 | -0.0000 | 2.0588 | -0.0424 | -0.0000 | 6.7934 | -0.0783 | -0.0000 | 6.8351 | 0.0670 | 0.0000 | 
11.6467 | 0.0313 | -0.0000 | 2.0723 | -0.0426 | -0.0000 | 6.8386 | -0.0788 | -0.0000 | 6.8805 | 0.0675 | 0.0000 | 
11.7237 | 0.0314 | -0.0000 | 2.0859 | -0.0427 | -0.0000 | 6.8837 | -0.0793 | -0.0000 | 6.9259 | 0.0679 | 0.0000 | 
11.8007 | 0.0316 | -0.0000 | 2.0994 | -0.0429 | -0.0000 | 6.9288 | -0.0797 | -0.0000 | 6.9713 | 0.0684 | 0.0000 | 
11.8777 | 0.0317 | -0.0000 | 2.1129 | -0.0430 | -0.0000 | 6.9739 | -0.0802 | -0.0000 | 7.0166 | 0.0688 | 0.0000 | 
11.9547 | 0.0318 | -0.0000 | 2.1264 | -0.0432 | -0.0000 | 7.0191 | -0.0806 | -0.0000 | 7.0620 | 0.0693 | 0.0000 | 
12.0317 | 0.0320 | -0.0000 | 2.1399 | -0.0433 | -0.0000 | 7.0642 | -0.0811 | -0.0000 | 7.1074 | 0.0698 | 0.0000 | 
12.1087 | 0.0321 | -0.0000 | 2.1535 | -0.0435 | -0.0000 | 7.1093 | -0.0816 | -0.0000 | 7.1528 | 0.0702 | 0.0000 | 
12.1857 | 0.0322 | -0.0000 | 2.1670 | -0.0436 | -0.0000 | 7.1544 | -0.0820 | -0.0000 | 7.1982 | 0.0707 | 0.0000 | 
12.2627 | 0.0323 | -0.0000 | 2.1805 | -0.0437 | -0.0000 | 7.1996 | -0.0825 | -0.0000 | 7.2436 | 0.0711 | 0.0000 | 
12.3397 | 0.0325 | -0.0000 | 2.1940 | -0.0439 | -0.0000 | 7.2447 | -0.0830 | -0.0000 | 7.2890 | 0.0716 | 0.0000 | 
12.4167 | 0.0326 | -0.0000 | 2.2075 | -0.0440 | -0.0000 | 7.2898 | -0.0834 | -0.0000 | 7.3344 | 0.0720 | 0.0000 | 
12.4937 | 0.0327 | -0.0000 | 2.2210 | -0.0442 | -0.0000 | 7.3349 | -0.0839 | -0.0000 | 7.3798 | 0.0725 | 0.0000 | 
12.5707 | 0.0328 | -0.0000 | 2.2345 | -0.0443 | -0.0000 | 7.3801 | -0.0844 | -0.0000 | 7.4252 | 0.0729 | 0.0000 | 
12.6477 | 0.0330 | -0.0000 | 2.2480 | -0.0444 | -0.0000 | 7.4252 | -0.0848 | -0.0000 | 7.4705 | 0.0734 | 0.0000 | 
12.7248 | 0.0331 | -0.0000 | 2.2615 | -0.0446 | -0.0000 | 7.4703 | -0.0853 | -0.0000 | 7.5159 | 0.0738 | 0.0000 | 
12.8018 | 0.0332 | -0.0000 | 2.2749 | -0.0447 | -0.0000 | 7.5154 | -0.0858 | -0.0000 | 7.5613 | 0.0743 | 0.0000 | 
12.8788 | 0.0333 | -0.0000 | 2.2884 | -0.0448 | -0.0000 | 7.5606 | -0.0862 | -0.0000 | 7.6067 | 0.0747 | 0.0000 | 
12.9559 | 0.0335 | -0.0000 | 2.3019 | -0.0450 | -0.0000 | 7.6057 | -0.0867 | -0.0000 | 7.6521 | 0.0752 | 0.0000 | 
13.0329 | 0.0336 | -0.0000 | 2.3154 | -0.0451 | -0.0000 | 7.6508 | -0.0872 | -0.0000 | 7.6975 | 0.0756 | 0.0000 | 
13.1099 | 0.0337 | -0.0000 | 2.3289 | -0.0453 | -0.0000 | 7.6959 | -0.0876 | -0.0000 | 7.7429 | 0.0761 | 0.0000 | 
13.1870 | 0.0338 | -0.0000 | 2.3423 | -0.0454 | -0.0000 | 7.7410 | -0.0881 | -0.0000 | 7.7883 | 0.0765 | 0.0000 | 
13.2640 | 0.0339 | -0.0000 | 2.3558 | -0.0455 | -0.0000 | 7.7862 | -0.0886 | -0.0000 | 7.8336 | 0.0769 | 0.0000 | 
13.3411 | 0.0341 | -0.0000 | 2.3693 | -0.0457 | -0.0000 | 7.8313 | -0.0890 | -0.0000 | 7.8790 | 0.0774 | 0.0000 | 
13.4181 | 0.0342 | -0.0000 | 2.3827 | -0.0458 | -0.0000 | 7.8764 | -0.0895 | -0.0000 | 7.9244 | 0.0778 | 0.0000 | 
13.4952 | 0.0343 | -0.0000 | 2.3962 | -0.0460 | -0.0000 | 7.9215 | -0.0900 | -0.0000 | 7.9698 | 0.0783 | 0.0000 | 
13.5722 | 0.0344 | -0.0000 | 2.4097 | -0.0461 | -0.0000 | 7.9667 | -0.0904 | -0.0000 | 8.0152 | 0.0787 | 0.0000 | 
13.6493 | 0.0345 | -0.0000 | 2.4231 | -0.0462 | -0.0000 | 8.0118 | -0.0909 | -0.0000 | 8.0606 | 0.0792 | 0.0000 | 
13.7264 | 0.0347 | -0.0000 | 2.4366 | -0.0464 | -0.0000 | 8.0569 | -0.0913 | -0.0000 | 8.1060 | 0.0796 | 0.0000 | 
13.8034 | 0.0348 | -0.0000 | 2.4500 | -0.0465 | -0.0000 | 8.1021 | -0.0918 | -0.0000 | 8.1514 | 0.0801 | 0.0000 | 
13.8805 | 0.0349 | -0.0000 | 2.4635 | -0.0466 | -0.0000 | 8.1472 | -0.0922 | -0.0000 | 8.1968 | 0.0805 | 0.0000 | 
13.9576 | 0.0350 | -0.0000 | 2.4769 | -0.0467 | -0.0000 | 8.1923 | -0.0927 | -0.0000 | 8.2422 | 0.0810 | 0.0000 | 
14.0346 | 0.0351 | -0.0000 | 2.4903 | -0.0469 | -0.0000 | 8.2374 | -0.0932 | -0.0000 | 8.2875 | 0.0814 | 0.0000 | 
14.1117 | 0.0353 | -0.0000 | 2.5038 | -0.0470 | -0.0000 | 8.2826 | -0.0936 | -0.0000 | 8.3329 | 0.0819 | 0.0000 | 
14.1888 | 0.0354 | -0.0000 | 2.5172 | -0.0471 | -0.0000 | 8.3277 | -0.0941 | -0.0000 | 8.3783 | 0.0823 | 0.0000 | 
14.2659 | 0.0355 | -0.0000 | 2.5307 | -0.0472 | -0.0000 | 8.3728 | -0.0945 | -0.0000 | 8.4237 | 0.0828 | 0.0000 | 
14.3429 | 0.0356 | -0.0000 | 2.5441 | -0.0474 | -0.0000 | 8.4179 | -0.0950 | -0.0000 | 8.4691 | 0.0832 | 0.0000 | 
14.4200 | 0.0357 | -0.0000 | 2.5575 | -0.0475 | -0.0000 | 8.4631 | -0.0955 | -0.0000 | 8.5145 | 0.0837 | 0.0000 | 
14.4971 | 0.0358 | -0.0000 | 2.5709 | -0.0476 | -0.0000 | 8.5082 | -0.0959 | -0.0000 | 8.5599 | 0.0841 | 0.0000 | 
14.5742 | 0.0360 | -0.0000 | 2.5844 | -0.0478 | -0.0000 | 8.5533 | -0.0964 | -0.0000 | 8.6053 | 0.0846 | 0.0000 | 
14.6513 | 0.0361 | -0.0000 | 2.5978 | -0.0479 | -0.0000 | 8.5984 | -0.0968 | -0.0000 | 8.6506 | 0.0850 | 0.0000 | 
14.7284 | 0.0362 | -0.0000 | 2.6112 | -0.0480 | -0.0000 | 8.6435 | -0.0973 | -0.0000 | 8.6960 | 0.0855 | 0.0000 | 
14.8055 | 0.0363 | -0.0000 | 2.6246 | -0.0482 | -0.0000 | 8.6887 | -0.0978 | -0.0000 | 8.7414 | 0.0859 | 0.0000 | 
14.8826 | 0.0364 | -0.0000 | 2.6380 | -0.0483 | -0.0000 | 8.7338 | -0.0982 | -0.0000 | 8.7868 | 0.0864 | 0.0000 | 
14.9597 | 0.0365 | -0.0000 | 2.6514 | -0.0484 | -0.0000 | 8.7789 | -0.0987 | -0.0000 | 8.8322 | 0.0868 | 0.0000 | 
15.0368 | 0.0366 | -0.0000 | 2.6648 | -0.0485 | -0.0000 | 8.8240 | -0.0991 | -0.0000 | 8.8776 | 0.0872 | 0.0000 | 
15.1139 | 0.0368 | -0.0000 | 2.6782 | -0.0487 | -0.0000 | 8.8692 | -0.0996 | -0.0000 | 8.9230 | 0.0877 | 0.0000 | 
15.1910 | 0.0369 | -0.0000 | 2.6916 | -0.0488 | -0.0000 | 8.9143 | -0.1000 | -0.0000 | 8.9684 | 0.0881 | 0.0000 | 
15.2682 | 0.0370 | -0.0000 | 2.7050 | -0.0489 | -0.0000 | 8.9594 | -0.1005 | -0.0000 | 9.0137 | 0.0886 | 0.0000 | 
15.3453 | 0.0371 | -0.0000 | 2.7184 | -0.0490 | -0.0000 | 9.0046 | -0.1010 | -0.0000 | 9.0591 | 0.0890 | 0.0000 | 
15.4224 | 0.0372 | -0.0000 | 2.7318 | -0.0491 | -0.0000 | 9.0497 | -0.1014 | -0.0000 | 9.1045 | 0.0895 | 0.0000 | 
15.4995 | 0.0373 | -0.0000 | 2.7452 | -0.0492 | -0.0000 | 9.0948 | -0.1019 | -0.0000 | 9.1499 | 0.0899 | 0.0000 | 
15.5767 | 0.0374 | -0.0000 | 2.7586 | -0.0493 | -0.0000 | 9.1399 | -0.1023 | -0.0000 | 9.1953 | 0.0904 | 0.0000 | 
15.6538 | 0.0375 | -0.0000 | 2.7719 | -0.0495 | -0.0000 | 9.1851 | -0.1028 | -0.0000 | 9.2407 | 0.0908 | 0.0000 | 
15.7309 | 0.0376 | -0.0000 | 2.7853 | -0.0496 | -0.0000 | 9.2302 | -0.1032 | -0.0000 | 9.2861 | 0.0913 | 0.0000 | 
15.8081 | 0.0377 | -0.0000 | 2.7987 | -0.0497 | -0.0000 | 9.2753 | -0.1037 | -0.0000 | 9.3315 | 0.0917 | 0.0000 | 
15.8852 | 0.0378 | -0.0000 | 2.8121 | -0.0498 | -0.0000 | 9.3204 | -0.1041 | -0.0000 | 9.3768 | 0.0922 | 0.0000 | 
15.9624 | 0.0379 | 0.0000 | 2.8254 | -0.0499 | -0.0000 | 9.3656 | -0.1046 | -0.0000 | 9.4222 | 0.0926 | 0.0000 | 
16.0395 | 0.0380 | -0.0000 | 2.8388 | -0.0500 | -0.0000 | 9.4107 | -0.1051 | -0.0000 | 9.4676 | 0.0930 | 0.0000 | 
16.1167 | 0.0381 | -0.0000 | 2.8521 | -0.0501 | -0.0000 | 9.4558 | -0.1055 | -0.0000 | 9.5130 | 0.0935 | 0.0000 | 
16.1938 | 0.0382 | -0.0000 | 2.8655 | -0.0503 | -0.0000 | 9.5009 | -0.1060 | -0.0000 | 9.5584 | 0.0939 | 0.0000 | 
16.2710 | 0.0383 | -0.0000 | 2.8788 | -0.0504 | -0.0000 | 9.5461 | -0.1064 | -0.0000 | 9.6038 | 0.0944 | 0.0000 | 
16.3482 | 0.0384 | -0.0000 | 2.8922 | -0.0505 | -0.0000 | 9.5912 | -0.1069 | -0.0000 | 9.6492 | 0.0948 | 0.0000 | 
16.4253 | 0.0385 | -0.0000 | 2.9055 | -0.0506 | -0.0000 | 9.6363 | -0.1073 | -0.0000 | 9.6946 | 0.0953 | 0.0000 | 
16.5025 | 0.0386 | -0.0000 | 2.9189 | -0.0507 | -0.0000 | 9.6814 | -0.1078 | -0.0000 | 9.7399 | 0.0957 | 0.0000 | 
16.5797 | 0.0387 | -0.0000 | 2.9322 | -0.0508 | -0.0000 | 9.7266 | -0.1082 | -0.0000 | 9.7853 | 0.0962 | 0.0000 | 
16.6569 | 0.0388 | -0.0000 | 2.9456 | -0.0509 | -0.0000 | 9.7717 | -0.1087 | -0.0000 | 9.8307 | 0.0966 | 0.0000 | 
16.7340 | 0.0389 | -0.0000 | 2.9589 | -0.0510 | -0.0000 | 9.8168 | -0.1091 | -0.0000 | 9.8761 | 0.0970 | 0.0000 | 
16.8112 | 0.0390 | -0.0000 | 2.9722 | -0.0511 | -0.0000 | 9.8620 | -0.1096 | -0.0000 | 9.9215 | 0.0975 | 0.0000 | 
16.8884 | 0.0391 | -0.0000 | 2.9855 | -0.0512 | -0.0000 | 9.9071 | -0.1100 | -0.0000 | 9.9669 | 0.0979 | 0.0000 | 
16.9656 | 0.0392 | -0.0000 | 2.9989 | -0.0513 | -0.0000 | 9.9522 | -0.1105 | -0.0000 | 10.0123 | 0.0984 | 0.0000 | 
17.0428 | 0.0393 | -0.0000 | 3.0122 | -0.0515 | -0.0000 | 9.9973 | -0.1110 | -0.0000 | 10.0576 | 0.0988 | 0.0000 | 
17.1200 | 0.0394 | -0.0000 | 3.0255 | -0.0516 | -0.0000 | 10.0425 | -0.1114 | -0.0000 | 10.1030 | 0.0992 | 0.0000 | 
17.1972 | 0.0395 | -0.0000 | 3.0388 | -0.0517 | -0.0000 | 10.0876 | -0.1119 | -0.0000 | 10.1484 | 0.0997 | 0.0000 | 
17.2744 | 0.0396 | -0.0000 | 3.0521 | -0.0518 | -0.0000 | 10.1327 | -0.1123 | -0.0000 | 10.1938 | 0.1001 | 0.0000 | 
17.3516 | 0.0397 | -0.0000 | 3.0654 | -0.0519 | -0.0000 | 10.1778 | -0.1128 | -0.0000 | 10.2392 | 0.1006 | 0.0000 | 
17.4288 | 0.0398 | -0.0000 | 3.0787 | -0.0520 | -0.0000 | 10.2230 | -0.1132 | -0.0000 | 10.2846 | 0.1010 | 0.0000 | 
17.5060 | 0.0399 | -0.0000 | 3.0920 | -0.0521 | -0.0000 | 10.2681 | -0.1137 | -0.0000 | 10.3300 | 0.1014 | 0.0000 | 
17.5832 | 0.0400 | -0.0000 | 3.1053 | -0.0522 | -0.0000 | 10.3132 | -0.1141 | -0.0000 | 10.3754 | 0.1019 | 0.0000 | 
17.6605 | 0.0401 | -0.0000 | 3.1186 | -0.0523 | -0.0000 | 10.3583 | -0.1146 | -0.0000 | 10.4207 | 0.1023 | 0.0000 | 
17.7377 | 0.0402 | -0.0000 | 3.1319 | -0.0524 | -0.0000 | 10.4035 | -0.1150 | -0.0000 | 10.4661 | 0.1028 | 0.0000 | 
17.8149 | 0.0403 | -0.0000 | 3.1452 | -0.0525 | -0.0000 | 10.4486 | -0.1155 | -0.0000 | 10.5115 | 0.1032 | 0.0000 | 
17.8921 | 0.0404 | -0.0000 | 3.1585 | -0.0527 | -0.0000 | 10.4937 | -0.1159 | -0.0000 | 10.5569 | 0.1036 | 0.0000 | 
17.9694 | 0.0405 | -0.0000 | 3.1718 | -0.0528 | -0.0000 | 10.5389 | -0.1164 | -0.0000 | 10.6023 | 0.1041 | 0.0000 | 
18.0466 | 0.0406 | -0.0000 | 3.1850 | -0.0529 | -0.0000 | 10.5840 | -0.1168 | -0.0000 | 10.6477 | 0.1045 | 0.0000 | 
18.1238 | 0.0407 | -0.0000 | 3.1983 | -0.0530 | -0.0000 | 10.6291 | -0.1173 | -0.0000 | 10.6931 | 0.1050 | 0.0000 | 
18.2011 | 0.0408 | -0.0000 | 3.2116 | -0.0531 | -0.0000 | 10.6742 | -0.1177 | -0.0000 | 10.7384 | 0.1054 | 0.0000 | 
18.2783 | 0.0408 | -0.0000 | 3.2249 | -0.0532 | -0.0000 | 10.7194 | -0.1182 | -0.0000 | 10.7838 | 0.1058 | 0.0000 | 
18.3556 | 0.0409 | -0.0000 | 3.2381 | -0.0533 | -0.0000 | 10.7645 | -0.1186 | -0.0000 | 10.8292 | 0.1063 | 0.0000 | 
18.4328 | 0.0410 | -0.0000 | 3.2514 | -0.0534 | -0.0000 | 10.8096 | -0.1191 | -0.0000 | 10.8746 | 0.1067 | 0.0000 | 
18.5101 | 0.0411 | -0.0000 | 3.2646 | -0.0535 | -0.0000 | 10.8547 | -0.1195 | -0.0000 | 10.9200 | 0.1072 | 0.0000 | 
18.5873 | 0.0412 | -0.0000 | 3.2779 | -0.0536 | -0.0000 | 10.8999 | -0.1200 | -0.0000 | 10.9654 | 0.1076 | 0.0000 | 
18.6646 | 0.0413 | -0.0000 | 3.2911 | -0.0537 | -0.0000 | 10.9450 | -0.1204 | -0.0000 | 11.0108 | 0.1081 | 0.0000 | 
18.7419 | 0.0414 | -0.0000 | 3.3044 | -0.0537 | -0.0000 | 10.9901 | -0.1208 | -0.0000 | 11.0561 | 0.1085 | 0.0000 | 
18.8191 | 0.0415 | -0.0000 | 3.3176 | -0.0538 | -0.0000 | 11.0352 | -0.1213 | -0.0000 | 11.1015 | 0.1089 | 0.0000 | 
18.8964 | 0.0416 | -0.0000 | 3.3309 | -0.0539 | -0.0000 | 11.0804 | -0.1217 | -0.0000 | 11.1469 | 0.1094 | 0.0000 | 
18.9737 | 0.0417 | -0.0000 | 3.3441 | -0.0540 | -0.0000 | 11.1255 | -0.1222 | -0.0000 | 11.1923 | 0.1098 | 0.0000 | 
19.0510 | 0.0418 | -0.0000 | 3.3573 | -0.0541 | -0.0000 | 11.1706 | -0.1226 | -0.0000 | 11.2377 | 0.1103 | 0.0000 | 
19.1282 | 0.0419 | -0.0000 | 3.3706 | -0.0542 | -0.0000 | 11.2158 | -0.1231 | -0.0000 | 11.2831 | 0.1107 | 0.0000 | 
19.2055 | 0.0419 | -0.0000 | 3.3838 | -0.0543 | -0.0000 | 11.2609 | -0.1235 | -0.0000 | 11.3284 | 0.1111 | 0.0000 | 
19.2828 | 0.0420 | -0.0000 | 3.3970 | -0.0544 | -0.0000 | 11.3060 | -0.1240 | -0.0000 | 11.3738 | 0.1116 | 0.0000 | 
19.3601 | 0.0421 | -0.0000 | 3.4103 | -0.0545 | -0.0000 | 11.3511 | -0.1244 | -0.0000 | 11.4192 | 0.1120 | 0.0000 | 
19.4374 | 0.0422 | -0.0000 | 3.4235 | -0.0546 | -0.0000 | 11.3963 | -0.1249 | -0.0000 | 11.4646 | 0.1124 | 0.0000 | 
19.5147 | 0.0423 | -0.0000 | 3.4367 | -0.0547 | -0.0000 | 11.4414 | -0.1253 | -0.0000 | 11.5100 | 0.1129 | 0.0000 | 
19.5920 | 0.0424 | -0.0000 | 3.4499 | -0.0548 | -0.0000 | 11.4865 | -0.1258 | -0.0000 | 11.5554 | 0.1133 | 0.0000 | 
19.6693 | 0.0425 | -0.0000 | 3.4631 | -0.0549 | -0.0000 | 11.5316 | -0.1262 | -0.0000 | 11.6008 | 0.1137 | 0.0000 | 
19.7466 | 0.0426 | -0.0000 | 3.4763 | -0.0550 | -0.0000 | 11.5768 | -0.1267 | -0.0000 | 11.6461 | 0.1142 | 0.0000 | 
19.8239 | 0.0426 | -0.0000 | 3.4895 | -0.0551 | -0.0000 | 11.6219 | -0.1271 | -0.0000 | 11.6915 | 0.1146 | 0.0000 | 
19.9012 | 0.0427 | -0.0000 | 3.5027 | -0.0552 | -0.0000 | 11.6670 | -0.1275 | -0.0000 | 11.7369 | 0.1151 | 0.0000 | 
19.9785 | 0.0428 | -0.0000 | 3.5159 | -0.0553 | -0.0000 | 11.7121 | -0.1280 | -0.0000 | 11.7823 | 0.1155 | 0.0000 | 
20.0559 | 0.0429 | -0.0000 | 3.5291 | -0.0554 | -0.0000 | 11.7573 | -0.1284 | -0.0000 | 11.8277 | 0.1159 | 0.0000 | 
20.1332 | 0.0430 | -0.0000 | 3.5423 | -0.0555 | -0.0000 | 11.8024 | -0.1289 | -0.0000 | 11.8731 | 0.1164 | 0.0000 | 
20.2105 | 0.0431 | -0.0000 | 3.5555 | -0.0556 | -0.0000 | 11.8475 | -0.1293 | -0.0000 | 11.9185 | 0.1168 | 0.0000 | 
20.2879 | 0.0431 | -0.0000 | 3.5686 | -0.0557 | -0.0000 | 11.8927 | -0.1298 | -0.0000 | 11.9638 | 0.1172 | 0.0000 | 
20.3652 | 0.0432 | -0.0000 | 3.5818 | -0.0558 | -0.0000 | 11.9378 | -0.1302 | -0.0000 | 12.0092 | 0.1177 | 0.0000 | 
20.4425 | 0.0433 | -0.0000 | 3.5950 | -0.0558 | -0.0000 | 11.9829 | -0.1306 | -0.0000 | 12.0546 | 0.1181 | 0.0000 | 
20.5199 | 0.0434 | -0.0000 | 3.6082 | -0.0559 | -0.0000 | 12.0280 | -0.1311 | -0.0000 | 12.1000 | 0.1185 | 0.0000 | 
20.5972 | 0.0435 | -0.0000 | 3.6213 | -0.0560 | -0.0000 | 12.0732 | -0.1315 | -0.0000 | 12.1454 | 0.1190 | 0.0000 | 
20.6746 | 0.0436 | -0.0000 | 3.6345 | -0.0561 | -0.0000 | 12.1183 | -0.1320 | -0.0000 | 12.1908 | 0.1194 | 0.0000 | 
20.7519 | 0.0436 | -0.0000 | 3.6477 | -0.0562 | -0.0000 | 12.1634 | -0.1324 | -0.0000 | 12.2361 | 0.1199 | 0.0000 | 
20.8293 | 0.0437 | -0.0000 | 3.6608 | -0.0563 | -0.0000 | 12.2086 | -0.1329 | -0.0000 | 12.2815 | 0.1203 | 0.0000 | 
20.9066 | 0.0438 | -0.0000 | 3.6740 | -0.0564 | -0.0000 | 12.2537 | -0.1333 | -0.0000 | 12.3269 | 0.1207 | 0.0000 | 
20.9840 | 0.0439 | -0.0000 | 3.6871 | -0.0565 | -0.0000 | 12.2988 | -0.1337 | -0.0000 | 12.3723 | 0.1212 | 0.0000 | 
21.0614 | 0.0439 | -0.0000 | 3.7003 | -0.0565 | -0.0000 | 12.3439 | -0.1342 | -0.0000 | 12.4177 | 0.1216 | 0.0000 | 
21.1387 | 0.0440 | -0.0000 | 3.7134 | -0.0566 | -0.0000 | 12.3891 | -0.1346 | -0.0000 | 12.4631 | 0.1220 | 0.0000 | 
21.2161 | 0.0441 | -0.0000 | 3.7266 | -0.0567 | -0.0000 | 12.4342 | -0.1351 | -0.0000 | 12.5085 | 0.1225 | 0.0000 | 
21.2935 | 0.0442 | -0.0000 | 3.7397 | -0.0568 | -0.0000 | 12.4793 | -0.1355 | -0.0000 | 12.5538 | 0.1229 | 0.0000 | 
21.3709 | 0.0443 | -0.0000 | 3.7528 | -0.0569 | -0.0000 | 12.5245 | -0.1360 | -0.0000 | 12.5992 | 0.1233 | 0.0000 | 
21.4482 | 0.0443 | -0.0000 | 3.7659 | -0.0570 | -0.0000 | 12.5696 | -0.1364 | -0.0000 | 12.6446 | 0.1238 | 0.0000 | 
21.5256 | 0.0444 | -0.0000 | 3.7791 | -0.0571 | -0.0000 | 12.6147 | -0.1368 | -0.0000 | 12.6900 | 0.1242 | 0.0000 | 
21.6030 | 0.0445 | -0.0000 | 3.7922 | -0.0571 | -0.0000 | 12.6598 | -0.1373 | -0.0000 | 12.7354 | 0.1246 | 0.0000 | 
21.6804 | 0.0446 | -0.0000 | 3.8053 | -0.0572 | -0.0000 | 12.7050 | -0.1377 | -0.0000 | 12.7808 | 0.1251 | 0.0000 | 
21.7578 | 0.0446 | -0.0000 | 3.8184 | -0.0573 | -0.0000 | 12.7501 | -0.1382 | -0.0000 | 12.8261 | 0.1255 | 0.0000 | 
21.8352 | 0.0447 | -0.0000 | 3.8315 | -0.0574 | -0.0000 | 12.7952 | -0.1386 | -0.0000 | 12.8715 | 0.1259 | 0.0000 | 
21.9126 | 0.0448 | -0.0000 | 3.8446 | -0.0575 | -0.0000 | 12.8404 | -0.1390 | -0.0000 | 12.9169 | 0.1264 | 0.0000 | 
21.9900 | 0.0449 | -0.0000 | 3.8577 | -0.0575 | -0.0000 | 12.8855 | -0.1395 | -0.0000 | 12.9623 | 0.1268 | 0.0000 | 
22.0675 | 0.0449 | -0.0000 | 3.8708 | -0.0576 | -0.0000 | 12.9306 | -0.1399 | -0.0000 | 13.0077 | 0.1272 | 0.0000 | 
22.1449 | 0.0450 | -0.0000 | 3.8839 | -0.0577 | -0.0000 | 12.9757 | -0.1404 | -0.0000 | 13.0531 | 0.1277 | 0.0000 | 
22.2223 | 0.0451 | -0.0000 | 3.8970 | -0.0578 | -0.0000 | 13.0209 | -0.1408 | -0.0000 | 13.0984 | 0.1281 | 0.0000 | 
22.2997 | 0.0452 | -0.0000 | 3.9101 | -0.0579 | -0.0000 | 13.0660 | -0.1412 | -0.0000 | 13.1438 | 0.1285 | 0.0000 | 
22.3771 | 0.0452 | -0.0000 | 3.9232 | -0.0580 | -0.0000 | 13.1111 | -0.1417 | -0.0000 | 13.1892 | 0.1290 | 0.0000 | 
22.4546 | 0.0453 | -0.0000 | 3.9363 | -0.0580 | -0.0000 | 13.1563 | -0.1421 | -0.0000 | 13.2346 | 0.1294 | 0.0000 | 
22.5320 | 0.0454 | -0.0000 | 3.9493 | -0.0581 | -0.0000 | 13.2014 | -0.1426 | -0.0000 | 13.2800 | 0.1298 | 0.0000 | 
22.6094 | 0.0454 | -0.0000 | 3.9624 | -0.0582 | -0.0000 | 13.2465 | -0.1430 | -0.0000 | 13.3254 | 0.1303 | 0.0000 | 
22.6869 | 0.0455 | -0.0000 | 3.9755 | -0.0583 | -0.0000 | 13.2916 | -0.1434 | -0.0000 | 13.3707 | 0.1307 | 0.0000 | 
22.7643 | 0.0456 | -0.0000 | 3.9886 | -0.0584 | -0.0000 | 13.3368 | -0.1439 | -0.0000 | 13.4161 | 0.1311 | 0.0000 | 
22.8418 | 0.0457 | -0.0000 | 4.0016 | -0.0584 | -0.0000 | 13.3819 | -0.1443 | -0.0000 | 13.4615 | 0.1315 | 0.0000 | 
22.9192 | 0.0457 | -0.0000 | 4.0147 | -0.0585 | -0.0000 | 13.4270 | -0.1447 | -0.0000 | 13.5069 | 0.1320 | 0.0000 | 
22.9967 | 0.0458 | -0.0000 | 4.0277 | -0.0586 | -0.0000 | 13.4721 | -0.1452 | -0.0000 | 13.5523 | 0.1324 | 0.0000 | 
23.0742 | 0.0459 | -0.0000 | 4.0408 | -0.0587 | -0.0000 | 13.5173 | -0.1456 | -0.0000 | 13.5977 | 0.1328 | 0.0000 | 
23.1516 | 0.0460 | -0.0000 | 4.0538 | -0.0588 | -0.0000 | 13.5624 | -0.1461 | -0.0000 | 13.6430 | 0.1333 | 0.0000 | 
23.2291 | 0.0460 | -0.0000 | 4.0669 | -0.0588 | -0.0000 | 13.6075 | -0.1465 | -0.0000 | 13.6884 | 0.1337 | 0.0000 | 
23.3066 | 0.0461 | -0.0000 | 4.0799 | -0.0589 | -0.0000 | 13.6527 | -0.1469 | -0.0000 | 13.7338 | 0.1341 | 0.0000 | 
23.3840 | 0.0462 | -0.0000 | 4.0930 | -0.0590 | -0.0000 | 13.6978 | -0.1474 | -0.0000 | 13.7792 | 0.1346 | 0.0000 | 
23.4615 | 0.0463 | -0.0000 | 4.1060 | -0.0591 | -0.0000 | 13.7429 | -0.1478 | -0.0000 | 13.8246 | 0.1350 | 0.0000 | 
23.5390 | 0.0463 | -0.0000 | 4.1190 | -0.0592 | -0.0000 | 13.7880 | -0.1482 | -0.0000 | 13.8700 | 0.1354 | 0.0000 | 
23.6165 | 0.0464 | -0.0000 | 4.1321 | -0.0592 | -0.0000 | 13.8332 | -0.1487 | -0.0000 | 13.9153 | 0.1358 | 0.0000 | 
23.6940 | 0.0465 | -0.0000 | 4.1451 | -0.0593 | -0.0000 | 13.8783 | -0.1491 | -0.0000 | 13.9607 | 0.1363 | 0.0000 | 
23.7715 | 0.0465 | -0.0000 | 4.1581 | -0.0594 | -0.0000 | 13.9234 | -0.1496 | -0.0000 | 14.0061 | 0.1367 | 0.0000 | 
23.8489 | 0.0466 | -0.0000 | 4.1711 | -0.0595 | -0.0000 | 13.9686 | -0.1500 | -0.0000 | 14.0515 | 0.1371 | 0.0000 | 
23.9264 | 0.0467 | -0.0000 | 4.1841 | -0.0595 | -0.0000 | 14.0137 | -0.1504 | -0.0000 | 14.0969 | 0.1376 | 0.0000 | 
24.0040 | 0.0467 | -0.0000 | 4.1971 | -0.0596 | -0.0000 | 14.0588 | -0.1509 | -0.0000 | 14.1423 | 0.1380 | 0.0000 | 
24.0815 | 0.0468 | -0.0000 | 4.2101 | -0.0597 | -0.0000 | 14.1039 | -0.1513 | -0.0000 | 14.1876 | 0.1384 | 0.0000 | 
24.1590 | 0.0469 | -0.0000 | 4.2231 | -0.0598 | -0.0000 | 14.1491 | -0.1517 | -0.0000 | 14.2330 | 0.1388 | 0.0000 | 
24.2365 | 0.0470 | -0.0000 | 4.2361 | -0.0599 | -0.0000 | 14.1942 | -0.1522 | -0.0000 | 14.2784 | 0.1393 | 0.0000 | 
24.3140 | 0.0470 | -0.0000 | 4.2491 | -0.0599 | -0.0000 | 14.2393 | -0.1526 | -0.0000 | 14.3238 | 0.1397 | 0.0000 | 
24.3915 | 0.0471 | -0.0000 | 4.2621 | -0.0600 | -0.0000 | 14.2845 | -0.1530 | -0.0000 | 14.3692 | 0.1401 | 0.0000 | 
24.4691 | 0.0472 | -0.0000 | 4.2751 | -0.0601 | -0.0000 | 14.3296 | -0.1535 | -0.0000 | 14.4146 | 0.1406 | 0.0000 | 
24.5466 | 0.0472 | -0.0000 | 4.2881 | -0.0602 | -0.0000 | 14.3747 | -0.1539 | -0.0000 | 14.4599 | 0.1410 | 0.0000 | 
24.6241 | 0.0473 | -0.0000 | 4.3011 | -0.0602 | -0.0000 | 14.4198 | -0.1543 | -0.0000 | 14.5053 | 0.1414 | 0.0000 | 
24.7017 | 0.0474 | -0.0000 | 4.3140 | -0.0603 | -0.0000 | 14.4650 | -0.1548 | -0.0000 | 14.5507 | 0.1418 | 0.0000 | 
24.7792 | 0.0474 | -0.0000 | 4.3270 | -0.0604 | -0.0000 | 14.5101 | -0.1552 | -0.0000 | 14.5961 | 0.1423 | 0.0000 | 
24.8567 | 0.0475 | -0.0000 | 4.3400 | -0.0604 | -0.0000 | 14.5552 | -0.1556 | -0.0000 | 14.6415 | 0.1427 | 0.0000 | 
24.9343 | 0.0476 | -0.0000 | 4.3529 | -0.0605 | -0.0000 | 14.6004 | -0.1561 | -0.0000 | 14.6869 | 0.1431 | 0.0000 | 
25.0118 | 0.0476 | -0.0000 | 4.3659 | -0.0606 | -0.0000 | 14.6455 | -0.1565 | -0.0000 | 14.7322 | 0.1435 | 0.0000 | 
25.0894 | 0.0477 | -0.0000 | 4.3788 | -0.0607 | -0.0000 | 14.6906 | -0.1569 | -0.0000 | 14.7776 | 0.1440 | 0.0000 | 
25.1670 | 0.0478 | -0.0000 | 4.3918 | -0.0607 | -0.0000 | 14.7357 | -0.1574 | -0.0000 | 14.8230 | 0.1444 | 0.0000 | 
25.2445 | 0.0478 | -0.0000 | 4.4047 | -0.0608 | -0.0000 | 14.7809 | -0.1578 | -0.0000 | 14.8684 | 0.1448 | 0.0000 | 
25.3221 | 0.0479 | -0.0000 | 4.4177 | -0.0609 | -0.0000 | 14.8260 | -0.1582 | -0.0000 | 14.9138 | 0.1453 | 0.0000 | 
25.3997 | 0.0480 | -0.0000 | 4.4306 | -0.0610 | -0.0000 | 14.8711 | -0.1587 | -0.0000 | 14.9591 | 0.1457 | 0.0000 | 
25.4772 | 0.0480 | -0.0000 | 4.4436 | -0.0610 | -0.0000 | 14.9163 | -0.1591 | -0.0000 | 15.0045 | 0.1461 | 0.0000 | 
25.5548 | 0.0481 | -0.0000 | 4.4565 | -0.0611 | -0.0000 | 14.9614 | -0.1595 | -0.0000 | 15.0499 | 0.1465 | 0.0000 | 
25.6324 | 0.0482 | -0.0000 | 4.4694 | -0.0612 | -0.0000 | 15.0065 | -0.1600 | -0.0000 | 15.0953 | 0.1470 | 0.0000 | 
25.6918 | 0.0482 | -0.0000 | 4.4793 | -0.0612 | -0.0000 | 15.0411 | -0.1603 | -0.0000 | 15.1300 | 0.1473 | 0.0000 | 
