Test angle: 90
Node_A_151 coordinates: initialX | initialY | initialZ 
75.0000 | 0.0000 | 0.0000 | 
Node_B_1051 coordinates: initialX | initialY | initialZ 
-75.0000 | 0.0000 | 0.0000 | 
Node_C_606 coordinates: initialX | initialY | initialZ 
0.0000 | 5.0000 | 0.0000 | 
Node_D_1256 coordinates: initialX | initialY | initialZ 
0.0000 | -5.0000 | 0.0000 | 
  UA1  |  UA2  |  UA3 | UB1 | UB2 | UB3 | UC1 | UC2 | UC3 | UD1 | UD2 | UD3 
0.0000 | 0.0000 | 0.0000 | 0.0000 | 0.0000 | 0.0000 | 0.0000 | 0.0000 | 0.0000 | 0.0000 | 0.0000 | 0.0000 | 
0.0014 | -0.0000 | 0.0000 | 0.0004 | -0.0000 | 0.0000 | 0.0009 | -0.0000 | 0.0000 | 0.0009 | -0.0000 | 0.0000 | 
0.0029 | -0.0000 | -0.0000 | 0.0007 | -0.0000 | -0.0000 | 0.0018 | -0.0001 | -0.0000 | 0.0018 | -0.0000 | -0.0000 | 
0.0051 | -0.0001 | 0.0000 | 0.0013 | -0.0001 | 0.0000 | 0.0032 | -0.0001 | 0.0000 | 0.0032 | -0.0000 | 0.0000 | 
0.0083 | -0.0001 | -0.0000 | 0.0021 | -0.0001 | -0.0000 | 0.0052 | -0.0002 | -0.0000 | 0.0052 | -0.0000 | -0.0000 | 
0.0132 | -0.0001 | 0.0000 | 0.0033 | -0.0001 | 0.0000 | 0.0083 | -0.0002 | 0.0000 | 0.0083 | -0.0000 | 0.0000 | 
0.0205 | -0.0002 | -0.0000 | 0.0052 | -0.0002 | -0.0000 | 0.0128 | -0.0004 | -0.0000 | 0.0128 | -0.0000 | -0.0000 | 
0.0314 | -0.0003 | 0.0000 | 0.0080 | -0.0003 | 0.0000 | 0.0197 | -0.0006 | 0.0000 | 0.0197 | -0.0001 | 0.0000 | 
0.0479 | -0.0005 | -0.0000 | 0.0122 | -0.0005 | -0.0000 | 0.0300 | -0.0009 | -0.0000 | 0.0300 | -0.0001 | -0.0000 | 
0.0726 | -0.0008 | 0.0000 | 0.0184 | -0.0008 | 0.0000 | 0.0455 | -0.0014 | 0.0000 | 0.0455 | -0.0002 | 0.0000 | 
0.1096 | -0.0012 | -0.0000 | 0.0278 | -0.0012 | -0.0000 | 0.0687 | -0.0021 | -0.0000 | 0.0687 | -0.0003 | -0.0000 | 
0.1651 | -0.0018 | 0.0000 | 0.0419 | -0.0018 | 0.0000 | 0.1035 | -0.0031 | 0.0000 | 0.1035 | -0.0004 | 0.0000 | 
0.2373 | -0.0025 | -0.0000 | 0.0602 | -0.0025 | -0.0000 | 0.1487 | -0.0045 | -0.0000 | 0.1487 | -0.0006 | -0.0000 | 
0.3094 | -0.0033 | -0.0000 | 0.0786 | -0.0033 | -0.0000 | 0.1940 | -0.0058 | -0.0000 | 0.1940 | -0.0007 | -0.0000 | 
0.3873 | -0.0035 | 0.0000 | 0.0912 | -0.0034 | -0.0000 | 0.2393 | -0.0068 | 0.0000 | 0.2393 | -0.0001 | -0.0000 | 
0.4656 | -0.0035 | 0.0000 | 0.1035 | -0.0035 | 0.0000 | 0.2845 | -0.0077 | -0.0000 | 0.2845 | 0.0006 | -0.0000 | 
0.5435 | -0.0036 | 0.0000 | 0.1160 | -0.0035 | 0.0000 | 0.3298 | -0.0085 | 0.0000 | 0.3298 | 0.0014 | -0.0000 | 
0.6213 | -0.0036 | 0.0000 | 0.1288 | -0.0036 | -0.0000 | 0.3750 | -0.0094 | 0.0000 | 0.3750 | 0.0022 | -0.0000 | 
0.6989 | -0.0037 | 0.0000 | 0.1417 | -0.0036 | 0.0000 | 0.4203 | -0.0102 | 0.0000 | 0.4203 | 0.0029 | -0.0000 | 
0.7764 | -0.0037 | -0.0000 | 0.1547 | -0.0037 | 0.0000 | 0.4655 | -0.0111 | 0.0000 | 0.4655 | 0.0037 | -0.0000 | 
0.8538 | -0.0038 | -0.0000 | 0.1678 | -0.0037 | -0.0000 | 0.5108 | -0.0119 | 0.0000 | 0.5108 | 0.0044 | -0.0000 | 
0.9311 | -0.0038 | -0.0000 | 0.1809 | -0.0038 | 0.0000 | 0.5560 | -0.0127 | 0.0000 | 0.5560 | 0.0052 | -0.0000 | 
1.0084 | -0.0039 | 0.0000 | 0.1942 | -0.0038 | -0.0000 | 0.6013 | -0.0136 | 0.0000 | 0.6013 | 0.0059 | -0.0000 | 
1.0856 | -0.0039 | 0.0000 | 0.2075 | -0.0039 | -0.0000 | 0.6466 | -0.0144 | 0.0000 | 0.6466 | 0.0066 | -0.0000 | 
1.1628 | -0.0039 | 0.0000 | 0.2209 | -0.0039 | 0.0000 | 0.6918 | -0.0152 | 0.0000 | 0.6918 | 0.0074 | -0.0000 | 
1.2399 | -0.0040 | 0.0000 | 0.2343 | -0.0039 | 0.0000 | 0.7371 | -0.0161 | 0.0000 | 0.7371 | 0.0081 | -0.0000 | 
1.3170 | -0.0041 | -0.0000 | 0.2477 | -0.0040 | 0.0000 | 0.7823 | -0.0169 | 0.0000 | 0.7823 | 0.0089 | -0.0000 | 
1.3940 | -0.0041 | 0.0000 | 0.2612 | -0.0040 | 0.0000 | 0.8276 | -0.0177 | 0.0000 | 0.8276 | 0.0096 | -0.0000 | 
1.4710 | -0.0041 | 0.0000 | 0.2747 | -0.0040 | 0.0000 | 0.8729 | -0.0185 | 0.0000 | 0.8729 | 0.0104 | -0.0000 | 
1.5480 | -0.0041 | 0.0000 | 0.2882 | -0.0041 | 0.0000 | 0.9181 | -0.0193 | 0.0000 | 0.9181 | 0.0111 | -0.0000 | 
1.6249 | -0.0042 | -0.0000 | 0.3018 | -0.0041 | -0.0000 | 0.9634 | -0.0202 | 0.0000 | 0.9634 | 0.0119 | -0.0000 | 
1.7019 | -0.0042 | -0.0000 | 0.3154 | -0.0042 | -0.0000 | 1.0086 | -0.0210 | 0.0000 | 1.0086 | 0.0126 | -0.0000 | 
1.7788 | -0.0043 | -0.0000 | 0.3290 | -0.0042 | -0.0000 | 1.0539 | -0.0218 | 0.0000 | 1.0539 | 0.0134 | -0.0000 | 
1.8557 | -0.0043 | 0.0000 | 0.3426 | -0.0042 | -0.0000 | 1.0992 | -0.0226 | 0.0000 | 1.0992 | 0.0141 | -0.0000 | 
1.9325 | -0.0043 | -0.0000 | 0.3563 | -0.0042 | 0.0000 | 1.1444 | -0.0234 | 0.0000 | 1.1444 | 0.0149 | -0.0000 | 
2.0094 | -0.0044 | 0.0000 | 0.3699 | -0.0042 | -0.0000 | 1.1896 | -0.0242 | 0.0000 | 1.1896 | 0.0156 | -0.0000 | 
2.0862 | -0.0044 | 0.0000 | 0.3836 | -0.0043 | 0.0000 | 1.2349 | -0.0250 | 0.0000 | 1.2349 | 0.0163 | -0.0000 | 
2.1630 | -0.0044 | 0.0000 | 0.3973 | -0.0043 | 0.0000 | 1.2802 | -0.0258 | 0.0000 | 1.2802 | 0.0171 | -0.0000 | 
2.2398 | -0.0045 | 0.0000 | 0.4111 | -0.0043 | -0.0000 | 1.3255 | -0.0266 | 0.0000 | 1.3254 | 0.0178 | -0.0000 | 
2.3166 | -0.0045 | -0.0000 | 0.4248 | -0.0043 | -0.0000 | 1.3707 | -0.0274 | 0.0000 | 1.3707 | 0.0186 | -0.0000 | 
2.3934 | -0.0045 | 0.0000 | 0.4385 | -0.0044 | 0.0000 | 1.4159 | -0.0282 | 0.0000 | 1.4159 | 0.0193 | -0.0000 | 
2.4701 | -0.0046 | 0.0000 | 0.4522 | -0.0044 | 0.0000 | 1.4612 | -0.0290 | 0.0000 | 1.4612 | 0.0201 | -0.0000 | 
2.5469 | -0.0046 | 0.0000 | 0.4660 | -0.0044 | 0.0000 | 1.5065 | -0.0298 | 0.0000 | 1.5065 | 0.0208 | -0.0000 | 
2.6237 | -0.0046 | 0.0000 | 0.4798 | -0.0044 | 0.0000 | 1.5517 | -0.0306 | 0.0000 | 1.5517 | 0.0216 | -0.0000 | 
2.7004 | -0.0047 | -0.0000 | 0.4936 | -0.0045 | 0.0000 | 1.5970 | -0.0314 | 0.0000 | 1.5970 | 0.0223 | -0.0000 | 
2.7771 | -0.0047 | -0.0000 | 0.5073 | -0.0045 | 0.0000 | 1.6422 | -0.0322 | 0.0000 | 1.6422 | 0.0230 | -0.0000 | 
2.8538 | -0.0047 | 0.0000 | 0.5211 | -0.0045 | 0.0000 | 1.6875 | -0.0330 | 0.0000 | 1.6875 | 0.0238 | -0.0000 | 
2.9306 | -0.0047 | 0.0000 | 0.5349 | -0.0045 | 0.0000 | 1.7327 | -0.0338 | 0.0000 | 1.7327 | 0.0245 | -0.0000 | 
3.0073 | -0.0048 | -0.0000 | 0.5487 | -0.0045 | -0.0000 | 1.7780 | -0.0346 | 0.0000 | 1.7780 | 0.0253 | -0.0000 | 
3.0840 | -0.0048 | -0.0000 | 0.5625 | -0.0046 | 0.0000 | 1.8233 | -0.0354 | 0.0000 | 1.8233 | 0.0260 | -0.0000 | 
3.1607 | -0.0048 | 0.0000 | 0.5764 | -0.0046 | -0.0000 | 1.8685 | -0.0362 | 0.0000 | 1.8685 | 0.0267 | -0.0000 | 
3.2374 | -0.0049 | -0.0000 | 0.5902 | -0.0046 | 0.0000 | 1.9138 | -0.0370 | 0.0000 | 1.9138 | 0.0275 | -0.0000 | 
3.3141 | -0.0049 | -0.0000 | 0.6040 | -0.0046 | 0.0000 | 1.9591 | -0.0378 | 0.0000 | 1.9590 | 0.0282 | -0.0000 | 
3.3907 | -0.0049 | -0.0000 | 0.6178 | -0.0047 | 0.0000 | 2.0043 | -0.0385 | 0.0000 | 2.0043 | 0.0290 | -0.0000 | 
3.4674 | -0.0049 | 0.0000 | 0.6317 | -0.0047 | 0.0000 | 2.0495 | -0.0393 | 0.0000 | 2.0495 | 0.0297 | -0.0000 | 
3.5441 | -0.0049 | -0.0000 | 0.6455 | -0.0047 | 0.0000 | 2.0948 | -0.0401 | 0.0000 | 2.0948 | 0.0305 | -0.0000 | 
3.6207 | -0.0050 | -0.0000 | 0.6593 | -0.0047 | 0.0000 | 2.1400 | -0.0409 | 0.0000 | 2.1400 | 0.0312 | -0.0000 | 
3.6974 | -0.0050 | -0.0000 | 0.6732 | -0.0047 | -0.0000 | 2.1853 | -0.0416 | 0.0000 | 2.1853 | 0.0320 | -0.0000 | 
3.7741 | -0.0050 | -0.0000 | 0.6871 | -0.0047 | 0.0000 | 2.2306 | -0.0424 | 0.0000 | 2.2306 | 0.0327 | -0.0000 | 
3.8508 | -0.0051 | -0.0000 | 0.7009 | -0.0047 | 0.0000 | 2.2759 | -0.0432 | 0.0000 | 2.2758 | 0.0334 | -0.0000 | 
3.9274 | -0.0051 | -0.0000 | 0.7148 | -0.0048 | 0.0000 | 2.3211 | -0.0440 | 0.0000 | 2.3211 | 0.0342 | -0.0000 | 
4.0041 | -0.0051 | 0.0000 | 0.7287 | -0.0048 | -0.0000 | 2.3664 | -0.0448 | 0.0000 | 2.3663 | 0.0349 | -0.0000 | 
4.0807 | -0.0051 | 0.0000 | 0.7425 | -0.0048 | -0.0000 | 2.4116 | -0.0456 | 0.0000 | 2.4116 | 0.0356 | -0.0000 | 
4.1573 | -0.0052 | 0.0000 | 0.7564 | -0.0048 | -0.0000 | 2.4569 | -0.0464 | 0.0000 | 2.4568 | 0.0364 | -0.0000 | 
4.2340 | -0.0052 | 0.0000 | 0.7702 | -0.0049 | -0.0000 | 2.5021 | -0.0472 | 0.0000 | 2.5021 | 0.0371 | -0.0000 | 
4.3106 | -0.0052 | 0.0000 | 0.7841 | -0.0049 | -0.0000 | 2.5474 | -0.0479 | 0.0000 | 2.5473 | 0.0379 | -0.0000 | 
4.3873 | -0.0052 | 0.0000 | 0.7980 | -0.0049 | 0.0000 | 2.5926 | -0.0487 | 0.0000 | 2.5926 | 0.0386 | -0.0000 | 
4.4639 | -0.0052 | 0.0000 | 0.8118 | -0.0049 | -0.0000 | 2.6379 | -0.0495 | 0.0000 | 2.6379 | 0.0394 | -0.0000 | 
4.5406 | -0.0052 | 0.0000 | 0.8257 | -0.0049 | 0.0000 | 2.6831 | -0.0502 | 0.0000 | 2.6831 | 0.0401 | -0.0000 | 
4.6172 | -0.0053 | -0.0000 | 0.8396 | -0.0049 | -0.0000 | 2.7284 | -0.0510 | 0.0000 | 2.7284 | 0.0409 | -0.0000 | 
4.6939 | -0.0053 | 0.0000 | 0.8535 | -0.0049 | 0.0000 | 2.7737 | -0.0518 | 0.0000 | 2.7737 | 0.0416 | -0.0000 | 
4.7705 | -0.0053 | -0.0000 | 0.8674 | -0.0049 | -0.0000 | 2.8190 | -0.0526 | 0.0000 | 2.8189 | 0.0423 | -0.0000 | 
4.8471 | -0.0054 | 0.0000 | 0.8813 | -0.0050 | -0.0000 | 2.8642 | -0.0534 | 0.0000 | 2.8642 | 0.0430 | -0.0000 | 
4.9237 | -0.0054 | -0.0000 | 0.8951 | -0.0050 | -0.0000 | 2.9095 | -0.0541 | 0.0000 | 2.9094 | 0.0438 | -0.0000 | 
5.0004 | -0.0054 | 0.0000 | 0.9090 | -0.0050 | 0.0000 | 2.9547 | -0.0549 | 0.0000 | 2.9547 | 0.0445 | -0.0000 | 
5.0770 | -0.0054 | 0.0000 | 0.9229 | -0.0050 | 0.0000 | 3.0000 | -0.0557 | 0.0000 | 2.9999 | 0.0453 | -0.0000 | 
5.1536 | -0.0054 | -0.0000 | 0.9368 | -0.0050 | -0.0000 | 3.0452 | -0.0564 | 0.0000 | 3.0452 | 0.0460 | -0.0000 | 
5.2303 | -0.0055 | 0.0000 | 0.9506 | -0.0050 | -0.0000 | 3.0905 | -0.0572 | 0.0000 | 3.0904 | 0.0467 | -0.0000 | 
5.3069 | -0.0055 | 0.0000 | 0.9645 | -0.0051 | 0.0000 | 3.1357 | -0.0580 | 0.0000 | 3.1357 | 0.0475 | -0.0000 | 
5.3835 | -0.0055 | 0.0000 | 0.9784 | -0.0051 | 0.0000 | 3.1810 | -0.0588 | 0.0000 | 3.1809 | 0.0482 | -0.0000 | 
5.4602 | -0.0055 | -0.0000 | 0.9923 | -0.0051 | -0.0000 | 3.2262 | -0.0595 | 0.0000 | 3.2262 | 0.0489 | -0.0000 | 
5.5368 | -0.0055 | -0.0000 | 1.0061 | -0.0051 | 0.0000 | 3.2715 | -0.0603 | 0.0000 | 3.2715 | 0.0497 | -0.0000 | 
5.6134 | -0.0055 | -0.0000 | 1.0200 | -0.0051 | 0.0000 | 3.3167 | -0.0610 | 0.0000 | 3.3167 | 0.0504 | -0.0000 | 
5.6901 | -0.0055 | 0.0000 | 1.0339 | -0.0051 | -0.0000 | 3.3620 | -0.0618 | 0.0000 | 3.3620 | 0.0512 | -0.0000 | 
5.7667 | -0.0056 | 0.0000 | 1.0478 | -0.0051 | 0.0000 | 3.4073 | -0.0626 | 0.0000 | 3.4073 | 0.0519 | -0.0000 | 
5.8434 | -0.0056 | 0.0000 | 1.0617 | -0.0051 | 0.0000 | 3.4525 | -0.0633 | 0.0000 | 3.4525 | 0.0526 | -0.0000 | 
5.9200 | -0.0056 | 0.0000 | 1.0756 | -0.0051 | -0.0000 | 3.4978 | -0.0641 | 0.0000 | 3.4978 | 0.0534 | -0.0000 | 
5.9966 | -0.0056 | 0.0000 | 1.0895 | -0.0051 | -0.0000 | 3.5431 | -0.0649 | 0.0000 | 3.5430 | 0.0541 | -0.0000 | 
6.0732 | -0.0057 | -0.0000 | 1.1033 | -0.0052 | -0.0000 | 3.5883 | -0.0656 | 0.0000 | 3.5883 | 0.0548 | -0.0000 | 
6.1499 | -0.0057 | 0.0000 | 1.1172 | -0.0052 | -0.0000 | 3.6336 | -0.0664 | 0.0000 | 3.6335 | 0.0556 | -0.0000 | 
6.2265 | -0.0057 | 0.0000 | 1.1311 | -0.0052 | -0.0000 | 3.6788 | -0.0672 | 0.0000 | 3.6788 | 0.0563 | -0.0000 | 
6.3032 | -0.0057 | 0.0000 | 1.1450 | -0.0052 | -0.0000 | 3.7241 | -0.0679 | 0.0000 | 3.7240 | 0.0570 | -0.0000 | 
6.3798 | -0.0057 | -0.0000 | 1.1588 | -0.0052 | 0.0000 | 3.7693 | -0.0687 | 0.0000 | 3.7693 | 0.0578 | -0.0000 | 
6.4564 | -0.0058 | -0.0000 | 1.1727 | -0.0052 | -0.0000 | 3.8146 | -0.0695 | 0.0000 | 3.8146 | 0.0585 | -0.0000 | 
6.5331 | -0.0058 | -0.0000 | 1.1866 | -0.0052 | -0.0000 | 3.8598 | -0.0702 | 0.0000 | 3.8598 | 0.0592 | -0.0000 | 
6.6097 | -0.0058 | 0.0000 | 1.2004 | -0.0053 | -0.0000 | 3.9051 | -0.0710 | 0.0000 | 3.9051 | 0.0599 | -0.0000 | 
6.6863 | -0.0058 | -0.0000 | 1.2143 | -0.0053 | -0.0000 | 3.9503 | -0.0717 | 0.0000 | 3.9503 | 0.0607 | -0.0000 | 
6.7630 | -0.0058 | -0.0000 | 1.2282 | -0.0053 | 0.0000 | 3.9956 | -0.0725 | 0.0000 | 3.9956 | 0.0614 | -0.0000 | 
6.8396 | -0.0058 | -0.0000 | 1.2420 | -0.0053 | -0.0000 | 4.0409 | -0.0733 | 0.0000 | 4.0408 | 0.0621 | -0.0000 | 
6.9163 | -0.0058 | -0.0000 | 1.2559 | -0.0053 | 0.0000 | 4.0861 | -0.0740 | 0.0000 | 4.0861 | 0.0629 | -0.0000 | 
6.9929 | -0.0058 | 0.0000 | 1.2698 | -0.0053 | -0.0000 | 4.1314 | -0.0748 | 0.0000 | 4.1314 | 0.0636 | -0.0000 | 
7.0696 | -0.0058 | -0.0000 | 1.2837 | -0.0053 | -0.0000 | 4.1766 | -0.0755 | 0.0000 | 4.1766 | 0.0644 | -0.0000 | 
7.1463 | -0.0059 | 0.0000 | 1.2975 | -0.0053 | 0.0000 | 4.2219 | -0.0763 | 0.0000 | 4.2219 | 0.0651 | -0.0000 | 
7.2229 | -0.0059 | -0.0000 | 1.3114 | -0.0053 | -0.0000 | 4.2672 | -0.0770 | 0.0000 | 4.2671 | 0.0658 | -0.0000 | 
7.2995 | -0.0059 | -0.0000 | 1.3253 | -0.0053 | -0.0000 | 4.3124 | -0.0778 | 0.0000 | 4.3124 | 0.0666 | -0.0000 | 
7.3762 | -0.0059 | -0.0000 | 1.3391 | -0.0053 | -0.0000 | 4.3577 | -0.0785 | 0.0000 | 4.3576 | 0.0673 | -0.0000 | 
7.4529 | -0.0060 | 0.0000 | 1.3530 | -0.0053 | -0.0000 | 4.4029 | -0.0793 | 0.0000 | 4.4029 | 0.0680 | -0.0000 | 
7.5295 | -0.0060 | -0.0000 | 1.3668 | -0.0053 | 0.0000 | 4.4482 | -0.0801 | 0.0000 | 4.4482 | 0.0687 | -0.0000 | 
7.6062 | -0.0060 | -0.0000 | 1.3807 | -0.0054 | -0.0000 | 4.4935 | -0.0808 | 0.0000 | 4.4934 | 0.0695 | -0.0000 | 
7.6828 | -0.0060 | 0.0000 | 1.3946 | -0.0054 | -0.0000 | 4.5387 | -0.0816 | 0.0000 | 4.5387 | 0.0702 | -0.0000 | 
7.7595 | -0.0060 | -0.0000 | 1.4084 | -0.0054 | -0.0000 | 4.5840 | -0.0823 | 0.0000 | 4.5839 | 0.0709 | -0.0000 | 
7.8361 | -0.0060 | -0.0000 | 1.4223 | -0.0054 | -0.0000 | 4.6292 | -0.0831 | 0.0000 | 4.6292 | 0.0716 | -0.0000 | 
7.9128 | -0.0061 | -0.0000 | 1.4361 | -0.0054 | -0.0000 | 4.6745 | -0.0838 | 0.0000 | 4.6744 | 0.0724 | -0.0000 | 
7.9895 | -0.0061 | 0.0000 | 1.4499 | -0.0054 | -0.0000 | 4.7197 | -0.0846 | 0.0000 | 4.7197 | 0.0731 | -0.0000 | 
8.0661 | -0.0061 | -0.0000 | 1.4638 | -0.0054 | 0.0000 | 4.7650 | -0.0853 | 0.0000 | 4.7649 | 0.0738 | -0.0000 | 
8.1428 | -0.0061 | -0.0000 | 1.4776 | -0.0054 | 0.0000 | 4.8102 | -0.0861 | 0.0000 | 4.8102 | 0.0746 | -0.0000 | 
8.2195 | -0.0061 | -0.0000 | 1.4915 | -0.0054 | -0.0000 | 4.8555 | -0.0868 | 0.0000 | 4.8555 | 0.0753 | -0.0000 | 
8.2962 | -0.0061 | -0.0000 | 1.5053 | -0.0055 | -0.0000 | 4.9008 | -0.0876 | 0.0000 | 4.9007 | 0.0760 | -0.0000 | 
8.3728 | -0.0061 | -0.0000 | 1.5191 | -0.0055 | 0.0000 | 4.9460 | -0.0883 | 0.0000 | 4.9460 | 0.0767 | -0.0000 | 
8.4495 | -0.0061 | -0.0000 | 1.5330 | -0.0055 | 0.0000 | 4.9913 | -0.0891 | 0.0000 | 4.9912 | 0.0775 | -0.0000 | 
8.5262 | -0.0062 | 0.0000 | 1.5468 | -0.0055 | -0.0000 | 5.0365 | -0.0898 | 0.0000 | 5.0365 | 0.0782 | -0.0000 | 
8.6029 | -0.0062 | 0.0000 | 1.5606 | -0.0055 | 0.0000 | 5.0818 | -0.0906 | 0.0000 | 5.0817 | 0.0789 | -0.0000 | 
8.6796 | -0.0062 | -0.0000 | 1.5745 | -0.0055 | -0.0000 | 5.1270 | -0.0913 | 0.0000 | 5.1270 | 0.0797 | -0.0000 | 
8.7563 | -0.0062 | 0.0000 | 1.5883 | -0.0055 | -0.0000 | 5.1723 | -0.0921 | 0.0000 | 5.1723 | 0.0804 | -0.0000 | 
8.8330 | -0.0062 | -0.0000 | 1.6021 | -0.0055 | 0.0000 | 5.2176 | -0.0928 | 0.0000 | 5.2175 | 0.0811 | -0.0000 | 
8.9097 | -0.0062 | 0.0000 | 1.6159 | -0.0055 | -0.0000 | 5.2628 | -0.0936 | 0.0000 | 5.2628 | 0.0818 | -0.0000 | 
8.9863 | -0.0062 | -0.0000 | 1.6298 | -0.0055 | 0.0000 | 5.3081 | -0.0943 | 0.0000 | 5.3080 | 0.0825 | -0.0000 | 
9.0630 | -0.0063 | -0.0000 | 1.6436 | -0.0055 | 0.0000 | 5.3533 | -0.0951 | 0.0000 | 5.3533 | 0.0833 | -0.0000 | 
9.1397 | -0.0063 | -0.0000 | 1.6574 | -0.0055 | 0.0000 | 5.3986 | -0.0958 | 0.0000 | 5.3985 | 0.0840 | -0.0000 | 
9.2164 | -0.0063 | -0.0000 | 1.6712 | -0.0055 | -0.0000 | 5.4438 | -0.0965 | 0.0000 | 5.4438 | 0.0847 | -0.0000 | 
9.2931 | -0.0063 | 0.0000 | 1.6850 | -0.0055 | 0.0000 | 5.4891 | -0.0973 | 0.0000 | 5.4891 | 0.0854 | -0.0000 | 
9.3698 | -0.0063 | -0.0000 | 1.6988 | -0.0055 | 0.0000 | 5.5344 | -0.0980 | 0.0000 | 5.5343 | 0.0862 | -0.0000 | 
9.4465 | -0.0063 | -0.0000 | 1.7127 | -0.0056 | 0.0000 | 5.5796 | -0.0988 | 0.0000 | 5.5796 | 0.0869 | -0.0000 | 
9.5232 | -0.0064 | -0.0000 | 1.7265 | -0.0056 | 0.0000 | 5.6249 | -0.0995 | 0.0000 | 5.6248 | 0.0876 | -0.0000 | 
9.5999 | -0.0064 | -0.0000 | 1.7403 | -0.0056 | 0.0000 | 5.6701 | -0.1003 | 0.0000 | 5.6701 | 0.0883 | -0.0000 | 
9.6767 | -0.0064 | 0.0000 | 1.7541 | -0.0056 | -0.0000 | 5.7154 | -0.1010 | 0.0000 | 5.7153 | 0.0891 | -0.0000 | 
9.7534 | -0.0064 | 0.0000 | 1.7679 | -0.0056 | -0.0000 | 5.7606 | -0.1018 | 0.0000 | 5.7606 | 0.0898 | -0.0000 | 
9.8301 | -0.0064 | -0.0000 | 1.7817 | -0.0056 | 0.0000 | 5.8059 | -0.1025 | 0.0000 | 5.8058 | 0.0905 | -0.0000 | 
9.9068 | -0.0064 | -0.0000 | 1.7954 | -0.0056 | 0.0000 | 5.8512 | -0.1032 | 0.0000 | 5.8511 | 0.0912 | -0.0000 | 
9.9835 | -0.0064 | 0.0000 | 1.8092 | -0.0056 | 0.0000 | 5.8964 | -0.1040 | 0.0000 | 5.8964 | 0.0919 | -0.0000 | 
10.0603 | -0.0064 | 0.0000 | 1.8230 | -0.0056 | -0.0000 | 5.9417 | -0.1047 | 0.0000 | 5.9416 | 0.0927 | -0.0000 | 
10.1370 | -0.0065 | 0.0000 | 1.8368 | -0.0056 | -0.0000 | 5.9869 | -0.1055 | 0.0000 | 5.9869 | 0.0934 | -0.0000 | 
10.2137 | -0.0065 | 0.0000 | 1.8506 | -0.0056 | 0.0000 | 6.0322 | -0.1062 | 0.0000 | 6.0321 | 0.0941 | -0.0000 | 
10.2905 | -0.0065 | 0.0000 | 1.8644 | -0.0056 | 0.0000 | 6.0774 | -0.1069 | 0.0000 | 6.0774 | 0.0948 | -0.0000 | 
10.3672 | -0.0065 | -0.0000 | 1.8782 | -0.0056 | -0.0000 | 6.1227 | -0.1077 | 0.0000 | 6.1226 | 0.0955 | -0.0000 | 
10.4439 | -0.0065 | -0.0000 | 1.8919 | -0.0057 | -0.0000 | 6.1680 | -0.1084 | 0.0000 | 6.1679 | 0.0963 | -0.0000 | 
10.5207 | -0.0065 | 0.0000 | 1.9057 | -0.0057 | 0.0000 | 6.2132 | -0.1092 | 0.0000 | 6.2132 | 0.0970 | -0.0000 | 
10.5974 | -0.0065 | 0.0000 | 1.9195 | -0.0057 | 0.0000 | 6.2585 | -0.1099 | 0.0000 | 6.2584 | 0.0977 | -0.0000 | 
10.6742 | -0.0065 | -0.0000 | 1.9332 | -0.0057 | 0.0000 | 6.3037 | -0.1106 | 0.0000 | 6.3037 | 0.0984 | -0.0000 | 
10.7509 | -0.0065 | -0.0000 | 1.9470 | -0.0057 | -0.0000 | 6.3490 | -0.1114 | 0.0000 | 6.3489 | 0.0991 | -0.0000 | 
10.8277 | -0.0066 | 0.0000 | 1.9608 | -0.0057 | -0.0000 | 6.3942 | -0.1121 | 0.0000 | 6.3942 | 0.0999 | -0.0000 | 
10.9044 | -0.0066 | 0.0000 | 1.9745 | -0.0057 | 0.0000 | 6.4395 | -0.1128 | 0.0000 | 6.4394 | 0.1006 | -0.0000 | 
10.9812 | -0.0066 | -0.0000 | 1.9883 | -0.0057 | 0.0000 | 6.4848 | -0.1136 | 0.0000 | 6.4847 | 0.1013 | -0.0000 | 
11.0579 | -0.0066 | -0.0000 | 2.0020 | -0.0057 | 0.0000 | 6.5300 | -0.1143 | 0.0000 | 6.5300 | 0.1020 | -0.0000 | 
11.1347 | -0.0066 | -0.0000 | 2.0158 | -0.0057 | -0.0000 | 6.5753 | -0.1150 | 0.0000 | 6.5752 | 0.1027 | -0.0000 | 
11.2114 | -0.0066 | -0.0000 | 2.0296 | -0.0057 | -0.0000 | 6.6205 | -0.1158 | 0.0000 | 6.6205 | 0.1034 | -0.0000 | 
11.2882 | -0.0066 | 0.0000 | 2.0433 | -0.0057 | 0.0000 | 6.6658 | -0.1165 | 0.0000 | 6.6657 | 0.1042 | -0.0000 | 
11.3650 | -0.0066 | -0.0000 | 2.0571 | -0.0057 | 0.0000 | 6.7110 | -0.1172 | 0.0000 | 6.7110 | 0.1049 | -0.0000 | 
11.4417 | -0.0066 | -0.0000 | 2.0708 | -0.0057 | 0.0000 | 6.7563 | -0.1180 | 0.0000 | 6.7562 | 0.1056 | -0.0000 | 
11.5185 | -0.0067 | 0.0000 | 2.0845 | -0.0057 | -0.0000 | 6.8016 | -0.1187 | 0.0000 | 6.8015 | 0.1063 | -0.0000 | 
11.5953 | -0.0067 | 0.0000 | 2.0983 | -0.0058 | -0.0000 | 6.8468 | -0.1194 | 0.0000 | 6.8468 | 0.1070 | -0.0000 | 
11.6721 | -0.0067 | 0.0000 | 2.1120 | -0.0058 | -0.0000 | 6.8921 | -0.1202 | 0.0000 | 6.8920 | 0.1077 | -0.0000 | 
11.7488 | -0.0067 | -0.0000 | 2.1257 | -0.0058 | 0.0000 | 6.9373 | -0.1209 | 0.0000 | 6.9373 | 0.1085 | -0.0000 | 
11.8256 | -0.0067 | -0.0000 | 2.1395 | -0.0058 | 0.0000 | 6.9826 | -0.1216 | 0.0000 | 6.9825 | 0.1092 | -0.0000 | 
11.9024 | -0.0067 | -0.0000 | 2.1532 | -0.0058 | -0.0000 | 7.0278 | -0.1224 | 0.0000 | 7.0278 | 0.1099 | -0.0000 | 
11.9792 | -0.0067 | 0.0000 | 2.1669 | -0.0058 | -0.0000 | 7.0731 | -0.1231 | 0.0000 | 7.0730 | 0.1106 | -0.0000 | 
12.0560 | -0.0067 | 0.0000 | 2.1806 | -0.0058 | 0.0000 | 7.1184 | -0.1238 | 0.0000 | 7.1183 | 0.1113 | -0.0000 | 
12.1328 | -0.0068 | -0.0000 | 2.1944 | -0.0058 | 0.0000 | 7.1636 | -0.1246 | 0.0000 | 7.1635 | 0.1120 | -0.0000 | 
12.2096 | -0.0068 | -0.0000 | 2.2081 | -0.0058 | 0.0000 | 7.2089 | -0.1253 | 0.0000 | 7.2088 | 0.1127 | -0.0000 | 
12.2864 | -0.0068 | -0.0000 | 2.2218 | -0.0058 | 0.0000 | 7.2541 | -0.1260 | 0.0000 | 7.2541 | 0.1135 | -0.0000 | 
12.3632 | -0.0068 | -0.0000 | 2.2355 | -0.0058 | -0.0000 | 7.2994 | -0.1267 | 0.0000 | 7.2993 | 0.1142 | -0.0000 | 
12.4400 | -0.0068 | -0.0000 | 2.2492 | -0.0058 | 0.0000 | 7.3446 | -0.1275 | 0.0000 | 7.3446 | 0.1149 | -0.0000 | 
12.5168 | -0.0068 | -0.0000 | 2.2629 | -0.0058 | 0.0000 | 7.3899 | -0.1282 | 0.0000 | 7.3898 | 0.1156 | -0.0000 | 
12.5936 | -0.0068 | -0.0000 | 2.2766 | -0.0058 | -0.0000 | 7.4351 | -0.1289 | 0.0000 | 7.4351 | 0.1163 | -0.0000 | 
12.6704 | -0.0068 | -0.0000 | 2.2903 | -0.0058 | -0.0000 | 7.4804 | -0.1297 | 0.0000 | 7.4803 | 0.1170 | -0.0000 | 
12.7473 | -0.0068 | 0.0000 | 2.3040 | -0.0058 | -0.0000 | 7.5257 | -0.1304 | 0.0000 | 7.5256 | 0.1177 | -0.0000 | 
12.8241 | -0.0069 | 0.0000 | 2.3177 | -0.0058 | -0.0000 | 7.5709 | -0.1311 | 0.0000 | 7.5709 | 0.1184 | -0.0000 | 
12.9009 | -0.0069 | -0.0000 | 2.3314 | -0.0058 | 0.0000 | 7.6162 | -0.1318 | 0.0000 | 7.6161 | 0.1191 | -0.0000 | 
12.9777 | -0.0069 | -0.0000 | 2.3451 | -0.0058 | -0.0000 | 7.6614 | -0.1326 | 0.0000 | 7.6614 | 0.1199 | -0.0000 | 
13.0546 | -0.0069 | -0.0000 | 2.3587 | -0.0058 | -0.0000 | 7.7067 | -0.1333 | 0.0000 | 7.7066 | 0.1206 | -0.0000 | 
13.1314 | -0.0069 | -0.0000 | 2.3724 | -0.0059 | 0.0000 | 7.7519 | -0.1340 | 0.0000 | 7.7519 | 0.1213 | -0.0000 | 
13.2082 | -0.0069 | -0.0000 | 2.3861 | -0.0059 | 0.0000 | 7.7972 | -0.1348 | 0.0000 | 7.7971 | 0.1220 | -0.0000 | 
13.2851 | -0.0069 | 0.0000 | 2.3998 | -0.0059 | -0.0000 | 7.8425 | -0.1355 | 0.0000 | 7.8424 | 0.1227 | -0.0000 | 
13.3619 | -0.0069 | 0.0000 | 2.4134 | -0.0059 | -0.0000 | 7.8877 | -0.1362 | 0.0000 | 7.8876 | 0.1234 | -0.0000 | 
13.4388 | -0.0069 | 0.0000 | 2.4271 | -0.0059 | -0.0000 | 7.9330 | -0.1369 | 0.0000 | 7.9329 | 0.1241 | -0.0000 | 
13.5156 | -0.0069 | 0.0000 | 2.4408 | -0.0059 | 0.0000 | 7.9782 | -0.1376 | 0.0000 | 7.9782 | 0.1248 | -0.0000 | 
13.5924 | -0.0070 | 0.0000 | 2.4544 | -0.0059 | 0.0000 | 8.0235 | -0.1384 | 0.0000 | 8.0234 | 0.1255 | -0.0000 | 
13.6693 | -0.0070 | -0.0000 | 2.4681 | -0.0059 | -0.0000 | 8.0687 | -0.1391 | 0.0000 | 8.0687 | 0.1262 | -0.0000 | 
13.7462 | -0.0070 | -0.0000 | 2.4818 | -0.0059 | -0.0000 | 8.1140 | -0.1398 | 0.0000 | 8.1139 | 0.1270 | -0.0000 | 
13.8230 | -0.0070 | -0.0000 | 2.4954 | -0.0059 | -0.0000 | 8.1592 | -0.1405 | 0.0000 | 8.1592 | 0.1277 | -0.0000 | 
13.8999 | -0.0070 | -0.0000 | 2.5091 | -0.0059 | 0.0000 | 8.2045 | -0.1412 | 0.0000 | 8.2044 | 0.1284 | -0.0000 | 
13.9767 | -0.0070 | 0.0000 | 2.5227 | -0.0059 | 0.0000 | 8.2498 | -0.1420 | 0.0000 | 8.2497 | 0.1291 | -0.0000 | 
14.0536 | -0.0070 | 0.0000 | 2.5364 | -0.0059 | -0.0000 | 8.2950 | -0.1427 | 0.0000 | 8.2950 | 0.1298 | -0.0000 | 
14.1305 | -0.0070 | 0.0000 | 2.5500 | -0.0059 | -0.0000 | 8.3403 | -0.1434 | 0.0000 | 8.3402 | 0.1305 | -0.0000 | 
14.2074 | -0.0070 | 0.0000 | 2.5636 | -0.0059 | 0.0000 | 8.3855 | -0.1441 | 0.0000 | 8.3855 | 0.1312 | -0.0000 | 
14.2842 | -0.0070 | 0.0000 | 2.5773 | -0.0059 | 0.0000 | 8.4308 | -0.1448 | 0.0000 | 8.4307 | 0.1319 | -0.0000 | 
14.3611 | -0.0070 | 0.0000 | 2.5909 | -0.0059 | -0.0000 | 8.4760 | -0.1456 | 0.0000 | 8.4760 | 0.1326 | -0.0000 | 
14.4380 | -0.0071 | 0.0000 | 2.6045 | -0.0059 | 0.0000 | 8.5213 | -0.1463 | 0.0000 | 8.5212 | 0.1333 | -0.0000 | 
14.5149 | -0.0071 | -0.0000 | 2.6182 | -0.0059 | 0.0000 | 8.5666 | -0.1470 | 0.0000 | 8.5665 | 0.1340 | -0.0000 | 
14.5918 | -0.0071 | -0.0000 | 2.6318 | -0.0059 | -0.0000 | 8.6118 | -0.1477 | 0.0000 | 8.6118 | 0.1347 | -0.0000 | 
14.6687 | -0.0071 | 0.0000 | 2.6454 | -0.0059 | 0.0000 | 8.6571 | -0.1484 | 0.0000 | 8.6570 | 0.1354 | -0.0000 | 
14.7456 | -0.0071 | 0.0000 | 2.6590 | -0.0059 | 0.0000 | 8.7023 | -0.1492 | 0.0000 | 8.7023 | 0.1361 | -0.0000 | 
14.8225 | -0.0071 | 0.0000 | 2.6726 | -0.0059 | 0.0000 | 8.7476 | -0.1499 | 0.0000 | 8.7475 | 0.1368 | -0.0000 | 
14.8994 | -0.0071 | 0.0000 | 2.6863 | -0.0059 | -0.0000 | 8.7928 | -0.1506 | 0.0000 | 8.7928 | 0.1375 | -0.0000 | 
14.9763 | -0.0071 | 0.0000 | 2.6999 | -0.0060 | -0.0000 | 8.8381 | -0.1513 | 0.0000 | 8.8380 | 0.1382 | -0.0000 | 
15.0532 | -0.0071 | 0.0000 | 2.7135 | -0.0060 | 0.0000 | 8.8834 | -0.1520 | 0.0000 | 8.8833 | 0.1390 | -0.0000 | 
15.1301 | -0.0071 | 0.0000 | 2.7271 | -0.0060 | 0.0000 | 8.9286 | -0.1527 | 0.0000 | 8.9285 | 0.1397 | -0.0000 | 
15.2070 | -0.0071 | -0.0000 | 2.7407 | -0.0060 | 0.0000 | 8.9739 | -0.1535 | 0.0000 | 8.9738 | 0.1404 | -0.0000 | 
15.2839 | -0.0071 | 0.0000 | 2.7543 | -0.0060 | -0.0000 | 9.0191 | -0.1542 | 0.0000 | 9.0191 | 0.1411 | -0.0000 | 
15.3608 | -0.0072 | 0.0000 | 2.7679 | -0.0060 | -0.0000 | 9.0644 | -0.1549 | 0.0000 | 9.0643 | 0.1418 | -0.0000 | 
15.4378 | -0.0072 | 0.0000 | 2.7815 | -0.0060 | 0.0000 | 9.1096 | -0.1556 | 0.0000 | 9.1096 | 0.1425 | -0.0000 | 
15.5147 | -0.0072 | 0.0000 | 2.7950 | -0.0060 | -0.0000 | 9.1549 | -0.1563 | 0.0000 | 9.1548 | 0.1432 | -0.0000 | 
15.5916 | -0.0072 | 0.0000 | 2.8086 | -0.0060 | 0.0000 | 9.2002 | -0.1570 | 0.0000 | 9.2001 | 0.1439 | -0.0000 | 
15.6685 | -0.0072 | -0.0000 | 2.8222 | -0.0060 | 0.0000 | 9.2454 | -0.1578 | 0.0000 | 9.2453 | 0.1446 | -0.0000 | 
15.7455 | -0.0072 | -0.0000 | 2.8358 | -0.0060 | -0.0000 | 9.2907 | -0.1585 | 0.0000 | 9.2906 | 0.1453 | -0.0000 | 
15.8224 | -0.0072 | -0.0000 | 2.8494 | -0.0060 | -0.0000 | 9.3359 | -0.1592 | 0.0000 | 9.3359 | 0.1460 | -0.0000 | 
15.8994 | -0.0072 | 0.0000 | 2.8629 | -0.0060 | 0.0000 | 9.3812 | -0.1599 | 0.0000 | 9.3811 | 0.1467 | -0.0000 | 
15.9763 | -0.0072 | 0.0000 | 2.8765 | -0.0060 | 0.0000 | 9.4264 | -0.1606 | 0.0000 | 9.4264 | 0.1474 | -0.0000 | 
16.0533 | -0.0072 | 0.0000 | 2.8901 | -0.0060 | 0.0000 | 9.4717 | -0.1613 | 0.0000 | 9.4716 | 0.1481 | -0.0000 | 
16.1302 | -0.0073 | -0.0000 | 2.9036 | -0.0060 | 0.0000 | 9.5169 | -0.1620 | 0.0000 | 9.5169 | 0.1488 | -0.0000 | 
16.2072 | -0.0073 | -0.0000 | 2.9172 | -0.0060 | -0.0000 | 9.5622 | -0.1627 | 0.0000 | 9.5621 | 0.1495 | -0.0000 | 
16.2841 | -0.0073 | -0.0000 | 2.9307 | -0.0060 | -0.0000 | 9.6075 | -0.1634 | 0.0000 | 9.6074 | 0.1502 | -0.0000 | 
16.3611 | -0.0073 | -0.0000 | 2.9443 | -0.0060 | -0.0000 | 9.6527 | -0.1642 | 0.0000 | 9.6526 | 0.1509 | -0.0000 | 
16.4380 | -0.0073 | -0.0000 | 2.9578 | -0.0060 | -0.0000 | 9.6980 | -0.1649 | 0.0000 | 9.6979 | 0.1516 | -0.0000 | 
16.5150 | -0.0073 | -0.0000 | 2.9714 | -0.0060 | -0.0000 | 9.7432 | -0.1656 | 0.0000 | 9.7432 | 0.1523 | -0.0000 | 
16.5920 | -0.0073 | -0.0000 | 2.9849 | -0.0060 | 0.0000 | 9.7885 | -0.1663 | 0.0000 | 9.7884 | 0.1530 | -0.0000 | 
16.6690 | -0.0073 | -0.0000 | 2.9984 | -0.0060 | 0.0000 | 9.8337 | -0.1670 | 0.0000 | 9.8337 | 0.1537 | -0.0000 | 
16.7459 | -0.0073 | -0.0000 | 3.0120 | -0.0060 | 0.0000 | 9.8790 | -0.1677 | 0.0000 | 9.8789 | 0.1544 | -0.0000 | 
16.8229 | -0.0073 | -0.0000 | 3.0255 | -0.0060 | 0.0000 | 9.9243 | -0.1684 | 0.0000 | 9.9242 | 0.1551 | -0.0000 | 
16.8999 | -0.0073 | -0.0000 | 3.0390 | -0.0060 | -0.0000 | 9.9695 | -0.1691 | 0.0000 | 9.9694 | 0.1557 | -0.0000 | 
16.9769 | -0.0073 | -0.0000 | 3.0526 | -0.0060 | -0.0000 | 10.0148 | -0.1698 | 0.0000 | 10.0147 | 0.1564 | -0.0000 | 
17.0539 | -0.0074 | -0.0000 | 3.0661 | -0.0060 | -0.0000 | 10.0600 | -0.1705 | 0.0000 | 10.0599 | 0.1571 | -0.0000 | 
17.1309 | -0.0074 | -0.0000 | 3.0796 | -0.0060 | 0.0000 | 10.1053 | -0.1712 | 0.0000 | 10.1052 | 0.1578 | -0.0000 | 
17.2079 | -0.0074 | -0.0000 | 3.0931 | -0.0060 | 0.0000 | 10.1505 | -0.1720 | 0.0000 | 10.1505 | 0.1585 | -0.0000 | 
17.2849 | -0.0074 | 0.0000 | 3.1066 | -0.0060 | 0.0000 | 10.1958 | -0.1727 | 0.0000 | 10.1957 | 0.1592 | -0.0000 | 
17.3619 | -0.0074 | 0.0000 | 3.1201 | -0.0061 | -0.0000 | 10.2411 | -0.1734 | 0.0000 | 10.2410 | 0.1599 | -0.0000 | 
17.4389 | -0.0074 | 0.0000 | 3.1336 | -0.0061 | -0.0000 | 10.2863 | -0.1741 | 0.0000 | 10.2862 | 0.1606 | -0.0000 | 
17.5159 | -0.0074 | 0.0000 | 3.1471 | -0.0061 | 0.0000 | 10.3316 | -0.1748 | 0.0000 | 10.3315 | 0.1613 | -0.0000 | 
17.5929 | -0.0074 | 0.0000 | 3.1606 | -0.0061 | 0.0000 | 10.3768 | -0.1755 | 0.0000 | 10.3767 | 0.1620 | -0.0000 | 
17.6699 | -0.0074 | 0.0000 | 3.1741 | -0.0061 | -0.0000 | 10.4221 | -0.1762 | 0.0000 | 10.4220 | 0.1627 | -0.0000 | 
17.7470 | -0.0074 | 0.0000 | 3.1876 | -0.0061 | -0.0000 | 10.4673 | -0.1769 | 0.0000 | 10.4673 | 0.1634 | -0.0000 | 
17.8240 | -0.0074 | 0.0000 | 3.2011 | -0.0061 | 0.0000 | 10.5126 | -0.1776 | 0.0000 | 10.5125 | 0.1641 | -0.0000 | 
17.9010 | -0.0074 | 0.0000 | 3.2146 | -0.0061 | 0.0000 | 10.5578 | -0.1783 | 0.0000 | 10.5578 | 0.1648 | -0.0000 | 
17.9780 | -0.0075 | 0.0000 | 3.2281 | -0.0061 | 0.0000 | 10.6031 | -0.1790 | 0.0000 | 10.6030 | 0.1655 | -0.0000 | 
18.0551 | -0.0075 | 0.0000 | 3.2415 | -0.0061 | -0.0000 | 10.6484 | -0.1797 | 0.0000 | 10.6483 | 0.1662 | -0.0000 | 
18.1321 | -0.0075 | 0.0000 | 3.2550 | -0.0061 | 0.0000 | 10.6936 | -0.1804 | 0.0000 | 10.6935 | 0.1669 | -0.0000 | 
18.2092 | -0.0075 | 0.0000 | 3.2685 | -0.0061 | 0.0000 | 10.7389 | -0.1811 | 0.0000 | 10.7388 | 0.1676 | -0.0000 | 
18.2862 | -0.0075 | 0.0000 | 3.2820 | -0.0061 | 0.0000 | 10.7841 | -0.1818 | 0.0000 | 10.7840 | 0.1683 | -0.0000 | 
18.3633 | -0.0075 | 0.0000 | 3.2954 | -0.0061 | 0.0000 | 10.8294 | -0.1825 | 0.0000 | 10.8293 | 0.1689 | -0.0000 | 
18.4403 | -0.0075 | -0.0000 | 3.3089 | -0.0061 | 0.0000 | 10.8746 | -0.1832 | 0.0000 | 10.8745 | 0.1696 | -0.0000 | 
18.5174 | -0.0075 | -0.0000 | 3.3223 | -0.0061 | 0.0000 | 10.9199 | -0.1839 | 0.0000 | 10.9198 | 0.1703 | -0.0000 | 
18.5944 | -0.0075 | -0.0000 | 3.3358 | -0.0061 | 0.0000 | 10.9651 | -0.1846 | 0.0000 | 10.9651 | 0.1710 | -0.0000 | 
18.6715 | -0.0075 | -0.0000 | 3.3492 | -0.0061 | 0.0000 | 11.0104 | -0.1853 | 0.0000 | 11.0103 | 0.1717 | -0.0000 | 
18.7485 | -0.0075 | -0.0000 | 3.3627 | -0.0061 | 0.0000 | 11.0557 | -0.1860 | 0.0000 | 11.0556 | 0.1724 | -0.0000 | 
18.8256 | -0.0075 | -0.0000 | 3.3761 | -0.0061 | -0.0000 | 11.1009 | -0.1867 | 0.0000 | 11.1008 | 0.1731 | -0.0000 | 
18.9027 | -0.0075 | -0.0000 | 3.3896 | -0.0061 | -0.0000 | 11.1462 | -0.1874 | 0.0000 | 11.1461 | 0.1738 | -0.0000 | 
18.9797 | -0.0075 | -0.0000 | 3.4030 | -0.0061 | -0.0000 | 11.1914 | -0.1881 | 0.0000 | 11.1913 | 0.1745 | -0.0000 | 
19.0568 | -0.0075 | 0.0000 | 3.4164 | -0.0061 | -0.0000 | 11.2367 | -0.1888 | 0.0000 | 11.2366 | 0.1752 | -0.0000 | 
19.1339 | -0.0075 | 0.0000 | 3.4299 | -0.0061 | -0.0000 | 11.2819 | -0.1895 | 0.0000 | 11.2818 | 0.1758 | -0.0000 | 
19.2110 | -0.0076 | 0.0000 | 3.4433 | -0.0061 | -0.0000 | 11.3272 | -0.1902 | 0.0000 | 11.3271 | 0.1765 | -0.0000 | 
19.2881 | -0.0076 | 0.0000 | 3.4567 | -0.0061 | 0.0000 | 11.3724 | -0.1909 | 0.0000 | 11.3724 | 0.1772 | -0.0000 | 
19.3652 | -0.0076 | 0.0000 | 3.4701 | -0.0061 | -0.0000 | 11.4177 | -0.1916 | 0.0000 | 11.4176 | 0.1779 | -0.0000 | 
19.4423 | -0.0076 | 0.0000 | 3.4836 | -0.0061 | 0.0000 | 11.4630 | -0.1923 | 0.0000 | 11.4629 | 0.1786 | -0.0000 | 
19.5194 | -0.0076 | 0.0000 | 3.4970 | -0.0061 | 0.0000 | 11.5082 | -0.1930 | 0.0000 | 11.5081 | 0.1793 | -0.0000 | 
19.5965 | -0.0076 | 0.0000 | 3.5104 | -0.0061 | 0.0000 | 11.5535 | -0.1937 | 0.0000 | 11.5534 | 0.1800 | -0.0000 | 
19.6736 | -0.0076 | 0.0000 | 3.5238 | -0.0061 | 0.0000 | 11.5987 | -0.1944 | 0.0000 | 11.5986 | 0.1807 | -0.0000 | 
19.7507 | -0.0076 | -0.0000 | 3.5372 | -0.0061 | 0.0000 | 11.6440 | -0.1951 | 0.0000 | 11.6439 | 0.1814 | -0.0000 | 
19.8278 | -0.0076 | -0.0000 | 3.5506 | -0.0061 | 0.0000 | 11.6892 | -0.1958 | 0.0000 | 11.6892 | 0.1820 | -0.0000 | 
19.9049 | -0.0076 | 0.0000 | 3.5640 | -0.0061 | 0.0000 | 11.7345 | -0.1965 | 0.0000 | 11.7344 | 0.1827 | -0.0000 | 
19.9820 | -0.0076 | 0.0000 | 3.5774 | -0.0062 | 0.0000 | 11.7797 | -0.1972 | 0.0000 | 11.7797 | 0.1834 | -0.0000 | 
20.0591 | -0.0076 | 0.0000 | 3.5908 | -0.0062 | 0.0000 | 11.8250 | -0.1979 | 0.0000 | 11.8249 | 0.1841 | -0.0000 | 
20.1363 | -0.0076 | 0.0000 | 3.6041 | -0.0062 | 0.0000 | 11.8703 | -0.1986 | 0.0000 | 11.8702 | 0.1848 | -0.0000 | 
20.2134 | -0.0076 | -0.0000 | 3.6175 | -0.0062 | -0.0000 | 11.9155 | -0.1993 | 0.0000 | 11.9154 | 0.1855 | -0.0000 | 
20.2905 | -0.0076 | -0.0000 | 3.6309 | -0.0062 | 0.0000 | 11.9608 | -0.2000 | 0.0000 | 11.9607 | 0.1862 | -0.0000 | 
20.3677 | -0.0076 | -0.0000 | 3.6443 | -0.0062 | -0.0000 | 12.0060 | -0.2006 | 0.0000 | 12.0059 | 0.1868 | -0.0000 | 
20.4448 | -0.0077 | -0.0000 | 3.6577 | -0.0062 | -0.0000 | 12.0513 | -0.2013 | 0.0000 | 12.0512 | 0.1875 | -0.0000 | 
20.5220 | -0.0077 | -0.0000 | 3.6710 | -0.0062 | -0.0000 | 12.0965 | -0.2020 | 0.0000 | 12.0965 | 0.1882 | -0.0000 | 
20.5991 | -0.0077 | -0.0000 | 3.6844 | -0.0062 | 0.0000 | 12.1418 | -0.2027 | 0.0000 | 12.1417 | 0.1889 | -0.0000 | 
20.6763 | -0.0077 | -0.0000 | 3.6977 | -0.0062 | -0.0000 | 12.1871 | -0.2034 | 0.0000 | 12.1870 | 0.1896 | -0.0000 | 
20.7534 | -0.0077 | 0.0000 | 3.7111 | -0.0062 | -0.0000 | 12.2323 | -0.2041 | 0.0000 | 12.2322 | 0.1903 | -0.0000 | 
20.8306 | -0.0077 | -0.0000 | 3.7245 | -0.0062 | -0.0000 | 12.2776 | -0.2048 | 0.0000 | 12.2775 | 0.1909 | -0.0000 | 
20.9077 | -0.0077 | -0.0000 | 3.7378 | -0.0062 | -0.0000 | 12.3228 | -0.2055 | 0.0000 | 12.3227 | 0.1916 | -0.0000 | 
20.9849 | -0.0077 | -0.0000 | 3.7512 | -0.0062 | -0.0000 | 12.3681 | -0.2062 | 0.0000 | 12.3680 | 0.1923 | -0.0000 | 
21.0621 | -0.0077 | -0.0000 | 3.7645 | -0.0062 | 0.0000 | 12.4133 | -0.2069 | 0.0000 | 12.4132 | 0.1930 | -0.0000 | 
21.1393 | -0.0077 | 0.0000 | 3.7778 | -0.0062 | 0.0000 | 12.4586 | -0.2076 | 0.0000 | 12.4585 | 0.1937 | -0.0000 | 
21.2164 | -0.0077 | 0.0000 | 3.7912 | -0.0062 | 0.0000 | 12.5038 | -0.2083 | 0.0000 | 12.5038 | 0.1943 | -0.0000 | 
21.2936 | -0.0077 | 0.0000 | 3.8045 | -0.0062 | 0.0000 | 12.5491 | -0.2090 | 0.0000 | 12.5490 | 0.1950 | -0.0000 | 
21.3708 | -0.0077 | -0.0000 | 3.8178 | -0.0062 | 0.0000 | 12.5944 | -0.2097 | 0.0000 | 12.5943 | 0.1957 | -0.0000 | 
21.4480 | -0.0078 | -0.0000 | 3.8311 | -0.0062 | 0.0000 | 12.6396 | -0.2103 | 0.0000 | 12.6395 | 0.1964 | -0.0000 | 
21.5252 | -0.0078 | -0.0000 | 3.8445 | -0.0062 | -0.0000 | 12.6849 | -0.2110 | 0.0000 | 12.6848 | 0.1971 | -0.0000 | 
21.6024 | -0.0078 | -0.0000 | 3.8578 | -0.0062 | -0.0000 | 12.7301 | -0.2117 | 0.0000 | 12.7300 | 0.1977 | -0.0000 | 
21.6796 | -0.0078 | 0.0000 | 3.8711 | -0.0062 | -0.0000 | 12.7754 | -0.2124 | 0.0000 | 12.7753 | 0.1984 | -0.0000 | 
21.7568 | -0.0078 | 0.0000 | 3.8844 | -0.0062 | -0.0000 | 12.8206 | -0.2131 | 0.0000 | 12.8205 | 0.1991 | -0.0000 | 
21.8340 | -0.0078 | 0.0000 | 3.8977 | -0.0062 | 0.0000 | 12.8659 | -0.2138 | 0.0000 | 12.8658 | 0.1998 | -0.0000 | 
21.9112 | -0.0078 | 0.0000 | 3.9110 | -0.0062 | 0.0000 | 12.9112 | -0.2145 | 0.0000 | 12.9111 | 0.2005 | -0.0000 | 
21.9884 | -0.0078 | -0.0000 | 3.9243 | -0.0062 | 0.0000 | 12.9564 | -0.2152 | 0.0000 | 12.9563 | 0.2011 | -0.0000 | 
22.0656 | -0.0078 | 0.0000 | 3.9376 | -0.0062 | 0.0000 | 13.0017 | -0.2159 | 0.0000 | 13.0016 | 0.2018 | -0.0000 | 
22.1429 | -0.0078 | -0.0000 | 3.9509 | -0.0062 | 0.0000 | 13.0469 | -0.2165 | 0.0000 | 13.0468 | 0.2025 | -0.0000 | 
22.2201 | -0.0078 | 0.0000 | 3.9642 | -0.0062 | 0.0000 | 13.0922 | -0.2172 | 0.0000 | 13.0921 | 0.2032 | -0.0000 | 
22.2973 | -0.0078 | -0.0000 | 3.9775 | -0.0062 | 0.0000 | 13.1374 | -0.2179 | 0.0000 | 13.1373 | 0.2039 | -0.0000 | 
22.3745 | -0.0078 | -0.0000 | 3.9907 | -0.0062 | -0.0000 | 13.1827 | -0.2186 | 0.0000 | 13.1826 | 0.2045 | -0.0000 | 
22.4518 | -0.0078 | -0.0000 | 4.0040 | -0.0062 | -0.0000 | 13.2279 | -0.2193 | 0.0000 | 13.2279 | 0.2052 | -0.0000 | 
22.5290 | -0.0079 | 0.0000 | 4.0173 | -0.0062 | -0.0000 | 13.2732 | -0.2200 | 0.0000 | 13.2731 | 0.2059 | -0.0000 | 
22.6063 | -0.0079 | 0.0000 | 4.0305 | -0.0062 | 0.0000 | 13.3185 | -0.2207 | 0.0000 | 13.3184 | 0.2066 | -0.0000 | 
22.6835 | -0.0079 | -0.0000 | 4.0438 | -0.0062 | 0.0000 | 13.3637 | -0.2213 | 0.0000 | 13.3636 | 0.2073 | -0.0000 | 
22.7608 | -0.0079 | 0.0000 | 4.0571 | -0.0062 | -0.0000 | 13.4090 | -0.2220 | 0.0000 | 13.4089 | 0.2079 | -0.0000 | 
22.8380 | -0.0079 | -0.0000 | 4.0703 | -0.0062 | -0.0000 | 13.4542 | -0.2227 | 0.0000 | 13.4541 | 0.2086 | -0.0000 | 
22.9153 | -0.0079 | -0.0000 | 4.0836 | -0.0062 | 0.0000 | 13.4995 | -0.2234 | 0.0000 | 13.4994 | 0.2093 | -0.0000 | 
22.9926 | -0.0079 | 0.0000 | 4.0968 | -0.0062 | 0.0000 | 13.5447 | -0.2241 | 0.0000 | 13.5446 | 0.2100 | -0.0000 | 
23.0698 | -0.0079 | -0.0000 | 4.1101 | -0.0062 | -0.0000 | 13.5900 | -0.2247 | 0.0000 | 13.5899 | 0.2106 | -0.0000 | 
23.1471 | -0.0079 | 0.0000 | 4.1233 | -0.0062 | 0.0000 | 13.6352 | -0.2254 | 0.0000 | 13.6352 | 0.2113 | -0.0000 | 
23.2244 | -0.0079 | 0.0000 | 4.1365 | -0.0062 | 0.0000 | 13.6805 | -0.2261 | 0.0000 | 13.6804 | 0.2120 | -0.0000 | 
23.3016 | -0.0079 | 0.0000 | 4.1498 | -0.0062 | 0.0000 | 13.7258 | -0.2268 | 0.0000 | 13.7257 | 0.2127 | -0.0000 | 
23.3789 | -0.0079 | 0.0000 | 4.1630 | -0.0062 | 0.0000 | 13.7710 | -0.2275 | 0.0000 | 13.7709 | 0.2134 | -0.0000 | 
23.4562 | -0.0079 | 0.0000 | 4.1762 | -0.0062 | -0.0000 | 13.8163 | -0.2282 | 0.0000 | 13.8162 | 0.2140 | -0.0000 | 
23.5335 | -0.0079 | 0.0000 | 4.1894 | -0.0062 | -0.0000 | 13.8615 | -0.2288 | 0.0000 | 13.8614 | 0.2147 | -0.0000 | 
23.6108 | -0.0079 | 0.0000 | 4.2027 | -0.0062 | -0.0000 | 13.9068 | -0.2295 | 0.0000 | 13.9067 | 0.2154 | -0.0000 | 
23.6881 | -0.0079 | -0.0000 | 4.2159 | -0.0062 | -0.0000 | 13.9520 | -0.2302 | 0.0000 | 13.9519 | 0.2160 | -0.0000 | 
23.7654 | -0.0079 | 0.0000 | 4.2291 | -0.0062 | -0.0000 | 13.9973 | -0.2309 | 0.0000 | 13.9972 | 0.2167 | -0.0000 | 
23.8427 | -0.0079 | 0.0000 | 4.2423 | -0.0062 | -0.0000 | 14.0425 | -0.2316 | 0.0000 | 14.0424 | 0.2174 | -0.0000 | 
23.9200 | -0.0079 | 0.0000 | 4.2555 | -0.0062 | -0.0000 | 14.0878 | -0.2322 | 0.0000 | 14.0877 | 0.2181 | -0.0000 | 
23.9973 | -0.0080 | 0.0000 | 4.2687 | -0.0062 | -0.0000 | 14.1330 | -0.2329 | 0.0000 | 14.1329 | 0.2187 | -0.0000 | 
24.0746 | -0.0080 | 0.0000 | 4.2819 | -0.0062 | 0.0000 | 14.1783 | -0.2336 | 0.0000 | 14.1782 | 0.2194 | -0.0000 | 
24.1519 | -0.0080 | 0.0000 | 4.2951 | -0.0062 | -0.0000 | 14.2235 | -0.2343 | 0.0000 | 14.2234 | 0.2201 | -0.0000 | 
24.2293 | -0.0080 | 0.0000 | 4.3083 | -0.0063 | 0.0000 | 14.2688 | -0.2350 | 0.0000 | 14.2687 | 0.2208 | -0.0000 | 
24.3066 | -0.0080 | 0.0000 | 4.3214 | -0.0063 | 0.0000 | 14.3141 | -0.2357 | 0.0000 | 14.3140 | 0.2214 | -0.0000 | 
24.3839 | -0.0080 | 0.0000 | 4.3346 | -0.0063 | 0.0000 | 14.3593 | -0.2363 | 0.0000 | 14.3592 | 0.2221 | -0.0000 | 
24.4612 | -0.0080 | 0.0000 | 4.3478 | -0.0063 | 0.0000 | 14.4046 | -0.2370 | 0.0000 | 14.4045 | 0.2228 | -0.0000 | 
24.5386 | -0.0080 | 0.0000 | 4.3610 | -0.0063 | 0.0000 | 14.4498 | -0.2377 | 0.0000 | 14.4497 | 0.2234 | -0.0000 | 
24.6159 | -0.0080 | 0.0000 | 4.3741 | -0.0063 | 0.0000 | 14.4951 | -0.2384 | 0.0000 | 14.4950 | 0.2241 | -0.0000 | 
24.6933 | -0.0080 | 0.0000 | 4.3873 | -0.0063 | 0.0000 | 14.5403 | -0.2390 | 0.0000 | 14.5402 | 0.2248 | -0.0000 | 
24.7706 | -0.0080 | 0.0000 | 4.4005 | -0.0063 | 0.0000 | 14.5856 | -0.2397 | 0.0000 | 14.5855 | 0.2254 | -0.0000 | 
24.8480 | -0.0080 | 0.0000 | 4.4136 | -0.0063 | 0.0000 | 14.6308 | -0.2404 | 0.0000 | 14.6307 | 0.2261 | -0.0000 | 
24.9253 | -0.0080 | 0.0000 | 4.4268 | -0.0063 | 0.0000 | 14.6761 | -0.2411 | 0.0000 | 14.6760 | 0.2268 | -0.0000 | 
25.0027 | -0.0080 | 0.0000 | 4.4399 | -0.0063 | 0.0000 | 14.7213 | -0.2417 | 0.0000 | 14.7212 | 0.2275 | -0.0000 | 
25.0800 | -0.0080 | 0.0000 | 4.4531 | -0.0063 | -0.0000 | 14.7666 | -0.2424 | 0.0000 | 14.7665 | 0.2281 | -0.0000 | 
25.1574 | -0.0080 | 0.0000 | 4.4662 | -0.0063 | 0.0000 | 14.8119 | -0.2431 | 0.0000 | 14.8118 | 0.2288 | -0.0000 | 
25.2348 | -0.0080 | 0.0000 | 4.4793 | -0.0063 | 0.0000 | 14.8571 | -0.2438 | 0.0000 | 14.8570 | 0.2295 | -0.0000 | 
25.3121 | -0.0080 | 0.0000 | 4.4925 | -0.0063 | 0.0000 | 14.9024 | -0.2444 | 0.0000 | 14.9023 | 0.2301 | -0.0000 | 
25.3895 | -0.0080 | 0.0000 | 4.5056 | -0.0063 | 0.0000 | 14.9476 | -0.2451 | 0.0000 | 14.9475 | 0.2308 | -0.0000 | 
25.4669 | -0.0080 | 0.0000 | 4.5187 | -0.0063 | 0.0000 | 14.9929 | -0.2458 | 0.0000 | 14.9928 | 0.2315 | -0.0000 | 
25.5443 | -0.0081 | 0.0000 | 4.5319 | -0.0063 | 0.0000 | 15.0381 | -0.2465 | 0.0000 | 15.0380 | 0.2321 | -0.0000 | 
25.6217 | -0.0081 | 0.0000 | 4.5450 | -0.0063 | 0.0000 | 15.0834 | -0.2471 | 0.0000 | 15.0833 | 0.2328 | -0.0000 | 
25.6253 | -0.0081 | 0.0000 | 4.5456 | -0.0063 | 0.0000 | 15.0855 | -0.2472 | 0.0000 | 15.0854 | 0.2328 | -0.0000 | 
