Test angle: 45
Mesh element_496 : S11 | S22 | S33 | S12 | E11 | E22 | E33 | 2*E12 | EPbar 
0.000 | 0.000 | 0.000 | 0.000 | 0.0000 |0.0000 |0.0000 |0.0000 |0.0000 |
0.503 | 0.000 | 0.000 | -0.000 | 0.0000 |-0.0000 |0.0000 |-0.0000 |0.0000 |
1.005 | 0.000 | 0.000 | -0.000 | 0.0000 |-0.0000 |0.0000 |-0.0000 |0.0000 |
1.759 | 0.000 | 0.000 | -0.000 | 0.0000 |-0.0000 |0.0000 |-0.0000 |0.0000 |
2.891 | 0.000 | 0.000 | -0.000 | 0.0000 |-0.0000 |0.0000 |-0.0000 |0.0000 |
4.587 | 0.000 | 0.000 | -0.000 | 0.0001 |-0.0000 |0.0000 |-0.0000 |0.0000 |
7.132 | 0.000 | 0.000 | -0.000 | 0.0001 |-0.0000 |0.0000 |-0.0000 |0.0000 |
10.949 | 0.000 | 0.000 | -0.000 | 0.0002 |-0.0001 |0.0000 |-0.0000 |0.0000 |
16.675 | 0.000 | 0.000 | -0.000 | 0.0002 |-0.0001 |0.0000 |-0.0000 |0.0000 |
25.262 | -0.000 | 0.000 | -0.000 | 0.0004 |-0.0001 |0.0000 |-0.0000 |0.0000 |
38.142 | -0.000 | 0.000 | -0.000 | 0.0005 |-0.0002 |0.0000 |-0.0000 |0.0000 |
57.458 | 0.000 | 0.000 | -0.000 | 0.0008 |-0.0003 |0.0000 |-0.0000 |0.0000 |
82.576 | 0.000 | 0.000 | -0.000 | 0.0012 |-0.0004 |0.0000 |-0.0000 |0.0000 |
102.792 | -0.000 | 0.000 | -0.000 | 0.0016 |-0.0005 |0.0000 |-0.0000 |0.0001 |
103.206 | 0.000 | 0.000 | -0.000 | 0.0017 |-0.0005 |0.0000 |-0.0000 |0.0002 |
103.613 | 0.000 | 0.000 | -0.000 | 0.0018 |-0.0006 |0.0000 |-0.0000 |0.0003 |
104.015 | 0.000 | 0.000 | -0.001 | 0.0019 |-0.0006 |0.0000 |-0.0000 |0.0004 |
104.608 | -0.000 | 0.000 | -0.001 | 0.0021 |-0.0006 |0.0000 |-0.0000 |0.0005 |
105.480 | -0.000 | 0.000 | -0.001 | 0.0023 |-0.0007 |0.0000 |-0.0000 |0.0007 |
106.751 | 0.000 | 0.000 | -0.001 | 0.0027 |-0.0007 |0.0000 |-0.0000 |0.0010 |
108.204 | -0.000 | 0.000 | -0.002 | 0.0031 |-0.0008 |0.0000 |-0.0000 |0.0014 |
109.606 | -0.000 | 0.000 | -0.003 | 0.0035 |-0.0009 |0.0000 |-0.0001 |0.0018 |
110.963 | 0.000 | 0.000 | -0.003 | 0.0040 |-0.0010 |0.0000 |-0.0001 |0.0022 |
112.277 | -0.000 | 0.000 | -0.004 | 0.0044 |-0.0011 |0.0000 |-0.0001 |0.0025 |
113.553 | 0.000 | 0.000 | -0.005 | 0.0048 |-0.0012 |0.0000 |-0.0001 |0.0029 |
114.793 | -0.000 | 0.000 | -0.005 | 0.0052 |-0.0013 |0.0000 |-0.0001 |0.0033 |
116.000 | 0.000 | 0.000 | -0.006 | 0.0057 |-0.0014 |0.0000 |-0.0001 |0.0036 |
117.176 | 0.000 | 0.000 | -0.007 | 0.0061 |-0.0015 |0.0000 |-0.0001 |0.0040 |
118.323 | 0.000 | 0.000 | -0.007 | 0.0065 |-0.0016 |0.0000 |-0.0001 |0.0044 |
119.442 | 0.000 | 0.000 | -0.008 | 0.0069 |-0.0017 |0.0000 |-0.0001 |0.0048 |
120.535 | 0.000 | 0.000 | -0.009 | 0.0074 |-0.0017 |0.0000 |-0.0001 |0.0051 |
121.604 | 0.000 | 0.000 | -0.009 | 0.0078 |-0.0018 |0.0000 |-0.0002 |0.0055 |
122.650 | -0.000 | 0.000 | -0.010 | 0.0082 |-0.0019 |0.0000 |-0.0002 |0.0059 |
123.674 | 0.000 | 0.000 | -0.011 | 0.0086 |-0.0020 |0.0000 |-0.0002 |0.0062 |
124.677 | 0.000 | 0.000 | -0.011 | 0.0090 |-0.0021 |0.0000 |-0.0002 |0.0066 |
125.660 | 0.000 | 0.000 | -0.012 | 0.0095 |-0.0022 |0.0000 |-0.0002 |0.0070 |
126.624 | 0.000 | 0.000 | -0.013 | 0.0099 |-0.0023 |0.0000 |-0.0002 |0.0073 |
127.571 | 0.000 | 0.000 | -0.014 | 0.0103 |-0.0024 |0.0000 |-0.0002 |0.0077 |
128.499 | 0.000 | 0.000 | -0.014 | 0.0107 |-0.0025 |0.0000 |-0.0002 |0.0081 |
129.412 | 0.000 | 0.000 | -0.015 | 0.0111 |-0.0025 |0.0000 |-0.0002 |0.0084 |
130.309 | 0.000 | 0.000 | -0.016 | 0.0116 |-0.0026 |0.0000 |-0.0002 |0.0088 |
131.190 | 0.000 | 0.000 | -0.017 | 0.0120 |-0.0027 |0.0000 |-0.0003 |0.0092 |
132.057 | 0.000 | 0.000 | -0.018 | 0.0124 |-0.0028 |0.0000 |-0.0003 |0.0095 |
132.910 | 0.000 | 0.000 | -0.018 | 0.0128 |-0.0029 |0.0000 |-0.0003 |0.0099 |
133.749 | 0.000 | 0.000 | -0.019 | 0.0132 |-0.0030 |0.0000 |-0.0003 |0.0103 |
134.576 | 0.000 | 0.000 | -0.020 | 0.0136 |-0.0031 |0.0000 |-0.0003 |0.0106 |
135.390 | 0.000 | 0.000 | -0.021 | 0.0141 |-0.0032 |0.0000 |-0.0003 |0.0110 |
136.192 | 0.000 | 0.000 | -0.022 | 0.0145 |-0.0032 |0.0000 |-0.0003 |0.0114 |
136.982 | 0.000 | 0.000 | -0.022 | 0.0149 |-0.0033 |0.0000 |-0.0003 |0.0117 |
137.761 | 0.000 | 0.000 | -0.023 | 0.0153 |-0.0034 |0.0000 |-0.0003 |0.0121 |
138.529 | 0.000 | 0.000 | -0.024 | 0.0157 |-0.0035 |0.0000 |-0.0004 |0.0125 |
139.287 | 0.000 | 0.000 | -0.025 | 0.0161 |-0.0036 |0.0000 |-0.0004 |0.0128 |
140.034 | 0.000 | 0.000 | -0.026 | 0.0165 |-0.0037 |0.0000 |-0.0004 |0.0132 |
140.771 | 0.000 | 0.000 | -0.027 | 0.0170 |-0.0038 |0.0000 |-0.0004 |0.0136 |
141.499 | 0.000 | 0.000 | -0.028 | 0.0174 |-0.0039 |0.0000 |-0.0004 |0.0139 |
142.218 | 0.000 | 0.000 | -0.028 | 0.0178 |-0.0039 |0.0000 |-0.0004 |0.0143 |
142.928 | 0.000 | 0.000 | -0.029 | 0.0182 |-0.0040 |0.0000 |-0.0004 |0.0147 |
143.629 | 0.000 | 0.000 | -0.030 | 0.0186 |-0.0041 |0.0000 |-0.0004 |0.0150 |
144.322 | 0.000 | 0.000 | -0.031 | 0.0190 |-0.0042 |0.0000 |-0.0004 |0.0154 |
145.006 | 0.000 | 0.000 | -0.032 | 0.0194 |-0.0043 |0.0000 |-0.0004 |0.0158 |
145.682 | 0.000 | 0.000 | -0.033 | 0.0199 |-0.0044 |0.0000 |-0.0005 |0.0161 |
146.351 | 0.000 | 0.000 | -0.034 | 0.0203 |-0.0045 |0.0000 |-0.0005 |0.0165 |
147.012 | 0.000 | 0.000 | -0.035 | 0.0207 |-0.0046 |0.0000 |-0.0005 |0.0169 |
147.666 | 0.000 | 0.000 | -0.036 | 0.0211 |-0.0046 |0.0000 |-0.0005 |0.0172 |
148.312 | 0.000 | 0.000 | -0.037 | 0.0215 |-0.0047 |0.0000 |-0.0005 |0.0176 |
148.951 | 0.000 | 0.000 | -0.037 | 0.0219 |-0.0048 |0.0000 |-0.0005 |0.0180 |
149.584 | 0.000 | 0.000 | -0.038 | 0.0223 |-0.0049 |0.0000 |-0.0005 |0.0183 |
150.210 | 0.000 | 0.000 | -0.039 | 0.0227 |-0.0050 |0.0000 |-0.0005 |0.0187 |
150.829 | 0.000 | 0.000 | -0.040 | 0.0231 |-0.0051 |0.0000 |-0.0005 |0.0191 |
151.442 | 0.000 | 0.000 | -0.041 | 0.0236 |-0.0052 |0.0000 |-0.0006 |0.0194 |
152.049 | 0.000 | 0.000 | -0.042 | 0.0240 |-0.0053 |0.0000 |-0.0006 |0.0198 |
152.650 | 0.000 | 0.000 | -0.043 | 0.0244 |-0.0053 |0.0000 |-0.0006 |0.0202 |
153.245 | 0.000 | 0.000 | -0.044 | 0.0248 |-0.0054 |0.0000 |-0.0006 |0.0205 |
153.835 | 0.000 | 0.000 | -0.045 | 0.0252 |-0.0055 |0.0000 |-0.0006 |0.0209 |
154.418 | 0.000 | 0.000 | -0.046 | 0.0256 |-0.0056 |0.0000 |-0.0006 |0.0213 |
154.996 | 0.000 | 0.000 | -0.047 | 0.0260 |-0.0057 |0.0000 |-0.0006 |0.0216 |
155.569 | 0.000 | 0.000 | -0.048 | 0.0264 |-0.0058 |0.0000 |-0.0006 |0.0220 |
156.137 | 0.000 | 0.000 | -0.049 | 0.0268 |-0.0059 |0.0000 |-0.0006 |0.0224 |
156.699 | 0.000 | 0.000 | -0.050 | 0.0272 |-0.0059 |0.0000 |-0.0006 |0.0227 |
157.256 | 0.000 | 0.000 | -0.051 | 0.0276 |-0.0060 |0.0000 |-0.0007 |0.0231 |
157.808 | 0.000 | 0.000 | -0.052 | 0.0281 |-0.0061 |0.0000 |-0.0007 |0.0234 |
158.356 | 0.000 | 0.000 | -0.053 | 0.0285 |-0.0062 |0.0000 |-0.0007 |0.0238 |
158.899 | 0.000 | 0.000 | -0.054 | 0.0289 |-0.0063 |0.0000 |-0.0007 |0.0242 |
159.437 | 0.000 | 0.000 | -0.055 | 0.0293 |-0.0064 |0.0000 |-0.0007 |0.0245 |
159.970 | 0.000 | 0.000 | -0.056 | 0.0297 |-0.0065 |0.0000 |-0.0007 |0.0249 |
160.499 | 0.000 | 0.000 | -0.057 | 0.0301 |-0.0065 |0.0000 |-0.0007 |0.0253 |
161.024 | 0.000 | 0.000 | -0.058 | 0.0305 |-0.0066 |0.0000 |-0.0007 |0.0256 |
161.544 | 0.000 | 0.000 | -0.059 | 0.0309 |-0.0067 |0.0000 |-0.0007 |0.0260 |
162.061 | 0.000 | 0.000 | -0.060 | 0.0313 |-0.0068 |0.0000 |-0.0008 |0.0264 |
162.573 | 0.000 | 0.000 | -0.061 | 0.0317 |-0.0069 |0.0000 |-0.0008 |0.0267 |
163.081 | 0.000 | 0.000 | -0.062 | 0.0321 |-0.0070 |0.0000 |-0.0008 |0.0271 |
163.585 | 0.000 | 0.000 | -0.063 | 0.0325 |-0.0071 |0.0000 |-0.0008 |0.0274 |
164.085 | 0.000 | 0.000 | -0.064 | 0.0329 |-0.0071 |0.0000 |-0.0008 |0.0278 |
164.581 | 0.000 | 0.000 | -0.065 | 0.0334 |-0.0072 |0.0000 |-0.0008 |0.0282 |
165.074 | 0.000 | 0.000 | -0.066 | 0.0338 |-0.0073 |0.0000 |-0.0008 |0.0285 |
165.562 | 0.000 | 0.000 | -0.067 | 0.0342 |-0.0074 |0.0000 |-0.0008 |0.0289 |
166.047 | 0.000 | 0.000 | -0.068 | 0.0346 |-0.0075 |0.0000 |-0.0008 |0.0293 |
166.529 | 0.000 | 0.000 | -0.069 | 0.0350 |-0.0076 |0.0000 |-0.0008 |0.0296 |
167.007 | 0.000 | 0.000 | -0.070 | 0.0354 |-0.0077 |0.0000 |-0.0009 |0.0300 |
167.482 | 0.000 | 0.000 | -0.071 | 0.0358 |-0.0077 |0.0000 |-0.0009 |0.0303 |
167.953 | 0.000 | 0.000 | -0.072 | 0.0362 |-0.0078 |0.0000 |-0.0009 |0.0307 |
168.421 | 0.000 | 0.000 | -0.073 | 0.0366 |-0.0079 |0.0000 |-0.0009 |0.0311 |
168.885 | 0.000 | 0.000 | -0.074 | 0.0370 |-0.0080 |0.0000 |-0.0009 |0.0314 |
169.347 | 0.000 | 0.000 | -0.075 | 0.0374 |-0.0081 |0.0000 |-0.0009 |0.0318 |
169.805 | 0.000 | 0.000 | -0.077 | 0.0378 |-0.0082 |0.0000 |-0.0009 |0.0322 |
170.260 | 0.000 | 0.000 | -0.078 | 0.0382 |-0.0082 |0.0000 |-0.0009 |0.0325 |
170.712 | 0.000 | 0.000 | -0.079 | 0.0386 |-0.0083 |0.0000 |-0.0009 |0.0329 |
171.161 | 0.000 | 0.000 | -0.080 | 0.0390 |-0.0084 |0.0000 |-0.0010 |0.0332 |
171.607 | 0.000 | 0.000 | -0.081 | 0.0394 |-0.0085 |0.0000 |-0.0010 |0.0336 |
172.050 | 0.000 | 0.000 | -0.082 | 0.0398 |-0.0086 |0.0000 |-0.0010 |0.0340 |
172.490 | 0.000 | 0.000 | -0.083 | 0.0402 |-0.0087 |0.0000 |-0.0010 |0.0343 |
172.927 | 0.000 | 0.000 | -0.084 | 0.0406 |-0.0088 |0.0000 |-0.0010 |0.0347 |
173.362 | 0.000 | 0.000 | -0.085 | 0.0410 |-0.0088 |0.0000 |-0.0010 |0.0350 |
173.794 | 0.000 | 0.000 | -0.086 | 0.0415 |-0.0089 |0.0000 |-0.0010 |0.0354 |
174.222 | 0.000 | 0.000 | -0.087 | 0.0419 |-0.0090 |0.0000 |-0.0010 |0.0358 |
174.649 | 0.000 | 0.000 | -0.088 | 0.0423 |-0.0091 |0.0000 |-0.0010 |0.0361 |
175.072 | 0.000 | 0.000 | -0.090 | 0.0427 |-0.0092 |0.0000 |-0.0010 |0.0365 |
175.493 | 0.000 | 0.000 | -0.091 | 0.0431 |-0.0093 |0.0000 |-0.0011 |0.0369 |
175.912 | 0.000 | 0.000 | -0.092 | 0.0435 |-0.0093 |0.0000 |-0.0011 |0.0372 |
176.328 | 0.000 | 0.000 | -0.093 | 0.0439 |-0.0094 |0.0000 |-0.0011 |0.0376 |
176.741 | 0.000 | 0.000 | -0.094 | 0.0443 |-0.0095 |0.0000 |-0.0011 |0.0379 |
177.152 | 0.000 | 0.000 | -0.095 | 0.0447 |-0.0096 |0.0000 |-0.0011 |0.0383 |
177.560 | 0.000 | 0.000 | -0.096 | 0.0451 |-0.0097 |0.0000 |-0.0011 |0.0387 |
177.966 | 0.000 | 0.000 | -0.097 | 0.0455 |-0.0098 |0.0000 |-0.0011 |0.0390 |
178.370 | 0.000 | 0.000 | -0.098 | 0.0459 |-0.0099 |0.0000 |-0.0011 |0.0394 |
178.772 | 0.000 | 0.000 | -0.100 | 0.0463 |-0.0099 |0.0000 |-0.0011 |0.0397 |
179.171 | 0.000 | 0.000 | -0.101 | 0.0467 |-0.0100 |0.0000 |-0.0012 |0.0401 |
179.568 | 0.000 | 0.000 | -0.102 | 0.0471 |-0.0101 |0.0000 |-0.0012 |0.0405 |
179.962 | 0.000 | 0.000 | -0.103 | 0.0475 |-0.0102 |0.0000 |-0.0012 |0.0408 |
180.355 | 0.000 | 0.000 | -0.104 | 0.0479 |-0.0103 |0.0000 |-0.0012 |0.0412 |
180.745 | 0.000 | 0.000 | -0.105 | 0.0483 |-0.0104 |0.0000 |-0.0012 |0.0415 |
181.133 | 0.000 | 0.000 | -0.106 | 0.0487 |-0.0104 |0.0000 |-0.0012 |0.0419 |
181.519 | 0.000 | 0.000 | -0.108 | 0.0491 |-0.0105 |0.0000 |-0.0012 |0.0423 |
181.903 | 0.000 | 0.000 | -0.109 | 0.0495 |-0.0106 |0.0000 |-0.0012 |0.0426 |
182.284 | 0.000 | 0.000 | -0.110 | 0.0499 |-0.0107 |0.0000 |-0.0012 |0.0430 |
182.664 | 0.000 | 0.000 | -0.111 | 0.0503 |-0.0108 |0.0000 |-0.0013 |0.0433 |
183.042 | 0.000 | 0.000 | -0.112 | 0.0507 |-0.0109 |0.0000 |-0.0013 |0.0437 |
183.417 | 0.000 | 0.000 | -0.113 | 0.0511 |-0.0109 |0.0000 |-0.0013 |0.0440 |
183.791 | 0.000 | 0.000 | -0.114 | 0.0515 |-0.0110 |0.0000 |-0.0013 |0.0444 |
184.163 | 0.000 | 0.000 | -0.116 | 0.0519 |-0.0111 |0.0000 |-0.0013 |0.0448 |
184.533 | 0.000 | 0.000 | -0.117 | 0.0523 |-0.0112 |0.0000 |-0.0013 |0.0451 |
184.901 | 0.000 | 0.000 | -0.118 | 0.0527 |-0.0113 |0.0000 |-0.0013 |0.0455 |
185.267 | 0.000 | 0.000 | -0.119 | 0.0531 |-0.0114 |0.0000 |-0.0013 |0.0458 |
185.631 | 0.000 | 0.000 | -0.120 | 0.0535 |-0.0115 |0.0000 |-0.0013 |0.0462 |
185.993 | 0.000 | 0.000 | -0.121 | 0.0539 |-0.0115 |0.0000 |-0.0013 |0.0466 |
186.353 | 0.000 | 0.000 | -0.123 | 0.0543 |-0.0116 |0.0000 |-0.0014 |0.0469 |
186.712 | 0.000 | 0.000 | -0.124 | 0.0547 |-0.0117 |0.0000 |-0.0014 |0.0473 |
187.069 | 0.000 | 0.000 | -0.125 | 0.0551 |-0.0118 |0.0000 |-0.0014 |0.0476 |
187.424 | 0.000 | 0.000 | -0.126 | 0.0555 |-0.0119 |0.0000 |-0.0014 |0.0480 |
187.777 | 0.000 | 0.000 | -0.127 | 0.0559 |-0.0120 |0.0000 |-0.0014 |0.0483 |
188.129 | 0.000 | 0.000 | -0.129 | 0.0563 |-0.0120 |0.0000 |-0.0014 |0.0487 |
188.479 | 0.000 | 0.000 | -0.130 | 0.0567 |-0.0121 |0.0000 |-0.0014 |0.0491 |
188.827 | 0.000 | 0.000 | -0.131 | 0.0571 |-0.0122 |0.0000 |-0.0014 |0.0494 |
189.174 | 0.000 | 0.000 | -0.132 | 0.0575 |-0.0123 |0.0000 |-0.0014 |0.0498 |
189.519 | 0.000 | 0.000 | -0.133 | 0.0579 |-0.0124 |0.0000 |-0.0015 |0.0501 |
189.863 | 0.000 | 0.000 | -0.135 | 0.0583 |-0.0125 |0.0000 |-0.0015 |0.0505 |
190.204 | 0.000 | 0.000 | -0.136 | 0.0587 |-0.0125 |0.0000 |-0.0015 |0.0508 |
190.545 | 0.000 | 0.000 | -0.137 | 0.0591 |-0.0126 |0.0000 |-0.0015 |0.0512 |
190.883 | 0.000 | 0.000 | -0.138 | 0.0595 |-0.0127 |0.0000 |-0.0015 |0.0516 |
191.220 | 0.000 | 0.000 | -0.139 | 0.0599 |-0.0128 |0.0000 |-0.0015 |0.0519 |
191.556 | 0.000 | 0.000 | -0.141 | 0.0603 |-0.0129 |0.0000 |-0.0015 |0.0523 |
191.890 | 0.000 | 0.000 | -0.142 | 0.0607 |-0.0130 |0.0000 |-0.0015 |0.0526 |
192.222 | 0.000 | 0.000 | -0.143 | 0.0611 |-0.0130 |0.0000 |-0.0015 |0.0530 |
192.554 | 0.000 | 0.000 | -0.144 | 0.0615 |-0.0131 |0.0000 |-0.0016 |0.0533 |
192.883 | 0.000 | 0.000 | -0.145 | 0.0619 |-0.0132 |0.0000 |-0.0016 |0.0537 |
193.211 | 0.000 | 0.000 | -0.147 | 0.0623 |-0.0133 |0.0000 |-0.0016 |0.0541 |
193.538 | 0.000 | 0.000 | -0.148 | 0.0627 |-0.0134 |0.0000 |-0.0016 |0.0544 |
193.863 | 0.000 | 0.000 | -0.149 | 0.0630 |-0.0135 |0.0000 |-0.0016 |0.0548 |
194.187 | 0.000 | 0.000 | -0.150 | 0.0634 |-0.0135 |0.0000 |-0.0016 |0.0551 |
194.509 | 0.000 | 0.000 | -0.151 | 0.0638 |-0.0136 |0.0000 |-0.0016 |0.0555 |
194.830 | 0.000 | 0.000 | -0.153 | 0.0642 |-0.0137 |0.0000 |-0.0016 |0.0558 |
195.150 | 0.000 | 0.000 | -0.154 | 0.0646 |-0.0138 |0.0000 |-0.0016 |0.0562 |
195.468 | 0.000 | 0.000 | -0.155 | 0.0650 |-0.0139 |0.0000 |-0.0017 |0.0565 |
195.785 | 0.000 | 0.000 | -0.156 | 0.0654 |-0.0140 |0.0000 |-0.0017 |0.0569 |
196.100 | 0.000 | 0.000 | -0.158 | 0.0658 |-0.0140 |0.0000 |-0.0017 |0.0573 |
196.415 | 0.000 | 0.000 | -0.159 | 0.0662 |-0.0141 |0.0000 |-0.0017 |0.0576 |
196.727 | 0.000 | 0.000 | -0.160 | 0.0666 |-0.0142 |0.0000 |-0.0017 |0.0580 |
197.039 | 0.000 | 0.000 | -0.161 | 0.0670 |-0.0143 |0.0000 |-0.0017 |0.0583 |
197.349 | 0.000 | 0.000 | -0.163 | 0.0674 |-0.0144 |0.0000 |-0.0017 |0.0587 |
197.658 | 0.000 | 0.000 | -0.164 | 0.0678 |-0.0144 |0.0000 |-0.0017 |0.0590 |
197.966 | 0.000 | 0.000 | -0.165 | 0.0682 |-0.0145 |0.0000 |-0.0017 |0.0594 |
198.273 | 0.000 | 0.000 | -0.166 | 0.0686 |-0.0146 |0.0000 |-0.0017 |0.0597 |
198.578 | 0.000 | 0.000 | -0.168 | 0.0690 |-0.0147 |0.0000 |-0.0018 |0.0601 |
198.882 | 0.000 | 0.000 | -0.169 | 0.0694 |-0.0148 |0.0000 |-0.0018 |0.0605 |
199.185 | 0.000 | 0.000 | -0.170 | 0.0698 |-0.0149 |0.0000 |-0.0018 |0.0608 |
199.486 | 0.000 | 0.000 | -0.171 | 0.0702 |-0.0149 |0.0000 |-0.0018 |0.0612 |
199.787 | 0.000 | 0.000 | -0.173 | 0.0706 |-0.0150 |0.0000 |-0.0018 |0.0615 |
200.086 | 0.000 | 0.000 | -0.174 | 0.0710 |-0.0151 |0.0000 |-0.0018 |0.0619 |
200.384 | 0.000 | 0.000 | -0.175 | 0.0713 |-0.0152 |0.0000 |-0.0018 |0.0622 |
200.681 | 0.000 | 0.000 | -0.176 | 0.0717 |-0.0153 |0.0000 |-0.0018 |0.0626 |
200.977 | 0.000 | 0.000 | -0.178 | 0.0721 |-0.0154 |0.0000 |-0.0018 |0.0629 |
201.272 | 0.000 | 0.000 | -0.179 | 0.0725 |-0.0154 |0.0000 |-0.0019 |0.0633 |
201.565 | 0.000 | 0.000 | -0.180 | 0.0729 |-0.0155 |0.0000 |-0.0019 |0.0636 |
201.857 | 0.000 | 0.000 | -0.181 | 0.0733 |-0.0156 |0.0000 |-0.0019 |0.0640 |
202.149 | 0.000 | 0.000 | -0.183 | 0.0737 |-0.0157 |0.0000 |-0.0019 |0.0643 |
202.439 | 0.000 | 0.000 | -0.184 | 0.0741 |-0.0158 |0.0000 |-0.0019 |0.0647 |
202.728 | 0.000 | 0.000 | -0.185 | 0.0745 |-0.0158 |0.0000 |-0.0019 |0.0651 |
203.016 | 0.000 | 0.000 | -0.187 | 0.0749 |-0.0159 |0.0000 |-0.0019 |0.0654 |
203.303 | 0.000 | 0.000 | -0.188 | 0.0753 |-0.0160 |0.0000 |-0.0019 |0.0658 |
203.589 | 0.000 | 0.000 | -0.189 | 0.0757 |-0.0161 |0.0000 |-0.0019 |0.0661 |
203.874 | 0.000 | 0.000 | -0.190 | 0.0761 |-0.0162 |0.0000 |-0.0020 |0.0665 |
204.157 | 0.000 | 0.000 | -0.192 | 0.0765 |-0.0163 |0.0000 |-0.0020 |0.0668 |
204.440 | 0.000 | 0.000 | -0.193 | 0.0768 |-0.0163 |0.0000 |-0.0020 |0.0672 |
204.722 | 0.000 | 0.000 | -0.194 | 0.0772 |-0.0164 |0.0000 |-0.0020 |0.0675 |
205.003 | 0.000 | 0.000 | -0.196 | 0.0776 |-0.0165 |0.0000 |-0.0020 |0.0679 |
205.282 | 0.000 | 0.000 | -0.197 | 0.0780 |-0.0166 |0.0000 |-0.0020 |0.0682 |
205.561 | 0.000 | 0.000 | -0.198 | 0.0784 |-0.0167 |0.0000 |-0.0020 |0.0686 |
205.839 | 0.000 | 0.000 | -0.199 | 0.0788 |-0.0168 |0.0000 |-0.0020 |0.0689 |
206.115 | 0.000 | 0.000 | -0.201 | 0.0792 |-0.0168 |0.0000 |-0.0020 |0.0693 |
206.391 | 0.000 | 0.000 | -0.202 | 0.0796 |-0.0169 |0.0000 |-0.0021 |0.0696 |
206.666 | 0.000 | 0.000 | -0.203 | 0.0800 |-0.0170 |0.0000 |-0.0021 |0.0700 |
206.939 | 0.000 | 0.000 | -0.205 | 0.0804 |-0.0171 |0.0000 |-0.0021 |0.0703 |
207.212 | 0.000 | 0.000 | -0.206 | 0.0808 |-0.0172 |0.0000 |-0.0021 |0.0707 |
207.484 | 0.000 | 0.000 | -0.207 | 0.0812 |-0.0172 |0.0000 |-0.0021 |0.0710 |
207.755 | 0.000 | 0.000 | -0.208 | 0.0815 |-0.0173 |0.0000 |-0.0021 |0.0714 |
208.025 | 0.000 | 0.000 | -0.210 | 0.0819 |-0.0174 |0.0000 |-0.0021 |0.0717 |
208.294 | 0.000 | 0.000 | -0.211 | 0.0823 |-0.0175 |0.0000 |-0.0021 |0.0721 |
208.562 | 0.000 | 0.000 | -0.212 | 0.0827 |-0.0176 |0.0000 |-0.0021 |0.0725 |
208.829 | 0.000 | 0.000 | -0.214 | 0.0831 |-0.0177 |0.0000 |-0.0022 |0.0728 |
209.095 | 0.000 | 0.000 | -0.215 | 0.0835 |-0.0177 |0.0000 |-0.0022 |0.0732 |
209.361 | 0.000 | 0.000 | -0.216 | 0.0839 |-0.0178 |0.0000 |-0.0022 |0.0735 |
209.625 | 0.000 | 0.000 | -0.218 | 0.0843 |-0.0179 |0.0000 |-0.0022 |0.0739 |
209.889 | 0.000 | 0.000 | -0.219 | 0.0847 |-0.0180 |0.0000 |-0.0022 |0.0742 |
210.152 | 0.000 | 0.000 | -0.220 | 0.0851 |-0.0181 |0.0000 |-0.0022 |0.0746 |
210.414 | 0.000 | 0.000 | -0.222 | 0.0854 |-0.0181 |0.0000 |-0.0022 |0.0749 |
210.675 | 0.000 | 0.000 | -0.223 | 0.0858 |-0.0182 |0.0000 |-0.0022 |0.0753 |
210.935 | 0.000 | 0.000 | -0.224 | 0.0862 |-0.0183 |0.0000 |-0.0022 |0.0756 |
211.194 | 0.000 | 0.000 | -0.226 | 0.0866 |-0.0184 |0.0000 |-0.0022 |0.0760 |
211.452 | 0.000 | 0.000 | -0.227 | 0.0870 |-0.0185 |0.0000 |-0.0023 |0.0763 |
211.710 | 0.000 | 0.000 | -0.228 | 0.0874 |-0.0185 |0.0000 |-0.0023 |0.0767 |
211.967 | 0.000 | 0.000 | -0.230 | 0.0878 |-0.0186 |0.0000 |-0.0023 |0.0770 |
212.223 | 0.000 | 0.000 | -0.231 | 0.0882 |-0.0187 |0.0000 |-0.0023 |0.0774 |
212.478 | 0.000 | 0.000 | -0.232 | 0.0886 |-0.0188 |0.0000 |-0.0023 |0.0777 |
212.732 | 0.000 | 0.000 | -0.233 | 0.0890 |-0.0189 |0.0000 |-0.0023 |0.0781 |
212.985 | 0.000 | 0.000 | -0.235 | 0.0893 |-0.0190 |0.0000 |-0.0023 |0.0784 |
213.238 | 0.000 | 0.000 | -0.236 | 0.0897 |-0.0190 |0.0000 |-0.0023 |0.0788 |
213.490 | 0.000 | 0.000 | -0.237 | 0.0901 |-0.0191 |0.0000 |-0.0023 |0.0791 |
213.741 | 0.000 | 0.000 | -0.239 | 0.0905 |-0.0192 |0.0000 |-0.0024 |0.0795 |
213.991 | 0.000 | 0.000 | -0.240 | 0.0909 |-0.0193 |0.0000 |-0.0024 |0.0798 |
214.241 | 0.000 | 0.000 | -0.242 | 0.0913 |-0.0194 |0.0000 |-0.0024 |0.0802 |
214.490 | 0.000 | 0.000 | -0.243 | 0.0917 |-0.0194 |0.0000 |-0.0024 |0.0805 |
214.737 | 0.000 | 0.000 | -0.244 | 0.0921 |-0.0195 |0.0000 |-0.0024 |0.0809 |
214.985 | 0.000 | 0.000 | -0.246 | 0.0924 |-0.0196 |0.0000 |-0.0024 |0.0812 |
215.231 | 0.000 | 0.000 | -0.247 | 0.0928 |-0.0197 |0.0000 |-0.0024 |0.0816 |
215.477 | 0.000 | 0.000 | -0.248 | 0.0932 |-0.0198 |0.0000 |-0.0024 |0.0819 |
215.722 | 0.000 | 0.000 | -0.250 | 0.0936 |-0.0198 |0.0000 |-0.0024 |0.0823 |
215.966 | 0.000 | 0.000 | -0.251 | 0.0940 |-0.0199 |0.0000 |-0.0025 |0.0826 |
216.209 | 0.000 | 0.000 | -0.252 | 0.0944 |-0.0200 |0.0000 |-0.0025 |0.0830 |
216.452 | 0.000 | 0.000 | -0.254 | 0.0948 |-0.0201 |0.0000 |-0.0025 |0.0833 |
216.694 | 0.000 | 0.000 | -0.255 | 0.0952 |-0.0202 |0.0000 |-0.0025 |0.0836 |
216.935 | 0.000 | 0.000 | -0.256 | 0.0955 |-0.0203 |0.0000 |-0.0025 |0.0840 |
217.176 | 0.000 | 0.000 | -0.258 | 0.0959 |-0.0203 |0.0000 |-0.0025 |0.0843 |
217.416 | 0.000 | 0.000 | -0.259 | 0.0963 |-0.0204 |0.0000 |-0.0025 |0.0847 |
217.655 | 0.000 | 0.000 | -0.260 | 0.0967 |-0.0205 |0.0000 |-0.0025 |0.0850 |
217.893 | 0.000 | 0.000 | -0.262 | 0.0971 |-0.0206 |0.0000 |-0.0025 |0.0854 |
218.131 | 0.000 | 0.000 | -0.263 | 0.0975 |-0.0207 |0.0000 |-0.0026 |0.0857 |
218.368 | 0.000 | 0.000 | -0.264 | 0.0979 |-0.0207 |0.0000 |-0.0026 |0.0861 |
218.605 | 0.000 | 0.000 | -0.266 | 0.0982 |-0.0208 |0.0000 |-0.0026 |0.0864 |
218.840 | 0.000 | 0.000 | -0.267 | 0.0986 |-0.0209 |0.0000 |-0.0026 |0.0868 |
219.075 | 0.000 | 0.000 | -0.269 | 0.0990 |-0.0210 |0.0000 |-0.0026 |0.0871 |
219.309 | 0.000 | 0.000 | -0.270 | 0.0994 |-0.0211 |0.0000 |-0.0026 |0.0875 |
219.543 | 0.000 | 0.000 | -0.271 | 0.0998 |-0.0211 |0.0000 |-0.0026 |0.0878 |
219.776 | 0.000 | 0.000 | -0.273 | 0.1002 |-0.0212 |0.0000 |-0.0026 |0.0882 |
220.008 | 0.000 | 0.000 | -0.274 | 0.1006 |-0.0213 |0.0000 |-0.0026 |0.0885 |
220.240 | 0.000 | 0.000 | -0.275 | 0.1009 |-0.0214 |0.0000 |-0.0027 |0.0889 |
220.471 | 0.000 | 0.000 | -0.277 | 0.1013 |-0.0215 |0.0000 |-0.0027 |0.0892 |
220.701 | 0.000 | 0.000 | -0.278 | 0.1017 |-0.0215 |0.0000 |-0.0027 |0.0896 |
220.931 | 0.000 | 0.000 | -0.279 | 0.1021 |-0.0216 |0.0000 |-0.0027 |0.0899 |
221.160 | 0.000 | 0.000 | -0.281 | 0.1025 |-0.0217 |0.0000 |-0.0027 |0.0903 |
221.388 | 0.000 | 0.000 | -0.282 | 0.1029 |-0.0218 |0.0000 |-0.0027 |0.0906 |
221.616 | 0.000 | 0.000 | -0.284 | 0.1033 |-0.0219 |0.0000 |-0.0027 |0.0909 |
221.843 | 0.000 | 0.000 | -0.285 | 0.1036 |-0.0219 |0.0000 |-0.0027 |0.0913 |
222.070 | 0.000 | 0.000 | -0.286 | 0.1040 |-0.0220 |0.0000 |-0.0027 |0.0916 |
222.296 | 0.000 | 0.000 | -0.288 | 0.1044 |-0.0221 |0.0000 |-0.0028 |0.0920 |
222.521 | 0.000 | 0.000 | -0.289 | 0.1048 |-0.0222 |0.0000 |-0.0028 |0.0923 |
222.746 | 0.000 | 0.000 | -0.291 | 0.1052 |-0.0223 |0.0000 |-0.0028 |0.0927 |
222.970 | 0.000 | 0.000 | -0.292 | 0.1056 |-0.0223 |0.0000 |-0.0028 |0.0930 |
223.193 | 0.000 | 0.000 | -0.293 | 0.1059 |-0.0224 |0.0000 |-0.0028 |0.0934 |
223.416 | 0.000 | 0.000 | -0.295 | 0.1063 |-0.0225 |0.0000 |-0.0028 |0.0937 |
223.638 | 0.000 | 0.000 | -0.296 | 0.1067 |-0.0226 |0.0000 |-0.0028 |0.0941 |
223.860 | 0.000 | 0.000 | -0.297 | 0.1071 |-0.0227 |0.0000 |-0.0028 |0.0944 |
224.081 | 0.000 | 0.000 | -0.299 | 0.1075 |-0.0227 |0.0000 |-0.0028 |0.0948 |
224.301 | 0.000 | 0.000 | -0.300 | 0.1079 |-0.0228 |0.0000 |-0.0029 |0.0951 |
224.521 | 0.000 | 0.000 | -0.302 | 0.1082 |-0.0229 |0.0000 |-0.0029 |0.0954 |
224.740 | 0.000 | 0.000 | -0.303 | 0.1086 |-0.0230 |0.0000 |-0.0029 |0.0958 |
224.959 | 0.000 | 0.000 | -0.304 | 0.1090 |-0.0231 |0.0000 |-0.0029 |0.0961 |
225.177 | 0.000 | 0.000 | -0.306 | 0.1094 |-0.0231 |0.0000 |-0.0029 |0.0965 |
225.395 | 0.000 | 0.000 | -0.307 | 0.1098 |-0.0232 |0.0000 |-0.0029 |0.0968 |
225.611 | 0.000 | 0.000 | -0.309 | 0.1102 |-0.0233 |0.0000 |-0.0029 |0.0972 |
225.828 | 0.000 | 0.000 | -0.310 | 0.1105 |-0.0234 |0.0000 |-0.0029 |0.0975 |
226.044 | 0.000 | 0.000 | -0.311 | 0.1109 |-0.0235 |0.0000 |-0.0029 |0.0979 |
226.259 | 0.000 | 0.000 | -0.313 | 0.1113 |-0.0235 |0.0000 |-0.0030 |0.0982 |
226.474 | 0.000 | 0.000 | -0.314 | 0.1117 |-0.0236 |0.0000 |-0.0030 |0.0985 |
226.688 | 0.000 | 0.000 | -0.316 | 0.1121 |-0.0237 |0.0000 |-0.0030 |0.0989 |
226.901 | 0.000 | 0.000 | -0.317 | 0.1125 |-0.0238 |0.0000 |-0.0030 |0.0992 |
227.114 | 0.000 | 0.000 | -0.318 | 0.1128 |-0.0239 |0.0000 |-0.0030 |0.0996 |
227.327 | 0.000 | 0.000 | -0.320 | 0.1132 |-0.0239 |0.0000 |-0.0030 |0.0999 |
227.539 | 0.000 | 0.000 | -0.321 | 0.1136 |-0.0240 |0.0000 |-0.0030 |0.1003 |
227.750 | 0.000 | 0.000 | -0.323 | 0.1140 |-0.0241 |0.0000 |-0.0030 |0.1006 |
227.961 | 0.000 | 0.000 | -0.324 | 0.1144 |-0.0242 |0.0000 |-0.0030 |0.1010 |
228.172 | 0.000 | 0.000 | -0.325 | 0.1148 |-0.0243 |0.0000 |-0.0031 |0.1013 |
228.381 | 0.000 | 0.000 | -0.327 | 0.1151 |-0.0243 |0.0000 |-0.0031 |0.1016 |
228.591 | 0.000 | 0.000 | -0.328 | 0.1155 |-0.0244 |0.0000 |-0.0031 |0.1020 |
228.800 | 0.000 | 0.000 | -0.330 | 0.1159 |-0.0245 |0.0000 |-0.0031 |0.1023 |
229.008 | 0.000 | 0.000 | -0.331 | 0.1163 |-0.0246 |0.0000 |-0.0031 |0.1027 |
229.216 | 0.000 | 0.000 | -0.333 | 0.1167 |-0.0247 |0.0000 |-0.0031 |0.1030 |
229.423 | 0.000 | 0.000 | -0.334 | 0.1170 |-0.0247 |0.0000 |-0.0031 |0.1034 |
229.630 | 0.000 | 0.000 | -0.335 | 0.1174 |-0.0248 |0.0000 |-0.0031 |0.1037 |
229.836 | 0.000 | 0.000 | -0.337 | 0.1178 |-0.0249 |0.0000 |-0.0031 |0.1040 |
230.041 | 0.000 | 0.000 | -0.338 | 0.1182 |-0.0250 |0.0000 |-0.0032 |0.1044 |
230.247 | 0.000 | 0.000 | -0.340 | 0.1186 |-0.0251 |0.0000 |-0.0032 |0.1047 |
230.451 | 0.001 | 0.000 | -0.341 | 0.1189 |-0.0251 |0.0000 |-0.0032 |0.1051 |
230.656 | 0.001 | 0.000 | -0.342 | 0.1193 |-0.0252 |0.0000 |-0.0032 |0.1054 |
230.859 | 0.001 | 0.000 | -0.344 | 0.1197 |-0.0253 |0.0000 |-0.0032 |0.1058 |
231.063 | 0.001 | 0.000 | -0.345 | 0.1201 |-0.0254 |0.0000 |-0.0032 |0.1061 |
231.265 | 0.001 | 0.000 | -0.347 | 0.1205 |-0.0255 |0.0000 |-0.0032 |0.1064 |
231.468 | 0.001 | 0.000 | -0.348 | 0.1208 |-0.0255 |0.0000 |-0.0032 |0.1068 |
231.669 | 0.001 | 0.000 | -0.350 | 0.1212 |-0.0256 |0.0000 |-0.0032 |0.1071 |
231.871 | 0.001 | 0.000 | -0.351 | 0.1216 |-0.0257 |0.0000 |-0.0033 |0.1075 |
232.072 | 0.001 | 0.000 | -0.352 | 0.1220 |-0.0258 |0.0000 |-0.0033 |0.1078 |
232.272 | 0.001 | 0.000 | -0.354 | 0.1224 |-0.0259 |0.0000 |-0.0033 |0.1082 |
232.472 | 0.001 | 0.000 | -0.355 | 0.1227 |-0.0259 |0.0000 |-0.0033 |0.1085 |
232.671 | 0.001 | 0.000 | -0.357 | 0.1231 |-0.0260 |0.0000 |-0.0033 |0.1088 |
232.870 | 0.001 | 0.000 | -0.358 | 0.1235 |-0.0261 |0.0000 |-0.0033 |0.1092 |
233.069 | 0.001 | 0.000 | -0.360 | 0.1239 |-0.0262 |0.0000 |-0.0033 |0.1095 |
233.267 | 0.001 | 0.000 | -0.361 | 0.1243 |-0.0263 |0.0000 |-0.0033 |0.1099 |
233.464 | 0.001 | 0.000 | -0.362 | 0.1246 |-0.0263 |0.0000 |-0.0033 |0.1102 |
233.661 | 0.001 | 0.000 | -0.364 | 0.1250 |-0.0264 |0.0000 |-0.0034 |0.1106 |
233.858 | 0.001 | 0.000 | -0.365 | 0.1254 |-0.0265 |0.0000 |-0.0034 |0.1109 |
234.054 | 0.001 | 0.000 | -0.367 | 0.1258 |-0.0266 |0.0000 |-0.0034 |0.1112 |
234.250 | 0.001 | 0.000 | -0.368 | 0.1261 |-0.0266 |0.0000 |-0.0034 |0.1116 |
234.445 | 0.001 | 0.000 | -0.370 | 0.1265 |-0.0267 |0.0000 |-0.0034 |0.1119 |
234.640 | 0.001 | 0.000 | -0.371 | 0.1269 |-0.0268 |0.0000 |-0.0034 |0.1123 |
234.834 | 0.001 | 0.000 | -0.373 | 0.1273 |-0.0269 |0.0000 |-0.0034 |0.1126 |
235.028 | 0.001 | 0.000 | -0.374 | 0.1277 |-0.0270 |0.0000 |-0.0034 |0.1129 |
235.222 | 0.001 | 0.000 | -0.375 | 0.1280 |-0.0270 |0.0000 |-0.0034 |0.1133 |
235.415 | 0.001 | 0.000 | -0.377 | 0.1284 |-0.0271 |0.0000 |-0.0035 |0.1136 |
235.607 | 0.001 | 0.000 | -0.378 | 0.1288 |-0.0272 |0.0000 |-0.0035 |0.1140 |
235.800 | 0.001 | 0.000 | -0.380 | 0.1292 |-0.0273 |0.0000 |-0.0035 |0.1143 |
235.991 | 0.001 | 0.000 | -0.381 | 0.1296 |-0.0274 |0.0000 |-0.0035 |0.1146 |
236.183 | 0.001 | 0.000 | -0.383 | 0.1299 |-0.0274 |0.0000 |-0.0035 |0.1150 |
236.374 | 0.001 | 0.000 | -0.384 | 0.1303 |-0.0275 |0.0000 |-0.0035 |0.1153 |
236.564 | 0.001 | 0.000 | -0.386 | 0.1307 |-0.0276 |0.0000 |-0.0035 |0.1157 |
236.754 | 0.001 | 0.000 | -0.387 | 0.1311 |-0.0277 |0.0000 |-0.0035 |0.1160 |
236.944 | 0.001 | 0.000 | -0.388 | 0.1314 |-0.0278 |0.0000 |-0.0035 |0.1163 |
237.133 | 0.001 | 0.000 | -0.390 | 0.1318 |-0.0278 |0.0000 |-0.0036 |0.1167 |
237.230 | 0.001 | 0.000 | -0.391 | 0.1320 |-0.0279 |0.0000 |-0.0036 |0.1169 |
