Test angle: 75
Mesh element_496 : S11 | S22 | S33 | S12 | E11 | E22 | E33 | 2*E12 | EPbar 
0.000 | 0.000 | 0.000 | 0.000 | 0.0000 |0.0000 |0.0000 |0.0000 |0.0000 |
0.503 | -0.000 | 0.000 | -0.000 | 0.0000 |-0.0000 |0.0000 |-0.0000 |0.0000 |
1.005 | -0.000 | 0.000 | -0.000 | 0.0000 |-0.0000 |0.0000 |-0.0000 |0.0000 |
1.759 | 0.000 | 0.000 | -0.000 | 0.0000 |-0.0000 |0.0000 |-0.0000 |0.0000 |
2.891 | 0.000 | 0.000 | -0.000 | 0.0000 |-0.0000 |0.0000 |-0.0000 |0.0000 |
4.587 | -0.000 | 0.000 | -0.000 | 0.0001 |-0.0000 |0.0000 |-0.0000 |0.0000 |
7.132 | -0.000 | 0.000 | -0.000 | 0.0001 |-0.0000 |0.0000 |-0.0000 |0.0000 |
10.949 | -0.000 | 0.000 | -0.000 | 0.0002 |-0.0001 |0.0000 |-0.0000 |0.0000 |
16.675 | -0.000 | 0.000 | -0.000 | 0.0002 |-0.0001 |0.0000 |-0.0000 |0.0000 |
25.262 | 0.000 | 0.000 | -0.000 | 0.0004 |-0.0001 |0.0000 |-0.0000 |0.0000 |
38.142 | -0.000 | 0.000 | -0.000 | 0.0005 |-0.0002 |0.0000 |-0.0000 |0.0000 |
57.458 | 0.000 | 0.000 | -0.000 | 0.0008 |-0.0003 |0.0000 |-0.0000 |0.0000 |
82.576 | -0.000 | 0.000 | -0.000 | 0.0012 |-0.0004 |0.0000 |-0.0000 |0.0000 |
104.588 | -0.000 | 0.000 | 0.001 | 0.0015 |-0.0005 |0.0000 |0.0000 |0.0001 |
105.019 | -0.000 | 0.000 | 0.002 | 0.0017 |-0.0005 |0.0000 |0.0000 |0.0001 |
105.652 | -0.000 | 0.000 | 0.004 | 0.0018 |-0.0006 |0.0000 |0.0001 |0.0003 |
106.580 | -0.000 | 0.000 | 0.007 | 0.0021 |-0.0007 |0.0000 |0.0001 |0.0005 |
107.928 | 0.000 | 0.000 | 0.012 | 0.0024 |-0.0008 |0.0000 |0.0002 |0.0008 |
109.465 | 0.000 | 0.000 | 0.018 | 0.0029 |-0.0009 |0.0000 |0.0003 |0.0012 |
110.946 | 0.000 | 0.000 | 0.024 | 0.0033 |-0.0010 |0.0000 |0.0004 |0.0016 |
112.376 | 0.000 | 0.000 | 0.030 | 0.0037 |-0.0011 |0.0000 |0.0005 |0.0020 |
113.760 | 0.000 | 0.000 | 0.036 | 0.0042 |-0.0012 |0.0000 |0.0006 |0.0024 |
115.102 | 0.000 | 0.000 | 0.042 | 0.0046 |-0.0014 |0.0000 |0.0007 |0.0027 |
116.405 | 0.000 | 0.000 | 0.049 | 0.0050 |-0.0015 |0.0000 |0.0009 |0.0031 |
117.671 | 0.000 | 0.000 | 0.055 | 0.0055 |-0.0016 |0.0000 |0.0010 |0.0035 |
118.904 | 0.000 | 0.000 | 0.062 | 0.0059 |-0.0017 |0.0000 |0.0011 |0.0039 |
120.105 | 0.000 | 0.000 | 0.069 | 0.0063 |-0.0018 |0.0000 |0.0012 |0.0043 |
121.276 | 0.000 | 0.000 | 0.076 | 0.0067 |-0.0019 |0.0000 |0.0013 |0.0046 |
122.420 | 0.000 | 0.000 | 0.083 | 0.0072 |-0.0021 |0.0000 |0.0014 |0.0050 |
123.537 | 0.000 | 0.000 | 0.090 | 0.0076 |-0.0022 |0.0000 |0.0015 |0.0054 |
124.629 | 0.000 | 0.000 | 0.097 | 0.0080 |-0.0023 |0.0000 |0.0016 |0.0058 |
125.698 | 0.000 | 0.000 | 0.104 | 0.0084 |-0.0024 |0.0000 |0.0017 |0.0061 |
126.745 | 0.000 | 0.000 | 0.112 | 0.0088 |-0.0025 |0.0000 |0.0018 |0.0065 |
127.770 | 0.000 | 0.000 | 0.119 | 0.0093 |-0.0026 |0.0000 |0.0019 |0.0069 |
128.774 | 0.000 | 0.000 | 0.127 | 0.0097 |-0.0028 |0.0000 |0.0020 |0.0073 |
129.760 | 0.000 | 0.000 | 0.134 | 0.0101 |-0.0029 |0.0000 |0.0021 |0.0076 |
130.727 | 0.000 | 0.000 | 0.142 | 0.0105 |-0.0030 |0.0000 |0.0022 |0.0080 |
131.677 | 0.000 | 0.000 | 0.150 | 0.0110 |-0.0031 |0.0000 |0.0023 |0.0084 |
132.609 | 0.000 | 0.000 | 0.157 | 0.0114 |-0.0032 |0.0000 |0.0024 |0.0088 |
133.526 | 0.000 | 0.000 | 0.165 | 0.0118 |-0.0033 |0.0000 |0.0025 |0.0091 |
134.426 | 0.000 | 0.000 | 0.173 | 0.0122 |-0.0035 |0.0000 |0.0026 |0.0095 |
135.312 | 0.000 | 0.000 | 0.181 | 0.0126 |-0.0036 |0.0000 |0.0027 |0.0099 |
136.184 | 0.000 | 0.000 | 0.189 | 0.0130 |-0.0037 |0.0000 |0.0028 |0.0103 |
137.042 | 0.000 | 0.000 | 0.198 | 0.0135 |-0.0038 |0.0000 |0.0029 |0.0106 |
137.887 | 0.000 | 0.000 | 0.206 | 0.0139 |-0.0039 |0.0000 |0.0030 |0.0110 |
138.718 | 0.000 | 0.000 | 0.214 | 0.0143 |-0.0040 |0.0000 |0.0031 |0.0114 |
139.538 | 0.000 | 0.000 | 0.222 | 0.0147 |-0.0041 |0.0000 |0.0032 |0.0118 |
140.346 | 0.000 | 0.000 | 0.231 | 0.0151 |-0.0043 |0.0000 |0.0033 |0.0121 |
141.142 | 0.000 | 0.000 | 0.239 | 0.0155 |-0.0044 |0.0000 |0.0034 |0.0125 |
141.927 | 0.000 | 0.000 | 0.248 | 0.0160 |-0.0045 |0.0000 |0.0035 |0.0129 |
142.701 | 0.000 | 0.000 | 0.256 | 0.0164 |-0.0046 |0.0000 |0.0036 |0.0133 |
143.465 | 0.000 | 0.000 | 0.265 | 0.0168 |-0.0047 |0.0000 |0.0037 |0.0136 |
144.218 | 0.001 | 0.000 | 0.274 | 0.0172 |-0.0048 |0.0000 |0.0038 |0.0140 |
144.962 | 0.001 | 0.000 | 0.283 | 0.0176 |-0.0049 |0.0000 |0.0039 |0.0144 |
145.696 | 0.001 | 0.000 | 0.291 | 0.0180 |-0.0051 |0.0000 |0.0040 |0.0148 |
146.422 | 0.001 | 0.000 | 0.300 | 0.0185 |-0.0052 |0.0000 |0.0042 |0.0151 |
147.138 | 0.001 | 0.000 | 0.309 | 0.0189 |-0.0053 |0.0000 |0.0043 |0.0155 |
147.845 | 0.001 | 0.000 | 0.318 | 0.0193 |-0.0054 |0.0000 |0.0044 |0.0159 |
148.544 | 0.001 | 0.000 | 0.327 | 0.0197 |-0.0055 |0.0000 |0.0045 |0.0163 |
149.235 | 0.001 | 0.000 | 0.336 | 0.0201 |-0.0056 |0.0000 |0.0046 |0.0166 |
149.918 | 0.001 | 0.000 | 0.345 | 0.0205 |-0.0057 |0.0000 |0.0047 |0.0170 |
150.593 | 0.001 | 0.000 | 0.354 | 0.0209 |-0.0059 |0.0000 |0.0048 |0.0174 |
151.261 | 0.001 | 0.000 | 0.364 | 0.0213 |-0.0060 |0.0000 |0.0049 |0.0178 |
151.921 | 0.001 | 0.000 | 0.373 | 0.0218 |-0.0061 |0.0000 |0.0050 |0.0181 |
152.574 | 0.001 | 0.000 | 0.382 | 0.0222 |-0.0062 |0.0000 |0.0051 |0.0185 |
153.220 | 0.001 | 0.000 | 0.391 | 0.0226 |-0.0063 |0.0000 |0.0052 |0.0189 |
153.860 | 0.001 | 0.000 | 0.401 | 0.0230 |-0.0064 |0.0000 |0.0053 |0.0193 |
154.492 | 0.001 | 0.000 | 0.410 | 0.0234 |-0.0065 |0.0000 |0.0054 |0.0196 |
155.118 | 0.001 | 0.000 | 0.420 | 0.0238 |-0.0066 |0.0000 |0.0055 |0.0200 |
155.738 | 0.001 | 0.000 | 0.429 | 0.0242 |-0.0068 |0.0000 |0.0056 |0.0204 |
156.351 | 0.001 | 0.000 | 0.439 | 0.0246 |-0.0069 |0.0000 |0.0057 |0.0207 |
156.959 | 0.001 | 0.000 | 0.448 | 0.0251 |-0.0070 |0.0000 |0.0058 |0.0211 |
157.560 | 0.001 | 0.000 | 0.458 | 0.0255 |-0.0071 |0.0000 |0.0059 |0.0215 |
158.156 | 0.001 | 0.000 | 0.468 | 0.0259 |-0.0072 |0.0000 |0.0060 |0.0219 |
158.746 | 0.001 | 0.000 | 0.477 | 0.0263 |-0.0073 |0.0000 |0.0061 |0.0222 |
159.331 | 0.001 | 0.000 | 0.487 | 0.0267 |-0.0074 |0.0000 |0.0062 |0.0226 |
159.910 | 0.002 | 0.000 | 0.497 | 0.0271 |-0.0075 |0.0000 |0.0063 |0.0230 |
160.484 | 0.002 | 0.000 | 0.507 | 0.0275 |-0.0077 |0.0000 |0.0064 |0.0233 |
161.053 | 0.002 | 0.000 | 0.516 | 0.0279 |-0.0078 |0.0000 |0.0065 |0.0237 |
161.616 | 0.002 | 0.000 | 0.526 | 0.0283 |-0.0079 |0.0000 |0.0066 |0.0241 |
162.175 | 0.002 | 0.000 | 0.536 | 0.0287 |-0.0080 |0.0000 |0.0067 |0.0245 |
162.729 | 0.002 | 0.000 | 0.546 | 0.0292 |-0.0081 |0.0000 |0.0068 |0.0248 |
163.278 | 0.002 | 0.000 | 0.556 | 0.0296 |-0.0082 |0.0000 |0.0069 |0.0252 |
163.822 | 0.002 | 0.000 | 0.566 | 0.0300 |-0.0083 |0.0000 |0.0070 |0.0256 |
164.362 | 0.002 | 0.000 | 0.576 | 0.0304 |-0.0084 |0.0000 |0.0071 |0.0260 |
164.897 | 0.002 | 0.000 | 0.586 | 0.0308 |-0.0086 |0.0000 |0.0073 |0.0263 |
165.428 | 0.002 | 0.000 | 0.596 | 0.0312 |-0.0087 |0.0000 |0.0074 |0.0267 |
165.954 | 0.002 | 0.000 | 0.607 | 0.0316 |-0.0088 |0.0000 |0.0075 |0.0271 |
166.477 | 0.002 | 0.000 | 0.617 | 0.0320 |-0.0089 |0.0000 |0.0076 |0.0274 |
166.995 | 0.002 | 0.000 | 0.627 | 0.0324 |-0.0090 |0.0000 |0.0077 |0.0278 |
167.509 | 0.002 | 0.000 | 0.637 | 0.0328 |-0.0091 |0.0000 |0.0078 |0.0282 |
168.019 | 0.002 | 0.000 | 0.648 | 0.0332 |-0.0092 |0.0000 |0.0079 |0.0285 |
168.525 | 0.003 | 0.000 | 0.658 | 0.0337 |-0.0093 |0.0000 |0.0080 |0.0289 |
169.027 | 0.003 | 0.000 | 0.668 | 0.0341 |-0.0094 |0.0000 |0.0081 |0.0293 |
169.526 | 0.003 | 0.000 | 0.679 | 0.0345 |-0.0096 |0.0000 |0.0082 |0.0297 |
170.020 | 0.003 | 0.000 | 0.689 | 0.0349 |-0.0097 |0.0000 |0.0083 |0.0300 |
170.511 | 0.003 | 0.000 | 0.700 | 0.0353 |-0.0098 |0.0000 |0.0084 |0.0304 |
170.999 | 0.003 | 0.000 | 0.710 | 0.0357 |-0.0099 |0.0000 |0.0085 |0.0308 |
171.483 | 0.003 | 0.000 | 0.721 | 0.0361 |-0.0100 |0.0000 |0.0086 |0.0311 |
171.963 | 0.003 | 0.000 | 0.731 | 0.0365 |-0.0101 |0.0000 |0.0087 |0.0315 |
172.440 | 0.003 | 0.000 | 0.742 | 0.0369 |-0.0102 |0.0000 |0.0088 |0.0319 |
172.914 | 0.003 | 0.000 | 0.752 | 0.0373 |-0.0103 |0.0000 |0.0089 |0.0323 |
173.384 | 0.003 | 0.000 | 0.763 | 0.0377 |-0.0104 |0.0000 |0.0090 |0.0326 |
173.851 | 0.003 | 0.000 | 0.774 | 0.0381 |-0.0106 |0.0000 |0.0091 |0.0330 |
174.315 | 0.004 | 0.000 | 0.784 | 0.0385 |-0.0107 |0.0000 |0.0092 |0.0334 |
174.775 | 0.004 | 0.000 | 0.795 | 0.0389 |-0.0108 |0.0000 |0.0093 |0.0337 |
175.233 | 0.004 | 0.000 | 0.806 | 0.0393 |-0.0109 |0.0000 |0.0094 |0.0341 |
175.687 | 0.004 | 0.000 | 0.816 | 0.0397 |-0.0110 |0.0000 |0.0095 |0.0345 |
176.138 | 0.004 | 0.000 | 0.827 | 0.0402 |-0.0111 |0.0000 |0.0096 |0.0348 |
176.587 | 0.004 | 0.000 | 0.838 | 0.0406 |-0.0112 |0.0000 |0.0097 |0.0352 |
177.032 | 0.004 | 0.000 | 0.849 | 0.0410 |-0.0113 |0.0000 |0.0098 |0.0356 |
177.475 | 0.004 | 0.000 | 0.860 | 0.0414 |-0.0114 |0.0000 |0.0099 |0.0359 |
177.914 | 0.004 | 0.000 | 0.871 | 0.0418 |-0.0115 |0.0000 |0.0101 |0.0363 |
178.351 | 0.004 | 0.000 | 0.882 | 0.0422 |-0.0117 |0.0000 |0.0102 |0.0367 |
178.785 | 0.004 | 0.000 | 0.893 | 0.0426 |-0.0118 |0.0000 |0.0103 |0.0371 |
179.217 | 0.005 | 0.000 | 0.904 | 0.0430 |-0.0119 |0.0000 |0.0104 |0.0374 |
179.646 | 0.005 | 0.000 | 0.915 | 0.0434 |-0.0120 |0.0000 |0.0105 |0.0378 |
180.072 | 0.005 | 0.000 | 0.926 | 0.0438 |-0.0121 |0.0000 |0.0106 |0.0382 |
180.495 | 0.005 | 0.000 | 0.937 | 0.0442 |-0.0122 |0.0000 |0.0107 |0.0385 |
180.916 | 0.005 | 0.000 | 0.948 | 0.0446 |-0.0123 |0.0000 |0.0108 |0.0389 |
181.335 | 0.005 | 0.000 | 0.959 | 0.0450 |-0.0124 |0.0000 |0.0109 |0.0393 |
181.751 | 0.005 | 0.000 | 0.970 | 0.0454 |-0.0125 |0.0000 |0.0110 |0.0396 |
182.164 | 0.005 | 0.000 | 0.981 | 0.0458 |-0.0127 |0.0000 |0.0111 |0.0400 |
182.575 | 0.005 | 0.000 | 0.992 | 0.0462 |-0.0128 |0.0000 |0.0112 |0.0404 |
182.984 | 0.006 | 0.000 | 1.003 | 0.0466 |-0.0129 |0.0000 |0.0113 |0.0407 |
183.390 | 0.006 | 0.000 | 1.015 | 0.0470 |-0.0130 |0.0000 |0.0114 |0.0411 |
183.794 | 0.006 | 0.000 | 1.026 | 0.0474 |-0.0131 |0.0000 |0.0115 |0.0415 |
184.196 | 0.006 | 0.000 | 1.037 | 0.0478 |-0.0132 |0.0000 |0.0116 |0.0418 |
184.595 | 0.006 | 0.000 | 1.048 | 0.0482 |-0.0133 |0.0000 |0.0117 |0.0422 |
184.992 | 0.006 | 0.000 | 1.060 | 0.0486 |-0.0134 |0.0000 |0.0118 |0.0426 |
185.387 | 0.006 | 0.000 | 1.071 | 0.0490 |-0.0135 |0.0000 |0.0119 |0.0429 |
185.780 | 0.006 | 0.000 | 1.082 | 0.0494 |-0.0136 |0.0000 |0.0120 |0.0433 |
186.170 | 0.006 | 0.000 | 1.094 | 0.0498 |-0.0137 |0.0000 |0.0121 |0.0437 |
186.558 | 0.007 | 0.000 | 1.105 | 0.0502 |-0.0139 |0.0000 |0.0122 |0.0440 |
186.945 | 0.007 | 0.000 | 1.116 | 0.0506 |-0.0140 |0.0000 |0.0123 |0.0444 |
187.329 | 0.007 | 0.000 | 1.128 | 0.0510 |-0.0141 |0.0000 |0.0124 |0.0448 |
187.711 | 0.007 | 0.000 | 1.139 | 0.0514 |-0.0142 |0.0000 |0.0125 |0.0451 |
188.091 | 0.007 | 0.000 | 1.151 | 0.0518 |-0.0143 |0.0000 |0.0126 |0.0455 |
188.469 | 0.007 | 0.000 | 1.162 | 0.0522 |-0.0144 |0.0000 |0.0128 |0.0459 |
188.845 | 0.007 | 0.000 | 1.174 | 0.0526 |-0.0145 |0.0000 |0.0129 |0.0462 |
189.219 | 0.007 | 0.000 | 1.185 | 0.0531 |-0.0146 |0.0000 |0.0130 |0.0466 |
189.592 | 0.008 | 0.000 | 1.197 | 0.0535 |-0.0147 |0.0000 |0.0131 |0.0470 |
189.962 | 0.008 | 0.000 | 1.208 | 0.0539 |-0.0148 |0.0000 |0.0132 |0.0473 |
190.330 | 0.008 | 0.000 | 1.220 | 0.0543 |-0.0149 |0.0000 |0.0133 |0.0477 |
190.697 | 0.008 | 0.000 | 1.232 | 0.0547 |-0.0151 |0.0000 |0.0134 |0.0481 |
191.062 | 0.008 | 0.000 | 1.243 | 0.0551 |-0.0152 |0.0000 |0.0135 |0.0484 |
191.424 | 0.008 | 0.000 | 1.255 | 0.0555 |-0.0153 |0.0000 |0.0136 |0.0488 |
191.786 | 0.008 | 0.000 | 1.267 | 0.0559 |-0.0154 |0.0000 |0.0137 |0.0492 |
192.145 | 0.009 | 0.000 | 1.278 | 0.0563 |-0.0155 |0.0000 |0.0138 |0.0495 |
192.502 | 0.009 | 0.000 | 1.290 | 0.0567 |-0.0156 |0.0000 |0.0139 |0.0499 |
192.858 | 0.009 | 0.000 | 1.302 | 0.0571 |-0.0157 |0.0000 |0.0140 |0.0503 |
193.212 | 0.009 | 0.000 | 1.314 | 0.0575 |-0.0158 |0.0000 |0.0141 |0.0506 |
193.565 | 0.009 | 0.000 | 1.325 | 0.0579 |-0.0159 |0.0000 |0.0142 |0.0510 |
193.915 | 0.009 | 0.000 | 1.337 | 0.0583 |-0.0160 |0.0000 |0.0143 |0.0514 |
194.264 | 0.009 | 0.000 | 1.349 | 0.0587 |-0.0161 |0.0000 |0.0144 |0.0517 |
194.612 | 0.010 | 0.000 | 1.361 | 0.0590 |-0.0162 |0.0000 |0.0145 |0.0521 |
194.957 | 0.010 | 0.000 | 1.373 | 0.0594 |-0.0164 |0.0000 |0.0146 |0.0524 |
195.301 | 0.010 | 0.000 | 1.384 | 0.0598 |-0.0165 |0.0000 |0.0147 |0.0528 |
195.644 | 0.010 | 0.000 | 1.396 | 0.0602 |-0.0166 |0.0000 |0.0148 |0.0532 |
195.985 | 0.010 | 0.000 | 1.408 | 0.0606 |-0.0167 |0.0000 |0.0149 |0.0535 |
196.324 | 0.010 | 0.000 | 1.420 | 0.0610 |-0.0168 |0.0000 |0.0150 |0.0539 |
196.662 | 0.010 | 0.000 | 1.432 | 0.0614 |-0.0169 |0.0000 |0.0151 |0.0543 |
196.998 | 0.011 | 0.000 | 1.444 | 0.0618 |-0.0170 |0.0000 |0.0152 |0.0546 |
197.332 | 0.011 | 0.000 | 1.456 | 0.0622 |-0.0171 |0.0000 |0.0153 |0.0550 |
197.666 | 0.011 | 0.000 | 1.468 | 0.0626 |-0.0172 |0.0000 |0.0155 |0.0554 |
197.997 | 0.011 | 0.000 | 1.480 | 0.0630 |-0.0173 |0.0000 |0.0156 |0.0557 |
198.327 | 0.011 | 0.000 | 1.492 | 0.0634 |-0.0174 |0.0000 |0.0157 |0.0561 |
198.656 | 0.011 | 0.000 | 1.504 | 0.0638 |-0.0175 |0.0000 |0.0158 |0.0565 |
198.983 | 0.012 | 0.000 | 1.516 | 0.0642 |-0.0177 |0.0000 |0.0159 |0.0568 |
199.309 | 0.012 | 0.000 | 1.528 | 0.0646 |-0.0178 |0.0000 |0.0160 |0.0572 |
199.634 | 0.012 | 0.000 | 1.540 | 0.0650 |-0.0179 |0.0000 |0.0161 |0.0575 |
199.957 | 0.012 | 0.000 | 1.552 | 0.0654 |-0.0180 |0.0000 |0.0162 |0.0579 |
200.278 | 0.012 | 0.000 | 1.564 | 0.0658 |-0.0181 |0.0000 |0.0163 |0.0583 |
200.599 | 0.012 | 0.000 | 1.576 | 0.0662 |-0.0182 |0.0000 |0.0164 |0.0586 |
200.918 | 0.013 | 0.000 | 1.588 | 0.0666 |-0.0183 |0.0000 |0.0165 |0.0590 |
201.235 | 0.013 | 0.000 | 1.601 | 0.0670 |-0.0184 |0.0000 |0.0166 |0.0594 |
201.552 | 0.013 | 0.000 | 1.613 | 0.0674 |-0.0185 |0.0000 |0.0167 |0.0597 |
201.867 | 0.013 | 0.000 | 1.625 | 0.0678 |-0.0186 |0.0000 |0.0168 |0.0601 |
202.180 | 0.013 | 0.000 | 1.637 | 0.0682 |-0.0187 |0.0000 |0.0169 |0.0604 |
202.492 | 0.013 | 0.000 | 1.649 | 0.0686 |-0.0188 |0.0000 |0.0170 |0.0608 |
202.804 | 0.014 | 0.000 | 1.661 | 0.0690 |-0.0189 |0.0000 |0.0171 |0.0612 |
203.113 | 0.014 | 0.000 | 1.674 | 0.0694 |-0.0190 |0.0000 |0.0172 |0.0615 |
203.422 | 0.014 | 0.000 | 1.686 | 0.0698 |-0.0192 |0.0000 |0.0173 |0.0619 |
203.729 | 0.014 | 0.000 | 1.698 | 0.0702 |-0.0193 |0.0000 |0.0174 |0.0623 |
204.035 | 0.014 | 0.000 | 1.711 | 0.0706 |-0.0194 |0.0000 |0.0175 |0.0626 |
204.340 | 0.015 | 0.000 | 1.723 | 0.0710 |-0.0195 |0.0000 |0.0176 |0.0630 |
204.643 | 0.015 | 0.000 | 1.735 | 0.0714 |-0.0196 |0.0000 |0.0177 |0.0633 |
204.946 | 0.015 | 0.000 | 1.747 | 0.0717 |-0.0197 |0.0000 |0.0178 |0.0637 |
205.247 | 0.015 | 0.000 | 1.760 | 0.0721 |-0.0198 |0.0000 |0.0179 |0.0641 |
205.547 | 0.015 | 0.000 | 1.772 | 0.0725 |-0.0199 |0.0000 |0.0181 |0.0644 |
205.846 | 0.015 | 0.000 | 1.784 | 0.0729 |-0.0200 |0.0000 |0.0182 |0.0648 |
206.143 | 0.016 | 0.000 | 1.797 | 0.0733 |-0.0201 |0.0000 |0.0183 |0.0651 |
206.440 | 0.016 | 0.000 | 1.809 | 0.0737 |-0.0202 |0.0000 |0.0184 |0.0655 |
206.735 | 0.016 | 0.000 | 1.822 | 0.0741 |-0.0203 |0.0000 |0.0185 |0.0659 |
207.030 | 0.016 | 0.000 | 1.834 | 0.0745 |-0.0204 |0.0000 |0.0186 |0.0662 |
207.323 | 0.016 | 0.000 | 1.847 | 0.0749 |-0.0205 |0.0000 |0.0187 |0.0666 |
207.615 | 0.017 | 0.000 | 1.859 | 0.0753 |-0.0206 |0.0000 |0.0188 |0.0670 |
207.905 | 0.017 | 0.000 | 1.871 | 0.0757 |-0.0208 |0.0000 |0.0189 |0.0673 |
208.195 | 0.017 | 0.000 | 1.884 | 0.0761 |-0.0209 |0.0000 |0.0190 |0.0677 |
208.484 | 0.017 | 0.000 | 1.896 | 0.0765 |-0.0210 |0.0000 |0.0191 |0.0680 |
208.771 | 0.017 | 0.000 | 1.909 | 0.0769 |-0.0211 |0.0000 |0.0192 |0.0684 |
209.058 | 0.018 | 0.000 | 1.921 | 0.0773 |-0.0212 |0.0000 |0.0193 |0.0688 |
209.343 | 0.018 | 0.000 | 1.934 | 0.0777 |-0.0213 |0.0000 |0.0194 |0.0691 |
209.628 | 0.018 | 0.000 | 1.946 | 0.0781 |-0.0214 |0.0000 |0.0195 |0.0695 |
209.911 | 0.018 | 0.000 | 1.959 | 0.0784 |-0.0215 |0.0000 |0.0196 |0.0698 |
210.193 | 0.018 | 0.000 | 1.972 | 0.0788 |-0.0216 |0.0000 |0.0197 |0.0702 |
210.475 | 0.019 | 0.000 | 1.984 | 0.0792 |-0.0217 |0.0000 |0.0198 |0.0706 |
210.755 | 0.019 | 0.000 | 1.997 | 0.0796 |-0.0218 |0.0000 |0.0199 |0.0709 |
211.034 | 0.019 | 0.000 | 2.009 | 0.0800 |-0.0219 |0.0000 |0.0200 |0.0713 |
211.313 | 0.019 | 0.000 | 2.022 | 0.0804 |-0.0220 |0.0000 |0.0201 |0.0716 |
211.590 | 0.020 | 0.000 | 2.035 | 0.0808 |-0.0221 |0.0000 |0.0202 |0.0720 |
211.866 | 0.020 | 0.000 | 2.047 | 0.0812 |-0.0222 |0.0000 |0.0203 |0.0724 |
212.141 | 0.020 | 0.000 | 2.060 | 0.0816 |-0.0223 |0.0000 |0.0204 |0.0727 |
212.416 | 0.020 | 0.000 | 2.072 | 0.0820 |-0.0225 |0.0000 |0.0206 |0.0731 |
212.689 | 0.020 | 0.000 | 2.085 | 0.0824 |-0.0226 |0.0000 |0.0207 |0.0734 |
212.962 | 0.021 | 0.000 | 2.098 | 0.0828 |-0.0227 |0.0000 |0.0208 |0.0738 |
213.233 | 0.021 | 0.000 | 2.110 | 0.0832 |-0.0228 |0.0000 |0.0209 |0.0741 |
213.504 | 0.021 | 0.000 | 2.123 | 0.0835 |-0.0229 |0.0000 |0.0210 |0.0745 |
213.773 | 0.021 | 0.000 | 2.136 | 0.0839 |-0.0230 |0.0000 |0.0211 |0.0749 |
214.042 | 0.022 | 0.000 | 2.149 | 0.0843 |-0.0231 |0.0000 |0.0212 |0.0752 |
214.310 | 0.022 | 0.000 | 2.161 | 0.0847 |-0.0232 |0.0000 |0.0213 |0.0756 |
214.576 | 0.022 | 0.000 | 2.174 | 0.0851 |-0.0233 |0.0000 |0.0214 |0.0759 |
214.842 | 0.022 | 0.000 | 2.187 | 0.0855 |-0.0234 |0.0000 |0.0215 |0.0763 |
215.107 | 0.022 | 0.000 | 2.200 | 0.0859 |-0.0235 |0.0000 |0.0216 |0.0767 |
215.372 | 0.023 | 0.000 | 2.212 | 0.0863 |-0.0236 |0.0000 |0.0217 |0.0770 |
215.635 | 0.023 | 0.000 | 2.225 | 0.0867 |-0.0237 |0.0000 |0.0218 |0.0774 |
215.897 | 0.023 | 0.000 | 2.238 | 0.0871 |-0.0238 |0.0000 |0.0219 |0.0777 |
216.159 | 0.023 | 0.000 | 2.251 | 0.0875 |-0.0239 |0.0000 |0.0220 |0.0781 |
216.419 | 0.024 | 0.000 | 2.264 | 0.0878 |-0.0240 |0.0000 |0.0221 |0.0784 |
216.679 | 0.024 | 0.000 | 2.277 | 0.0882 |-0.0241 |0.0000 |0.0222 |0.0788 |
216.938 | 0.024 | 0.000 | 2.289 | 0.0886 |-0.0242 |0.0000 |0.0223 |0.0792 |
217.196 | 0.024 | 0.000 | 2.302 | 0.0890 |-0.0244 |0.0000 |0.0224 |0.0795 |
217.454 | 0.025 | 0.000 | 2.315 | 0.0894 |-0.0245 |0.0000 |0.0225 |0.0799 |
217.710 | 0.025 | 0.000 | 2.328 | 0.0898 |-0.0246 |0.0000 |0.0226 |0.0802 |
217.966 | 0.025 | 0.000 | 2.341 | 0.0902 |-0.0247 |0.0000 |0.0227 |0.0806 |
218.220 | 0.025 | 0.000 | 2.354 | 0.0906 |-0.0248 |0.0000 |0.0228 |0.0809 |
218.474 | 0.026 | 0.000 | 2.367 | 0.0910 |-0.0249 |0.0000 |0.0229 |0.0813 |
218.728 | 0.026 | 0.000 | 2.380 | 0.0913 |-0.0250 |0.0000 |0.0230 |0.0817 |
218.980 | 0.026 | 0.000 | 2.393 | 0.0917 |-0.0251 |0.0000 |0.0232 |0.0820 |
219.231 | 0.026 | 0.000 | 2.405 | 0.0921 |-0.0252 |0.0000 |0.0233 |0.0824 |
219.482 | 0.027 | 0.000 | 2.418 | 0.0925 |-0.0253 |0.0000 |0.0234 |0.0827 |
219.732 | 0.027 | 0.000 | 2.431 | 0.0929 |-0.0254 |0.0000 |0.0235 |0.0831 |
219.981 | 0.027 | 0.000 | 2.444 | 0.0933 |-0.0255 |0.0000 |0.0236 |0.0834 |
220.230 | 0.027 | 0.000 | 2.457 | 0.0937 |-0.0256 |0.0000 |0.0237 |0.0838 |
220.478 | 0.028 | 0.000 | 2.470 | 0.0941 |-0.0257 |0.0000 |0.0238 |0.0842 |
220.724 | 0.028 | 0.000 | 2.483 | 0.0945 |-0.0258 |0.0000 |0.0239 |0.0845 |
220.971 | 0.028 | 0.000 | 2.496 | 0.0948 |-0.0259 |0.0000 |0.0240 |0.0849 |
221.216 | 0.028 | 0.000 | 2.509 | 0.0952 |-0.0260 |0.0000 |0.0241 |0.0852 |
221.461 | 0.029 | 0.000 | 2.522 | 0.0956 |-0.0261 |0.0000 |0.0242 |0.0856 |
221.704 | 0.029 | 0.000 | 2.535 | 0.0960 |-0.0262 |0.0000 |0.0243 |0.0859 |
221.948 | 0.029 | 0.000 | 2.548 | 0.0964 |-0.0263 |0.0000 |0.0244 |0.0863 |
222.190 | 0.030 | 0.000 | 2.561 | 0.0968 |-0.0264 |0.0000 |0.0245 |0.0866 |
222.432 | 0.030 | 0.000 | 2.575 | 0.0972 |-0.0265 |0.0000 |0.0246 |0.0870 |
222.673 | 0.030 | 0.000 | 2.588 | 0.0976 |-0.0267 |0.0000 |0.0247 |0.0874 |
222.913 | 0.030 | 0.000 | 2.601 | 0.0979 |-0.0268 |0.0000 |0.0248 |0.0877 |
223.152 | 0.031 | 0.000 | 2.614 | 0.0983 |-0.0269 |0.0000 |0.0249 |0.0881 |
223.391 | 0.031 | 0.000 | 2.627 | 0.0987 |-0.0270 |0.0000 |0.0250 |0.0884 |
223.629 | 0.031 | 0.000 | 2.640 | 0.0991 |-0.0271 |0.0000 |0.0251 |0.0888 |
223.866 | 0.031 | 0.000 | 2.653 | 0.0995 |-0.0272 |0.0000 |0.0252 |0.0891 |
224.103 | 0.032 | 0.000 | 2.666 | 0.0999 |-0.0273 |0.0000 |0.0253 |0.0895 |
224.339 | 0.032 | 0.000 | 2.679 | 0.1003 |-0.0274 |0.0000 |0.0254 |0.0898 |
224.574 | 0.032 | 0.000 | 2.693 | 0.1007 |-0.0275 |0.0000 |0.0255 |0.0902 |
224.809 | 0.033 | 0.000 | 2.706 | 0.1010 |-0.0276 |0.0000 |0.0257 |0.0906 |
225.043 | 0.033 | 0.000 | 2.719 | 0.1014 |-0.0277 |0.0000 |0.0258 |0.0909 |
225.276 | 0.033 | 0.000 | 2.732 | 0.1018 |-0.0278 |0.0000 |0.0259 |0.0913 |
225.509 | 0.033 | 0.000 | 2.745 | 0.1022 |-0.0279 |0.0000 |0.0260 |0.0916 |
225.741 | 0.034 | 0.000 | 2.758 | 0.1026 |-0.0280 |0.0000 |0.0261 |0.0920 |
225.972 | 0.034 | 0.000 | 2.772 | 0.1030 |-0.0281 |0.0000 |0.0262 |0.0923 |
226.203 | 0.034 | 0.000 | 2.785 | 0.1034 |-0.0282 |0.0000 |0.0263 |0.0927 |
226.433 | 0.035 | 0.000 | 2.798 | 0.1037 |-0.0283 |0.0000 |0.0264 |0.0930 |
226.662 | 0.035 | 0.000 | 2.811 | 0.1041 |-0.0284 |0.0000 |0.0265 |0.0934 |
226.891 | 0.035 | 0.000 | 2.824 | 0.1045 |-0.0285 |0.0000 |0.0266 |0.0937 |
227.119 | 0.035 | 0.000 | 2.838 | 0.1049 |-0.0286 |0.0000 |0.0267 |0.0941 |
227.346 | 0.036 | 0.000 | 2.851 | 0.1053 |-0.0287 |0.0000 |0.0268 |0.0944 |
227.573 | 0.036 | 0.000 | 2.864 | 0.1057 |-0.0288 |0.0000 |0.0269 |0.0948 |
227.799 | 0.036 | 0.000 | 2.877 | 0.1061 |-0.0289 |0.0000 |0.0270 |0.0952 |
228.024 | 0.037 | 0.000 | 2.891 | 0.1064 |-0.0290 |0.0000 |0.0271 |0.0955 |
228.249 | 0.037 | 0.000 | 2.904 | 0.1068 |-0.0291 |0.0000 |0.0272 |0.0959 |
228.473 | 0.037 | 0.000 | 2.917 | 0.1072 |-0.0292 |0.0000 |0.0273 |0.0962 |
228.697 | 0.038 | 0.000 | 2.931 | 0.1076 |-0.0293 |0.0000 |0.0274 |0.0966 |
228.920 | 0.038 | 0.000 | 2.944 | 0.1080 |-0.0294 |0.0000 |0.0275 |0.0969 |
229.142 | 0.038 | 0.000 | 2.957 | 0.1084 |-0.0296 |0.0000 |0.0276 |0.0973 |
229.364 | 0.038 | 0.000 | 2.970 | 0.1087 |-0.0297 |0.0000 |0.0277 |0.0976 |
229.585 | 0.039 | 0.000 | 2.984 | 0.1091 |-0.0298 |0.0000 |0.0278 |0.0980 |
229.806 | 0.039 | 0.000 | 2.997 | 0.1095 |-0.0299 |0.0000 |0.0279 |0.0983 |
230.026 | 0.039 | 0.000 | 3.010 | 0.1099 |-0.0300 |0.0000 |0.0280 |0.0987 |
230.245 | 0.040 | 0.000 | 3.024 | 0.1103 |-0.0301 |0.0000 |0.0282 |0.0990 |
230.464 | 0.040 | 0.000 | 3.037 | 0.1107 |-0.0302 |0.0000 |0.0283 |0.0994 |
230.683 | 0.040 | 0.000 | 3.050 | 0.1110 |-0.0303 |0.0000 |0.0284 |0.0997 |
230.900 | 0.041 | 0.000 | 3.064 | 0.1114 |-0.0304 |0.0000 |0.0285 |0.1001 |
231.117 | 0.041 | 0.000 | 3.077 | 0.1118 |-0.0305 |0.0000 |0.0286 |0.1004 |
231.334 | 0.041 | 0.000 | 3.091 | 0.1122 |-0.0306 |0.0000 |0.0287 |0.1008 |
231.550 | 0.042 | 0.000 | 3.104 | 0.1126 |-0.0307 |0.0000 |0.0288 |0.1011 |
231.765 | 0.042 | 0.000 | 3.117 | 0.1130 |-0.0308 |0.0000 |0.0289 |0.1015 |
231.980 | 0.042 | 0.000 | 3.131 | 0.1133 |-0.0309 |0.0000 |0.0290 |0.1019 |
232.194 | 0.043 | 0.000 | 3.144 | 0.1137 |-0.0310 |0.0000 |0.0291 |0.1022 |
232.408 | 0.043 | 0.000 | 3.158 | 0.1141 |-0.0311 |0.0000 |0.0292 |0.1026 |
232.621 | 0.043 | 0.000 | 3.171 | 0.1145 |-0.0312 |0.0000 |0.0293 |0.1029 |
232.834 | 0.044 | 0.000 | 3.184 | 0.1149 |-0.0313 |0.0000 |0.0294 |0.1033 |
233.046 | 0.044 | 0.000 | 3.198 | 0.1153 |-0.0314 |0.0000 |0.0295 |0.1036 |
233.257 | 0.044 | 0.000 | 3.211 | 0.1156 |-0.0315 |0.0000 |0.0296 |0.1040 |
233.468 | 0.045 | 0.000 | 3.225 | 0.1160 |-0.0316 |0.0000 |0.0297 |0.1043 |
233.679 | 0.045 | 0.000 | 3.238 | 0.1164 |-0.0317 |0.0000 |0.0298 |0.1047 |
233.889 | 0.045 | 0.000 | 3.252 | 0.1168 |-0.0318 |0.0000 |0.0299 |0.1050 |
234.098 | 0.046 | 0.000 | 3.265 | 0.1172 |-0.0319 |0.0000 |0.0300 |0.1054 |
234.307 | 0.046 | 0.000 | 3.279 | 0.1176 |-0.0320 |0.0000 |0.0301 |0.1057 |
234.515 | 0.046 | 0.000 | 3.292 | 0.1179 |-0.0321 |0.0000 |0.0302 |0.1061 |
234.723 | 0.047 | 0.000 | 3.306 | 0.1183 |-0.0322 |0.0000 |0.0303 |0.1064 |
234.930 | 0.047 | 0.000 | 3.319 | 0.1187 |-0.0323 |0.0000 |0.0304 |0.1068 |
235.137 | 0.047 | 0.000 | 3.333 | 0.1191 |-0.0324 |0.0000 |0.0306 |0.1071 |
235.343 | 0.048 | 0.000 | 3.346 | 0.1195 |-0.0325 |0.0000 |0.0307 |0.1075 |
235.549 | 0.048 | 0.000 | 3.360 | 0.1198 |-0.0326 |0.0000 |0.0308 |0.1078 |
235.754 | 0.048 | 0.000 | 3.373 | 0.1202 |-0.0327 |0.0000 |0.0309 |0.1082 |
235.959 | 0.049 | 0.000 | 3.387 | 0.1206 |-0.0328 |0.0000 |0.0310 |0.1085 |
236.163 | 0.049 | 0.000 | 3.400 | 0.1210 |-0.0329 |0.0000 |0.0311 |0.1089 |
236.367 | 0.049 | 0.000 | 3.414 | 0.1214 |-0.0330 |0.0000 |0.0312 |0.1092 |
236.570 | 0.050 | 0.000 | 3.427 | 0.1217 |-0.0331 |0.0000 |0.0313 |0.1096 |
236.773 | 0.050 | 0.000 | 3.441 | 0.1221 |-0.0332 |0.0000 |0.0314 |0.1099 |
236.975 | 0.050 | 0.000 | 3.454 | 0.1225 |-0.0333 |0.0000 |0.0315 |0.1103 |
237.177 | 0.051 | 0.000 | 3.468 | 0.1229 |-0.0334 |0.0000 |0.0316 |0.1106 |
237.378 | 0.051 | 0.000 | 3.482 | 0.1233 |-0.0335 |0.0000 |0.0317 |0.1110 |
237.579 | 0.051 | 0.000 | 3.495 | 0.1236 |-0.0336 |0.0000 |0.0318 |0.1113 |
237.779 | 0.052 | 0.000 | 3.509 | 0.1240 |-0.0337 |0.0000 |0.0319 |0.1117 |
237.979 | 0.052 | 0.000 | 3.522 | 0.1244 |-0.0338 |0.0000 |0.0320 |0.1120 |
238.179 | 0.052 | 0.000 | 3.536 | 0.1248 |-0.0339 |0.0000 |0.0321 |0.1124 |
238.378 | 0.053 | 0.000 | 3.550 | 0.1252 |-0.0340 |0.0000 |0.0322 |0.1127 |
238.576 | 0.053 | 0.000 | 3.563 | 0.1255 |-0.0342 |0.0000 |0.0323 |0.1131 |
238.774 | 0.054 | 0.000 | 3.577 | 0.1259 |-0.0343 |0.0000 |0.0324 |0.1134 |
238.971 | 0.054 | 0.000 | 3.590 | 0.1263 |-0.0344 |0.0000 |0.0325 |0.1138 |
239.168 | 0.054 | 0.000 | 3.604 | 0.1267 |-0.0345 |0.0000 |0.0326 |0.1141 |
239.365 | 0.055 | 0.000 | 3.618 | 0.1271 |-0.0346 |0.0000 |0.0327 |0.1145 |
239.561 | 0.055 | 0.000 | 3.631 | 0.1274 |-0.0347 |0.0000 |0.0328 |0.1148 |
239.757 | 0.055 | 0.000 | 3.645 | 0.1278 |-0.0348 |0.0000 |0.0329 |0.1152 |
239.952 | 0.056 | 0.000 | 3.659 | 0.1282 |-0.0349 |0.0000 |0.0331 |0.1155 |
240.146 | 0.056 | 0.000 | 3.672 | 0.1286 |-0.0350 |0.0000 |0.0332 |0.1158 |
240.341 | 0.057 | 0.000 | 3.686 | 0.1290 |-0.0351 |0.0000 |0.0333 |0.1162 |
240.535 | 0.057 | 0.000 | 3.700 | 0.1293 |-0.0352 |0.0000 |0.0334 |0.1165 |
240.728 | 0.057 | 0.000 | 3.713 | 0.1297 |-0.0353 |0.0000 |0.0335 |0.1169 |
240.921 | 0.058 | 0.000 | 3.727 | 0.1301 |-0.0354 |0.0000 |0.0336 |0.1172 |
241.113 | 0.058 | 0.000 | 3.741 | 0.1305 |-0.0355 |0.0000 |0.0337 |0.1176 |
241.305 | 0.058 | 0.000 | 3.754 | 0.1309 |-0.0356 |0.0000 |0.0338 |0.1179 |
241.497 | 0.059 | 0.000 | 3.768 | 0.1312 |-0.0357 |0.0000 |0.0339 |0.1183 |
241.688 | 0.059 | 0.000 | 3.782 | 0.1316 |-0.0358 |0.0000 |0.0340 |0.1186 |
241.879 | 0.060 | 0.000 | 3.795 | 0.1320 |-0.0359 |0.0000 |0.0341 |0.1190 |
242.069 | 0.060 | 0.000 | 3.809 | 0.1324 |-0.0360 |0.0000 |0.0342 |0.1193 |
242.072 | 0.060 | 0.000 | 3.809 | 0.1324 |-0.0360 |0.0000 |0.0342 |0.1193 |
