Test angle: 30
Mesh element_496 : S11 | S22 | S33 | S12 | E11 | E22 | E33 | 2*E12 | EPbar 
0.000 | 0.000 | 0.000 | 0.000 | 0.0000 |0.0000 |0.0000 |0.0000 |0.0000 |
0.503 | -0.000 | 0.000 | -0.000 | 0.0000 |-0.0000 |0.0000 |-0.0000 |0.0000 |
1.005 | 0.000 | 0.000 | -0.000 | 0.0000 |-0.0000 |0.0000 |-0.0000 |0.0000 |
1.759 | 0.000 | 0.000 | -0.000 | 0.0000 |-0.0000 |0.0000 |-0.0000 |0.0000 |
2.891 | 0.000 | 0.000 | -0.000 | 0.0000 |-0.0000 |0.0000 |-0.0000 |0.0000 |
4.587 | 0.000 | 0.000 | -0.000 | 0.0001 |-0.0000 |0.0000 |-0.0000 |0.0000 |
7.132 | 0.000 | 0.000 | -0.000 | 0.0001 |-0.0000 |0.0000 |-0.0000 |0.0000 |
10.949 | -0.000 | 0.000 | -0.000 | 0.0002 |-0.0001 |0.0000 |-0.0000 |0.0000 |
16.675 | 0.000 | 0.000 | -0.000 | 0.0002 |-0.0001 |0.0000 |-0.0000 |0.0000 |
25.262 | 0.000 | 0.000 | -0.000 | 0.0004 |-0.0001 |0.0000 |-0.0000 |0.0000 |
38.142 | 0.000 | 0.000 | -0.000 | 0.0005 |-0.0002 |0.0000 |-0.0000 |0.0000 |
57.458 | -0.000 | 0.000 | -0.000 | 0.0008 |-0.0003 |0.0000 |-0.0000 |0.0000 |
82.576 | 0.000 | 0.000 | -0.000 | 0.0012 |-0.0004 |0.0000 |-0.0000 |0.0000 |
103.318 | 0.000 | 0.000 | -0.000 | 0.0016 |-0.0005 |0.0000 |-0.0000 |0.0001 |
103.736 | -0.000 | 0.000 | -0.001 | 0.0017 |-0.0005 |0.0000 |-0.0000 |0.0002 |
104.148 | -0.000 | 0.000 | -0.001 | 0.0018 |-0.0006 |0.0000 |-0.0000 |0.0003 |
104.757 | 0.000 | 0.000 | -0.001 | 0.0019 |-0.0006 |0.0000 |-0.0000 |0.0004 |
105.649 | 0.000 | 0.000 | -0.002 | 0.0022 |-0.0007 |0.0000 |-0.0000 |0.0006 |
106.948 | -0.000 | 0.000 | -0.003 | 0.0026 |-0.0007 |0.0000 |-0.0001 |0.0009 |
108.432 | -0.000 | 0.000 | -0.005 | 0.0030 |-0.0008 |0.0000 |-0.0001 |0.0013 |
109.863 | 0.000 | 0.000 | -0.006 | 0.0034 |-0.0010 |0.0000 |-0.0001 |0.0017 |
111.246 | -0.000 | 0.000 | -0.008 | 0.0039 |-0.0011 |0.0000 |-0.0001 |0.0021 |
112.586 | 0.000 | 0.000 | -0.009 | 0.0043 |-0.0012 |0.0000 |-0.0002 |0.0024 |
113.886 | 0.000 | 0.000 | -0.011 | 0.0047 |-0.0013 |0.0000 |-0.0002 |0.0028 |
115.149 | 0.000 | 0.000 | -0.012 | 0.0051 |-0.0014 |0.0000 |-0.0002 |0.0032 |
116.377 | 0.000 | 0.000 | -0.014 | 0.0056 |-0.0015 |0.0000 |-0.0002 |0.0036 |
117.573 | 0.000 | 0.000 | -0.016 | 0.0060 |-0.0016 |0.0000 |-0.0003 |0.0039 |
118.740 | 0.000 | 0.000 | -0.017 | 0.0064 |-0.0017 |0.0000 |-0.0003 |0.0043 |
119.878 | 0.000 | 0.000 | -0.019 | 0.0068 |-0.0018 |0.0000 |-0.0003 |0.0047 |
120.989 | 0.000 | 0.000 | -0.021 | 0.0073 |-0.0019 |0.0000 |-0.0003 |0.0051 |
122.076 | 0.000 | 0.000 | -0.022 | 0.0077 |-0.0020 |0.0000 |-0.0004 |0.0054 |
123.138 | 0.000 | 0.000 | -0.024 | 0.0081 |-0.0021 |0.0000 |-0.0004 |0.0058 |
124.178 | 0.000 | 0.000 | -0.026 | 0.0085 |-0.0022 |0.0000 |-0.0004 |0.0062 |
125.197 | 0.000 | 0.000 | -0.028 | 0.0089 |-0.0023 |0.0000 |-0.0004 |0.0065 |
126.195 | 0.000 | 0.000 | -0.030 | 0.0094 |-0.0024 |0.0000 |-0.0005 |0.0069 |
127.174 | 0.000 | 0.000 | -0.031 | 0.0098 |-0.0025 |0.0000 |-0.0005 |0.0073 |
128.135 | 0.000 | 0.000 | -0.033 | 0.0102 |-0.0026 |0.0000 |-0.0005 |0.0077 |
129.077 | 0.000 | 0.000 | -0.035 | 0.0106 |-0.0027 |0.0000 |-0.0005 |0.0080 |
130.003 | 0.000 | 0.000 | -0.037 | 0.0110 |-0.0028 |0.0000 |-0.0006 |0.0084 |
130.913 | 0.000 | 0.000 | -0.039 | 0.0115 |-0.0029 |0.0000 |-0.0006 |0.0088 |
131.807 | 0.000 | 0.000 | -0.041 | 0.0119 |-0.0030 |0.0000 |-0.0006 |0.0091 |
132.686 | 0.000 | 0.000 | -0.043 | 0.0123 |-0.0031 |0.0000 |-0.0007 |0.0095 |
133.551 | 0.000 | 0.000 | -0.045 | 0.0127 |-0.0032 |0.0000 |-0.0007 |0.0099 |
134.402 | 0.000 | 0.000 | -0.047 | 0.0131 |-0.0033 |0.0000 |-0.0007 |0.0102 |
135.240 | 0.000 | 0.000 | -0.049 | 0.0136 |-0.0034 |0.0000 |-0.0007 |0.0106 |
136.065 | 0.000 | 0.000 | -0.051 | 0.0140 |-0.0035 |0.0000 |-0.0008 |0.0110 |
136.878 | 0.000 | 0.000 | -0.053 | 0.0144 |-0.0036 |0.0000 |-0.0008 |0.0114 |
137.679 | 0.000 | 0.000 | -0.055 | 0.0148 |-0.0037 |0.0000 |-0.0008 |0.0117 |
138.468 | 0.000 | 0.000 | -0.057 | 0.0152 |-0.0037 |0.0000 |-0.0008 |0.0121 |
139.246 | 0.000 | 0.000 | -0.059 | 0.0156 |-0.0038 |0.0000 |-0.0009 |0.0125 |
140.014 | 0.000 | 0.000 | -0.061 | 0.0161 |-0.0039 |0.0000 |-0.0009 |0.0128 |
140.771 | 0.000 | 0.000 | -0.063 | 0.0165 |-0.0040 |0.0000 |-0.0009 |0.0132 |
141.518 | 0.000 | 0.000 | -0.065 | 0.0169 |-0.0041 |0.0000 |-0.0009 |0.0136 |
142.256 | 0.000 | 0.000 | -0.067 | 0.0173 |-0.0042 |0.0000 |-0.0010 |0.0139 |
142.984 | 0.000 | 0.000 | -0.069 | 0.0177 |-0.0043 |0.0000 |-0.0010 |0.0143 |
143.703 | 0.000 | 0.000 | -0.072 | 0.0181 |-0.0044 |0.0000 |-0.0010 |0.0147 |
144.412 | 0.000 | 0.000 | -0.074 | 0.0185 |-0.0045 |0.0000 |-0.0010 |0.0151 |
145.114 | 0.000 | 0.000 | -0.076 | 0.0190 |-0.0046 |0.0000 |-0.0011 |0.0154 |
145.806 | 0.000 | 0.000 | -0.078 | 0.0194 |-0.0047 |0.0000 |-0.0011 |0.0158 |
146.491 | 0.000 | 0.000 | -0.080 | 0.0198 |-0.0048 |0.0000 |-0.0011 |0.0162 |
147.168 | 0.000 | 0.000 | -0.082 | 0.0202 |-0.0049 |0.0000 |-0.0011 |0.0165 |
147.837 | 0.000 | 0.000 | -0.085 | 0.0206 |-0.0050 |0.0000 |-0.0012 |0.0169 |
148.498 | 0.000 | 0.000 | -0.087 | 0.0210 |-0.0051 |0.0000 |-0.0012 |0.0173 |
149.153 | 0.000 | 0.000 | -0.089 | 0.0214 |-0.0052 |0.0000 |-0.0012 |0.0176 |
149.800 | 0.000 | 0.000 | -0.091 | 0.0218 |-0.0053 |0.0000 |-0.0012 |0.0180 |
150.440 | 0.000 | 0.000 | -0.094 | 0.0223 |-0.0054 |0.0000 |-0.0013 |0.0184 |
151.073 | 0.000 | 0.000 | -0.096 | 0.0227 |-0.0055 |0.0000 |-0.0013 |0.0187 |
151.700 | 0.000 | 0.000 | -0.098 | 0.0231 |-0.0056 |0.0000 |-0.0013 |0.0191 |
152.321 | 0.000 | 0.000 | -0.101 | 0.0235 |-0.0057 |0.0000 |-0.0013 |0.0195 |
152.935 | 0.000 | 0.000 | -0.103 | 0.0239 |-0.0058 |0.0000 |-0.0014 |0.0198 |
153.542 | 0.000 | 0.000 | -0.105 | 0.0243 |-0.0059 |0.0000 |-0.0014 |0.0202 |
154.144 | 0.000 | 0.000 | -0.107 | 0.0247 |-0.0060 |0.0000 |-0.0014 |0.0206 |
154.740 | 0.000 | 0.000 | -0.110 | 0.0251 |-0.0061 |0.0000 |-0.0014 |0.0209 |
155.331 | 0.000 | 0.000 | -0.112 | 0.0255 |-0.0062 |0.0000 |-0.0015 |0.0213 |
155.915 | 0.000 | 0.000 | -0.115 | 0.0260 |-0.0063 |0.0000 |-0.0015 |0.0217 |
156.495 | 0.000 | 0.000 | -0.117 | 0.0264 |-0.0064 |0.0000 |-0.0015 |0.0220 |
157.068 | 0.000 | 0.000 | -0.119 | 0.0268 |-0.0065 |0.0000 |-0.0015 |0.0224 |
157.637 | 0.000 | 0.000 | -0.122 | 0.0272 |-0.0066 |0.0000 |-0.0016 |0.0228 |
158.201 | 0.000 | 0.000 | -0.124 | 0.0276 |-0.0067 |0.0000 |-0.0016 |0.0231 |
158.759 | 0.000 | 0.000 | -0.126 | 0.0280 |-0.0068 |0.0000 |-0.0016 |0.0235 |
159.313 | 0.000 | 0.000 | -0.129 | 0.0284 |-0.0069 |0.0000 |-0.0016 |0.0239 |
159.862 | 0.000 | 0.000 | -0.131 | 0.0288 |-0.0070 |0.0000 |-0.0017 |0.0242 |
160.406 | 0.000 | 0.000 | -0.134 | 0.0292 |-0.0071 |0.0000 |-0.0017 |0.0246 |
160.945 | 0.000 | 0.000 | -0.136 | 0.0296 |-0.0072 |0.0000 |-0.0017 |0.0250 |
161.480 | 0.000 | 0.000 | -0.139 | 0.0300 |-0.0072 |0.0000 |-0.0017 |0.0253 |
162.010 | 0.000 | 0.000 | -0.141 | 0.0305 |-0.0073 |0.0000 |-0.0018 |0.0257 |
162.536 | 0.000 | 0.000 | -0.144 | 0.0309 |-0.0074 |0.0000 |-0.0018 |0.0261 |
163.058 | 0.000 | 0.000 | -0.146 | 0.0313 |-0.0075 |0.0000 |-0.0018 |0.0264 |
163.576 | 0.000 | 0.000 | -0.148 | 0.0317 |-0.0076 |0.0000 |-0.0019 |0.0268 |
164.089 | 0.000 | 0.000 | -0.151 | 0.0321 |-0.0077 |0.0000 |-0.0019 |0.0272 |
164.598 | 0.000 | 0.000 | -0.153 | 0.0325 |-0.0078 |0.0000 |-0.0019 |0.0275 |
165.104 | 0.000 | 0.000 | -0.156 | 0.0329 |-0.0079 |0.0000 |-0.0019 |0.0279 |
165.605 | 0.000 | 0.000 | -0.158 | 0.0333 |-0.0080 |0.0000 |-0.0020 |0.0283 |
166.103 | 0.000 | 0.000 | -0.161 | 0.0337 |-0.0081 |0.0000 |-0.0020 |0.0286 |
166.597 | 0.000 | 0.000 | -0.164 | 0.0341 |-0.0082 |0.0000 |-0.0020 |0.0290 |
167.088 | 0.000 | 0.000 | -0.166 | 0.0345 |-0.0083 |0.0000 |-0.0020 |0.0294 |
167.574 | 0.000 | 0.000 | -0.169 | 0.0349 |-0.0084 |0.0000 |-0.0021 |0.0297 |
168.057 | 0.000 | 0.000 | -0.171 | 0.0353 |-0.0085 |0.0000 |-0.0021 |0.0301 |
168.537 | 0.000 | 0.000 | -0.174 | 0.0358 |-0.0086 |0.0000 |-0.0021 |0.0305 |
169.013 | 0.000 | 0.000 | -0.176 | 0.0362 |-0.0087 |0.0000 |-0.0021 |0.0308 |
169.486 | 0.000 | 0.000 | -0.179 | 0.0366 |-0.0088 |0.0000 |-0.0022 |0.0312 |
169.955 | 0.000 | 0.000 | -0.181 | 0.0370 |-0.0089 |0.0000 |-0.0022 |0.0316 |
170.421 | 0.000 | 0.000 | -0.184 | 0.0374 |-0.0090 |0.0000 |-0.0022 |0.0319 |
170.884 | 0.000 | 0.000 | -0.187 | 0.0378 |-0.0091 |0.0000 |-0.0022 |0.0323 |
171.344 | 0.000 | 0.000 | -0.189 | 0.0382 |-0.0092 |0.0000 |-0.0023 |0.0326 |
171.801 | 0.000 | 0.000 | -0.192 | 0.0386 |-0.0093 |0.0000 |-0.0023 |0.0330 |
172.254 | 0.000 | 0.000 | -0.194 | 0.0390 |-0.0094 |0.0000 |-0.0023 |0.0334 |
172.704 | 0.000 | 0.000 | -0.197 | 0.0394 |-0.0094 |0.0000 |-0.0023 |0.0337 |
173.152 | 0.000 | 0.000 | -0.200 | 0.0398 |-0.0095 |0.0000 |-0.0024 |0.0341 |
173.596 | 0.000 | 0.000 | -0.202 | 0.0402 |-0.0096 |0.0000 |-0.0024 |0.0345 |
174.038 | 0.000 | 0.000 | -0.205 | 0.0406 |-0.0097 |0.0000 |-0.0024 |0.0348 |
174.477 | 0.000 | 0.000 | -0.208 | 0.0410 |-0.0098 |0.0000 |-0.0024 |0.0352 |
174.913 | 0.000 | 0.000 | -0.210 | 0.0414 |-0.0099 |0.0000 |-0.0025 |0.0356 |
175.346 | 0.000 | 0.000 | -0.213 | 0.0418 |-0.0100 |0.0000 |-0.0025 |0.0359 |
175.777 | 0.000 | 0.000 | -0.216 | 0.0422 |-0.0101 |0.0000 |-0.0025 |0.0363 |
176.205 | 0.000 | 0.000 | -0.218 | 0.0426 |-0.0102 |0.0000 |-0.0025 |0.0367 |
176.630 | 0.000 | 0.000 | -0.221 | 0.0430 |-0.0103 |0.0000 |-0.0026 |0.0370 |
177.053 | 0.000 | 0.000 | -0.224 | 0.0434 |-0.0104 |0.0000 |-0.0026 |0.0374 |
177.473 | 0.000 | 0.000 | -0.226 | 0.0438 |-0.0105 |0.0000 |-0.0026 |0.0377 |
177.890 | 0.000 | 0.000 | -0.229 | 0.0443 |-0.0106 |0.0000 |-0.0026 |0.0381 |
178.305 | 0.000 | 0.000 | -0.232 | 0.0447 |-0.0107 |0.0000 |-0.0027 |0.0385 |
178.718 | 0.000 | 0.000 | -0.235 | 0.0451 |-0.0108 |0.0000 |-0.0027 |0.0388 |
179.128 | 0.000 | 0.000 | -0.237 | 0.0455 |-0.0109 |0.0000 |-0.0027 |0.0392 |
179.536 | 0.000 | 0.000 | -0.240 | 0.0459 |-0.0110 |0.0000 |-0.0028 |0.0396 |
179.941 | 0.000 | 0.000 | -0.243 | 0.0463 |-0.0111 |0.0000 |-0.0028 |0.0399 |
180.344 | 0.000 | 0.000 | -0.245 | 0.0467 |-0.0112 |0.0000 |-0.0028 |0.0403 |
180.745 | 0.000 | 0.000 | -0.248 | 0.0471 |-0.0113 |0.0000 |-0.0028 |0.0406 |
181.143 | 0.000 | 0.000 | -0.251 | 0.0475 |-0.0113 |0.0000 |-0.0029 |0.0410 |
181.539 | 0.000 | 0.000 | -0.254 | 0.0479 |-0.0114 |0.0000 |-0.0029 |0.0414 |
181.933 | 0.000 | 0.000 | -0.256 | 0.0483 |-0.0115 |0.0000 |-0.0029 |0.0417 |
182.325 | 0.000 | 0.000 | -0.259 | 0.0487 |-0.0116 |0.0000 |-0.0029 |0.0421 |
182.714 | 0.000 | 0.000 | -0.262 | 0.0491 |-0.0117 |0.0000 |-0.0030 |0.0425 |
183.102 | 0.000 | 0.000 | -0.265 | 0.0495 |-0.0118 |0.0000 |-0.0030 |0.0428 |
183.487 | 0.000 | 0.000 | -0.268 | 0.0499 |-0.0119 |0.0000 |-0.0030 |0.0432 |
183.871 | 0.000 | 0.000 | -0.270 | 0.0503 |-0.0120 |0.0000 |-0.0030 |0.0435 |
184.252 | 0.000 | 0.000 | -0.273 | 0.0507 |-0.0121 |0.0000 |-0.0031 |0.0439 |
184.631 | 0.000 | 0.000 | -0.276 | 0.0511 |-0.0122 |0.0000 |-0.0031 |0.0443 |
185.008 | 0.000 | 0.000 | -0.279 | 0.0515 |-0.0123 |0.0000 |-0.0031 |0.0446 |
185.383 | 0.000 | 0.000 | -0.282 | 0.0519 |-0.0124 |0.0000 |-0.0031 |0.0450 |
185.757 | 0.000 | 0.000 | -0.284 | 0.0523 |-0.0125 |0.0000 |-0.0032 |0.0453 |
186.128 | 0.000 | 0.000 | -0.287 | 0.0527 |-0.0126 |0.0000 |-0.0032 |0.0457 |
186.498 | 0.000 | 0.000 | -0.290 | 0.0531 |-0.0127 |0.0000 |-0.0032 |0.0461 |
186.865 | 0.000 | 0.000 | -0.293 | 0.0535 |-0.0128 |0.0000 |-0.0032 |0.0464 |
187.231 | 0.000 | 0.000 | -0.296 | 0.0539 |-0.0129 |0.0000 |-0.0033 |0.0468 |
187.595 | 0.000 | 0.000 | -0.299 | 0.0543 |-0.0129 |0.0000 |-0.0033 |0.0472 |
187.957 | 0.000 | 0.000 | -0.301 | 0.0547 |-0.0130 |0.0000 |-0.0033 |0.0475 |
188.317 | 0.000 | 0.000 | -0.304 | 0.0551 |-0.0131 |0.0000 |-0.0033 |0.0479 |
188.676 | 0.000 | 0.000 | -0.307 | 0.0555 |-0.0132 |0.0000 |-0.0034 |0.0482 |
189.032 | 0.001 | 0.000 | -0.310 | 0.0559 |-0.0133 |0.0000 |-0.0034 |0.0486 |
189.387 | 0.001 | 0.000 | -0.313 | 0.0563 |-0.0134 |0.0000 |-0.0034 |0.0490 |
189.741 | 0.001 | 0.000 | -0.316 | 0.0567 |-0.0135 |0.0000 |-0.0034 |0.0493 |
190.092 | 0.001 | 0.000 | -0.319 | 0.0571 |-0.0136 |0.0000 |-0.0035 |0.0497 |
190.442 | 0.001 | 0.000 | -0.321 | 0.0575 |-0.0137 |0.0000 |-0.0035 |0.0500 |
190.790 | 0.001 | 0.000 | -0.324 | 0.0579 |-0.0138 |0.0000 |-0.0035 |0.0504 |
191.137 | 0.001 | 0.000 | -0.327 | 0.0583 |-0.0139 |0.0000 |-0.0035 |0.0508 |
191.482 | 0.001 | 0.000 | -0.330 | 0.0587 |-0.0140 |0.0000 |-0.0036 |0.0511 |
191.825 | 0.001 | 0.000 | -0.333 | 0.0591 |-0.0141 |0.0000 |-0.0036 |0.0515 |
192.167 | 0.001 | 0.000 | -0.336 | 0.0595 |-0.0142 |0.0000 |-0.0036 |0.0518 |
192.507 | 0.001 | 0.000 | -0.339 | 0.0599 |-0.0143 |0.0000 |-0.0037 |0.0522 |
192.845 | 0.001 | 0.000 | -0.342 | 0.0603 |-0.0144 |0.0000 |-0.0037 |0.0526 |
193.182 | 0.001 | 0.000 | -0.345 | 0.0607 |-0.0144 |0.0000 |-0.0037 |0.0529 |
193.518 | 0.001 | 0.000 | -0.348 | 0.0611 |-0.0145 |0.0000 |-0.0037 |0.0533 |
193.852 | 0.001 | 0.000 | -0.350 | 0.0615 |-0.0146 |0.0000 |-0.0038 |0.0536 |
194.184 | 0.001 | 0.000 | -0.353 | 0.0619 |-0.0147 |0.0000 |-0.0038 |0.0540 |
194.515 | 0.001 | 0.000 | -0.356 | 0.0623 |-0.0148 |0.0000 |-0.0038 |0.0543 |
194.845 | 0.001 | 0.000 | -0.359 | 0.0627 |-0.0149 |0.0000 |-0.0038 |0.0547 |
195.173 | 0.001 | 0.000 | -0.362 | 0.0631 |-0.0150 |0.0000 |-0.0039 |0.0551 |
195.500 | 0.001 | 0.000 | -0.365 | 0.0635 |-0.0151 |0.0000 |-0.0039 |0.0554 |
195.825 | 0.001 | 0.000 | -0.368 | 0.0639 |-0.0152 |0.0000 |-0.0039 |0.0558 |
196.149 | 0.001 | 0.000 | -0.371 | 0.0643 |-0.0153 |0.0000 |-0.0039 |0.0561 |
196.471 | 0.001 | 0.000 | -0.374 | 0.0647 |-0.0154 |0.0000 |-0.0040 |0.0565 |
196.792 | 0.001 | 0.000 | -0.377 | 0.0650 |-0.0155 |0.0000 |-0.0040 |0.0569 |
197.112 | 0.001 | 0.000 | -0.380 | 0.0654 |-0.0156 |0.0000 |-0.0040 |0.0572 |
197.430 | 0.001 | 0.000 | -0.383 | 0.0658 |-0.0157 |0.0000 |-0.0040 |0.0576 |
197.747 | 0.001 | 0.000 | -0.386 | 0.0662 |-0.0158 |0.0000 |-0.0041 |0.0579 |
198.063 | 0.001 | 0.000 | -0.389 | 0.0666 |-0.0158 |0.0000 |-0.0041 |0.0583 |
198.378 | 0.001 | 0.000 | -0.392 | 0.0670 |-0.0159 |0.0000 |-0.0041 |0.0586 |
198.691 | 0.001 | 0.000 | -0.395 | 0.0674 |-0.0160 |0.0000 |-0.0041 |0.0590 |
199.002 | 0.001 | 0.000 | -0.398 | 0.0678 |-0.0161 |0.0000 |-0.0042 |0.0594 |
199.313 | 0.001 | 0.000 | -0.401 | 0.0682 |-0.0162 |0.0000 |-0.0042 |0.0597 |
199.622 | 0.001 | 0.000 | -0.404 | 0.0686 |-0.0163 |0.0000 |-0.0042 |0.0601 |
199.930 | 0.001 | 0.000 | -0.407 | 0.0690 |-0.0164 |0.0000 |-0.0042 |0.0604 |
200.237 | 0.001 | 0.000 | -0.410 | 0.0694 |-0.0165 |0.0000 |-0.0043 |0.0608 |
200.543 | 0.001 | 0.000 | -0.413 | 0.0698 |-0.0166 |0.0000 |-0.0043 |0.0611 |
200.847 | 0.001 | 0.000 | -0.416 | 0.0702 |-0.0167 |0.0000 |-0.0043 |0.0615 |
201.150 | 0.001 | 0.000 | -0.419 | 0.0706 |-0.0168 |0.0000 |-0.0043 |0.0619 |
201.452 | 0.001 | 0.000 | -0.422 | 0.0710 |-0.0169 |0.0000 |-0.0044 |0.0622 |
201.753 | 0.001 | 0.000 | -0.425 | 0.0714 |-0.0170 |0.0000 |-0.0044 |0.0626 |
202.052 | 0.001 | 0.000 | -0.428 | 0.0718 |-0.0171 |0.0000 |-0.0044 |0.0629 |
202.351 | 0.001 | 0.000 | -0.431 | 0.0722 |-0.0171 |0.0000 |-0.0045 |0.0633 |
202.648 | 0.001 | 0.000 | -0.434 | 0.0726 |-0.0172 |0.0000 |-0.0045 |0.0636 |
202.944 | 0.001 | 0.000 | -0.437 | 0.0730 |-0.0173 |0.0000 |-0.0045 |0.0640 |
203.239 | 0.001 | 0.000 | -0.440 | 0.0734 |-0.0174 |0.0000 |-0.0045 |0.0644 |
203.533 | 0.001 | 0.000 | -0.443 | 0.0737 |-0.0175 |0.0000 |-0.0046 |0.0647 |
203.825 | 0.001 | 0.000 | -0.446 | 0.0741 |-0.0176 |0.0000 |-0.0046 |0.0651 |
204.117 | 0.001 | 0.000 | -0.449 | 0.0745 |-0.0177 |0.0000 |-0.0046 |0.0654 |
204.407 | 0.001 | 0.000 | -0.452 | 0.0749 |-0.0178 |0.0000 |-0.0046 |0.0658 |
204.697 | 0.001 | 0.000 | -0.455 | 0.0753 |-0.0179 |0.0000 |-0.0047 |0.0661 |
204.985 | 0.001 | 0.000 | -0.458 | 0.0757 |-0.0180 |0.0000 |-0.0047 |0.0665 |
205.272 | 0.001 | 0.000 | -0.462 | 0.0761 |-0.0181 |0.0000 |-0.0047 |0.0668 |
205.558 | 0.001 | 0.000 | -0.465 | 0.0765 |-0.0182 |0.0000 |-0.0047 |0.0672 |
205.843 | 0.001 | 0.000 | -0.468 | 0.0769 |-0.0183 |0.0000 |-0.0048 |0.0676 |
206.127 | 0.001 | 0.000 | -0.471 | 0.0773 |-0.0183 |0.0000 |-0.0048 |0.0679 |
206.411 | 0.001 | 0.000 | -0.474 | 0.0777 |-0.0184 |0.0000 |-0.0048 |0.0683 |
206.693 | 0.001 | 0.000 | -0.477 | 0.0781 |-0.0185 |0.0000 |-0.0048 |0.0686 |
206.974 | 0.001 | 0.000 | -0.480 | 0.0785 |-0.0186 |0.0000 |-0.0049 |0.0690 |
207.254 | 0.001 | 0.000 | -0.483 | 0.0789 |-0.0187 |0.0000 |-0.0049 |0.0693 |
207.533 | 0.001 | 0.000 | -0.486 | 0.0792 |-0.0188 |0.0000 |-0.0049 |0.0697 |
207.811 | 0.001 | 0.000 | -0.489 | 0.0796 |-0.0189 |0.0000 |-0.0049 |0.0700 |
208.088 | 0.001 | 0.000 | -0.492 | 0.0800 |-0.0190 |0.0000 |-0.0050 |0.0704 |
208.364 | 0.001 | 0.000 | -0.495 | 0.0804 |-0.0191 |0.0000 |-0.0050 |0.0708 |
208.639 | 0.001 | 0.000 | -0.499 | 0.0808 |-0.0192 |0.0000 |-0.0050 |0.0711 |
208.913 | 0.001 | 0.000 | -0.502 | 0.0812 |-0.0193 |0.0000 |-0.0050 |0.0715 |
209.186 | 0.001 | 0.000 | -0.505 | 0.0816 |-0.0194 |0.0000 |-0.0051 |0.0718 |
209.458 | 0.001 | 0.000 | -0.508 | 0.0820 |-0.0194 |0.0000 |-0.0051 |0.0722 |
209.729 | 0.001 | 0.000 | -0.511 | 0.0824 |-0.0195 |0.0000 |-0.0051 |0.0725 |
210.000 | 0.001 | 0.000 | -0.514 | 0.0828 |-0.0196 |0.0000 |-0.0052 |0.0729 |
210.269 | 0.001 | 0.000 | -0.517 | 0.0832 |-0.0197 |0.0000 |-0.0052 |0.0732 |
210.538 | 0.001 | 0.000 | -0.520 | 0.0836 |-0.0198 |0.0000 |-0.0052 |0.0736 |
210.805 | 0.001 | 0.000 | -0.524 | 0.0839 |-0.0199 |0.0000 |-0.0052 |0.0739 |
211.072 | 0.001 | 0.000 | -0.527 | 0.0843 |-0.0200 |0.0000 |-0.0053 |0.0743 |
211.338 | 0.001 | 0.000 | -0.530 | 0.0847 |-0.0201 |0.0000 |-0.0053 |0.0746 |
211.603 | 0.001 | 0.000 | -0.533 | 0.0851 |-0.0202 |0.0000 |-0.0053 |0.0750 |
211.867 | 0.001 | 0.000 | -0.536 | 0.0855 |-0.0203 |0.0000 |-0.0053 |0.0754 |
212.130 | 0.001 | 0.000 | -0.539 | 0.0859 |-0.0204 |0.0000 |-0.0054 |0.0757 |
212.392 | 0.001 | 0.000 | -0.542 | 0.0863 |-0.0205 |0.0000 |-0.0054 |0.0761 |
212.654 | 0.001 | 0.000 | -0.546 | 0.0867 |-0.0205 |0.0000 |-0.0054 |0.0764 |
212.914 | 0.001 | 0.000 | -0.549 | 0.0871 |-0.0206 |0.0000 |-0.0054 |0.0768 |
213.174 | 0.001 | 0.000 | -0.552 | 0.0875 |-0.0207 |0.0000 |-0.0055 |0.0771 |
213.433 | 0.001 | 0.000 | -0.555 | 0.0879 |-0.0208 |0.0000 |-0.0055 |0.0775 |
213.691 | 0.001 | 0.000 | -0.558 | 0.0882 |-0.0209 |0.0000 |-0.0055 |0.0778 |
213.948 | 0.001 | 0.000 | -0.561 | 0.0886 |-0.0210 |0.0000 |-0.0055 |0.0782 |
214.205 | 0.001 | 0.000 | -0.565 | 0.0890 |-0.0211 |0.0000 |-0.0056 |0.0785 |
214.460 | 0.002 | 0.000 | -0.568 | 0.0894 |-0.0212 |0.0000 |-0.0056 |0.0789 |
214.715 | 0.002 | 0.000 | -0.571 | 0.0898 |-0.0213 |0.0000 |-0.0056 |0.0792 |
214.969 | 0.002 | 0.000 | -0.574 | 0.0902 |-0.0214 |0.0000 |-0.0056 |0.0796 |
215.222 | 0.002 | 0.000 | -0.577 | 0.0906 |-0.0215 |0.0000 |-0.0057 |0.0799 |
215.474 | 0.002 | 0.000 | -0.580 | 0.0910 |-0.0216 |0.0000 |-0.0057 |0.0803 |
215.726 | 0.002 | 0.000 | -0.584 | 0.0914 |-0.0216 |0.0000 |-0.0057 |0.0806 |
215.977 | 0.002 | 0.000 | -0.587 | 0.0917 |-0.0217 |0.0000 |-0.0057 |0.0810 |
216.227 | 0.002 | 0.000 | -0.590 | 0.0921 |-0.0218 |0.0000 |-0.0058 |0.0813 |
216.476 | 0.002 | 0.000 | -0.593 | 0.0925 |-0.0219 |0.0000 |-0.0058 |0.0817 |
216.724 | 0.002 | 0.000 | -0.596 | 0.0929 |-0.0220 |0.0000 |-0.0058 |0.0821 |
216.972 | 0.002 | 0.000 | -0.600 | 0.0933 |-0.0221 |0.0000 |-0.0059 |0.0824 |
217.219 | 0.002 | 0.000 | -0.603 | 0.0937 |-0.0222 |0.0000 |-0.0059 |0.0828 |
217.465 | 0.002 | 0.000 | -0.606 | 0.0941 |-0.0223 |0.0000 |-0.0059 |0.0831 |
217.711 | 0.002 | 0.000 | -0.609 | 0.0945 |-0.0224 |0.0000 |-0.0059 |0.0835 |
217.955 | 0.002 | 0.000 | -0.612 | 0.0949 |-0.0225 |0.0000 |-0.0060 |0.0838 |
218.199 | 0.002 | 0.000 | -0.616 | 0.0952 |-0.0226 |0.0000 |-0.0060 |0.0842 |
218.443 | 0.002 | 0.000 | -0.619 | 0.0956 |-0.0226 |0.0000 |-0.0060 |0.0845 |
218.685 | 0.002 | 0.000 | -0.622 | 0.0960 |-0.0227 |0.0000 |-0.0060 |0.0849 |
218.927 | 0.002 | 0.000 | -0.625 | 0.0964 |-0.0228 |0.0000 |-0.0061 |0.0852 |
219.168 | 0.002 | 0.000 | -0.629 | 0.0968 |-0.0229 |0.0000 |-0.0061 |0.0856 |
219.408 | 0.002 | 0.000 | -0.632 | 0.0972 |-0.0230 |0.0000 |-0.0061 |0.0859 |
219.648 | 0.002 | 0.000 | -0.635 | 0.0976 |-0.0231 |0.0000 |-0.0061 |0.0863 |
219.887 | 0.002 | 0.000 | -0.638 | 0.0979 |-0.0232 |0.0000 |-0.0062 |0.0866 |
220.125 | 0.002 | 0.000 | -0.641 | 0.0983 |-0.0233 |0.0000 |-0.0062 |0.0870 |
220.363 | 0.002 | 0.000 | -0.645 | 0.0987 |-0.0234 |0.0000 |-0.0062 |0.0873 |
220.599 | 0.002 | 0.000 | -0.648 | 0.0991 |-0.0235 |0.0000 |-0.0062 |0.0877 |
220.836 | 0.002 | 0.000 | -0.651 | 0.0995 |-0.0236 |0.0000 |-0.0063 |0.0880 |
221.071 | 0.002 | 0.000 | -0.654 | 0.0999 |-0.0236 |0.0000 |-0.0063 |0.0884 |
221.306 | 0.002 | 0.000 | -0.658 | 0.1003 |-0.0237 |0.0000 |-0.0063 |0.0887 |
221.540 | 0.002 | 0.000 | -0.661 | 0.1007 |-0.0238 |0.0000 |-0.0063 |0.0891 |
221.773 | 0.002 | 0.000 | -0.664 | 0.1010 |-0.0239 |0.0000 |-0.0064 |0.0894 |
222.006 | 0.002 | 0.000 | -0.667 | 0.1014 |-0.0240 |0.0000 |-0.0064 |0.0898 |
222.238 | 0.002 | 0.000 | -0.671 | 0.1018 |-0.0241 |0.0000 |-0.0064 |0.0901 |
222.470 | 0.002 | 0.000 | -0.674 | 0.1022 |-0.0242 |0.0000 |-0.0064 |0.0905 |
222.701 | 0.002 | 0.000 | -0.677 | 0.1026 |-0.0243 |0.0000 |-0.0065 |0.0908 |
222.931 | 0.002 | 0.000 | -0.680 | 0.1030 |-0.0244 |0.0000 |-0.0065 |0.0912 |
223.160 | 0.002 | 0.000 | -0.684 | 0.1034 |-0.0245 |0.0000 |-0.0065 |0.0915 |
223.389 | 0.002 | 0.000 | -0.687 | 0.1037 |-0.0245 |0.0000 |-0.0066 |0.0919 |
223.618 | 0.002 | 0.000 | -0.690 | 0.1041 |-0.0246 |0.0000 |-0.0066 |0.0922 |
223.845 | 0.002 | 0.000 | -0.694 | 0.1045 |-0.0247 |0.0000 |-0.0066 |0.0926 |
224.072 | 0.002 | 0.000 | -0.697 | 0.1049 |-0.0248 |0.0000 |-0.0066 |0.0929 |
224.299 | 0.002 | 0.000 | -0.700 | 0.1053 |-0.0249 |0.0000 |-0.0067 |0.0933 |
224.524 | 0.002 | 0.000 | -0.703 | 0.1057 |-0.0250 |0.0000 |-0.0067 |0.0936 |
224.750 | 0.002 | 0.000 | -0.707 | 0.1061 |-0.0251 |0.0000 |-0.0067 |0.0940 |
224.974 | 0.002 | 0.000 | -0.710 | 0.1064 |-0.0252 |0.0000 |-0.0067 |0.0943 |
225.198 | 0.002 | 0.000 | -0.713 | 0.1068 |-0.0253 |0.0000 |-0.0068 |0.0946 |
225.421 | 0.002 | 0.000 | -0.716 | 0.1072 |-0.0254 |0.0000 |-0.0068 |0.0950 |
225.644 | 0.002 | 0.000 | -0.720 | 0.1076 |-0.0254 |0.0000 |-0.0068 |0.0953 |
225.866 | 0.002 | 0.000 | -0.723 | 0.1080 |-0.0255 |0.0000 |-0.0068 |0.0957 |
226.088 | 0.002 | 0.000 | -0.726 | 0.1084 |-0.0256 |0.0000 |-0.0069 |0.0960 |
226.309 | 0.002 | 0.000 | -0.730 | 0.1087 |-0.0257 |0.0000 |-0.0069 |0.0964 |
226.529 | 0.002 | 0.000 | -0.733 | 0.1091 |-0.0258 |0.0000 |-0.0069 |0.0967 |
226.749 | 0.002 | 0.000 | -0.736 | 0.1095 |-0.0259 |0.0000 |-0.0069 |0.0971 |
226.968 | 0.002 | 0.000 | -0.740 | 0.1099 |-0.0260 |0.0000 |-0.0070 |0.0974 |
227.187 | 0.002 | 0.000 | -0.743 | 0.1103 |-0.0261 |0.0000 |-0.0070 |0.0978 |
227.405 | 0.002 | 0.000 | -0.746 | 0.1107 |-0.0262 |0.0000 |-0.0070 |0.0981 |
227.622 | 0.002 | 0.000 | -0.749 | 0.1110 |-0.0263 |0.0000 |-0.0070 |0.0985 |
227.839 | 0.002 | 0.000 | -0.753 | 0.1114 |-0.0263 |0.0000 |-0.0071 |0.0988 |
228.056 | 0.003 | 0.000 | -0.756 | 0.1118 |-0.0264 |0.0000 |-0.0071 |0.0992 |
228.272 | 0.003 | 0.000 | -0.759 | 0.1122 |-0.0265 |0.0000 |-0.0071 |0.0995 |
228.487 | 0.003 | 0.000 | -0.763 | 0.1126 |-0.0266 |0.0000 |-0.0072 |0.0999 |
228.702 | 0.003 | 0.000 | -0.766 | 0.1130 |-0.0267 |0.0000 |-0.0072 |0.1002 |
228.916 | 0.003 | 0.000 | -0.769 | 0.1133 |-0.0268 |0.0000 |-0.0072 |0.1006 |
229.129 | 0.003 | 0.000 | -0.773 | 0.1137 |-0.0269 |0.0000 |-0.0072 |0.1009 |
229.342 | 0.003 | 0.000 | -0.776 | 0.1141 |-0.0270 |0.0000 |-0.0073 |0.1012 |
229.555 | 0.003 | 0.000 | -0.779 | 0.1145 |-0.0271 |0.0000 |-0.0073 |0.1016 |
229.767 | 0.003 | 0.000 | -0.783 | 0.1149 |-0.0272 |0.0000 |-0.0073 |0.1019 |
229.978 | 0.003 | 0.000 | -0.786 | 0.1153 |-0.0272 |0.0000 |-0.0073 |0.1023 |
230.189 | 0.003 | 0.000 | -0.789 | 0.1156 |-0.0273 |0.0000 |-0.0074 |0.1026 |
230.400 | 0.003 | 0.000 | -0.793 | 0.1160 |-0.0274 |0.0000 |-0.0074 |0.1030 |
230.610 | 0.003 | 0.000 | -0.796 | 0.1164 |-0.0275 |0.0000 |-0.0074 |0.1033 |
230.819 | 0.003 | 0.000 | -0.799 | 0.1168 |-0.0276 |0.0000 |-0.0074 |0.1037 |
231.028 | 0.003 | 0.000 | -0.803 | 0.1172 |-0.0277 |0.0000 |-0.0075 |0.1040 |
231.236 | 0.003 | 0.000 | -0.806 | 0.1175 |-0.0278 |0.0000 |-0.0075 |0.1044 |
231.444 | 0.003 | 0.000 | -0.809 | 0.1179 |-0.0279 |0.0000 |-0.0075 |0.1047 |
231.651 | 0.003 | 0.000 | -0.813 | 0.1183 |-0.0280 |0.0000 |-0.0075 |0.1051 |
231.858 | 0.003 | 0.000 | -0.816 | 0.1187 |-0.0280 |0.0000 |-0.0076 |0.1054 |
232.064 | 0.003 | 0.000 | -0.819 | 0.1191 |-0.0281 |0.0000 |-0.0076 |0.1057 |
232.270 | 0.003 | 0.000 | -0.823 | 0.1194 |-0.0282 |0.0000 |-0.0076 |0.1061 |
232.475 | 0.003 | 0.000 | -0.826 | 0.1198 |-0.0283 |0.0000 |-0.0076 |0.1064 |
232.680 | 0.003 | 0.000 | -0.829 | 0.1202 |-0.0284 |0.0000 |-0.0077 |0.1068 |
232.884 | 0.003 | 0.000 | -0.833 | 0.1206 |-0.0285 |0.0000 |-0.0077 |0.1071 |
233.088 | 0.003 | 0.000 | -0.836 | 0.1210 |-0.0286 |0.0000 |-0.0077 |0.1075 |
233.292 | 0.003 | 0.000 | -0.840 | 0.1214 |-0.0287 |0.0000 |-0.0078 |0.1078 |
233.494 | 0.003 | 0.000 | -0.843 | 0.1217 |-0.0288 |0.0000 |-0.0078 |0.1082 |
233.697 | 0.003 | 0.000 | -0.846 | 0.1221 |-0.0288 |0.0000 |-0.0078 |0.1085 |
233.899 | 0.003 | 0.000 | -0.850 | 0.1225 |-0.0289 |0.0000 |-0.0078 |0.1089 |
234.100 | 0.003 | 0.000 | -0.853 | 0.1229 |-0.0290 |0.0000 |-0.0079 |0.1092 |
234.301 | 0.003 | 0.000 | -0.856 | 0.1233 |-0.0291 |0.0000 |-0.0079 |0.1095 |
234.501 | 0.003 | 0.000 | -0.860 | 0.1236 |-0.0292 |0.0000 |-0.0079 |0.1099 |
234.701 | 0.003 | 0.000 | -0.863 | 0.1240 |-0.0293 |0.0000 |-0.0079 |0.1102 |
234.901 | 0.003 | 0.000 | -0.866 | 0.1244 |-0.0294 |0.0000 |-0.0080 |0.1106 |
235.100 | 0.003 | 0.000 | -0.870 | 0.1248 |-0.0295 |0.0000 |-0.0080 |0.1109 |
235.298 | 0.003 | 0.000 | -0.873 | 0.1252 |-0.0296 |0.0000 |-0.0080 |0.1113 |
235.497 | 0.003 | 0.000 | -0.877 | 0.1255 |-0.0296 |0.0000 |-0.0080 |0.1116 |
235.694 | 0.003 | 0.000 | -0.880 | 0.1259 |-0.0297 |0.0000 |-0.0081 |0.1120 |
235.891 | 0.003 | 0.000 | -0.883 | 0.1263 |-0.0298 |0.0000 |-0.0081 |0.1123 |
236.088 | 0.003 | 0.000 | -0.887 | 0.1267 |-0.0299 |0.0000 |-0.0081 |0.1126 |
236.284 | 0.003 | 0.000 | -0.890 | 0.1270 |-0.0300 |0.0000 |-0.0081 |0.1130 |
236.480 | 0.003 | 0.000 | -0.894 | 0.1274 |-0.0301 |0.0000 |-0.0082 |0.1133 |
236.676 | 0.003 | 0.000 | -0.897 | 0.1278 |-0.0302 |0.0000 |-0.0082 |0.1137 |
236.871 | 0.003 | 0.000 | -0.900 | 0.1282 |-0.0303 |0.0000 |-0.0082 |0.1140 |
237.065 | 0.003 | 0.000 | -0.904 | 0.1286 |-0.0304 |0.0000 |-0.0082 |0.1144 |
237.259 | 0.003 | 0.000 | -0.907 | 0.1289 |-0.0304 |0.0000 |-0.0083 |0.1147 |
237.453 | 0.003 | 0.000 | -0.910 | 0.1293 |-0.0305 |0.0000 |-0.0083 |0.1150 |
237.646 | 0.004 | 0.000 | -0.914 | 0.1297 |-0.0306 |0.0000 |-0.0083 |0.1154 |
237.839 | 0.004 | 0.000 | -0.917 | 0.1301 |-0.0307 |0.0000 |-0.0084 |0.1157 |
238.031 | 0.004 | 0.000 | -0.921 | 0.1305 |-0.0308 |0.0000 |-0.0084 |0.1161 |
238.223 | 0.004 | 0.000 | -0.924 | 0.1308 |-0.0309 |0.0000 |-0.0084 |0.1164 |
238.415 | 0.004 | 0.000 | -0.927 | 0.1312 |-0.0310 |0.0000 |-0.0084 |0.1168 |
238.606 | 0.004 | 0.000 | -0.931 | 0.1316 |-0.0311 |0.0000 |-0.0085 |0.1171 |
238.796 | 0.004 | 0.000 | -0.934 | 0.1320 |-0.0312 |0.0000 |-0.0085 |0.1174 |
238.942 | 0.004 | 0.000 | -0.937 | 0.1323 |-0.0312 |0.0000 |-0.0085 |0.1177 |
