Test angle: 15
Mesh element_496 : S11 | S22 | S33 | S12 | E11 | E22 | E33 | 2*E12 | EPbar 
0.000 | 0.000 | 0.000 | 0.000 | 0.0000 |0.0000 |0.0000 |0.0000 |0.0000 |
0.503 | -0.000 | 0.000 | -0.000 | 0.0000 |-0.0000 |0.0000 |-0.0000 |0.0000 |
1.005 | -0.000 | 0.000 | -0.000 | 0.0000 |-0.0000 |0.0000 |-0.0000 |0.0000 |
1.759 | -0.000 | 0.000 | -0.000 | 0.0000 |-0.0000 |0.0000 |-0.0000 |0.0000 |
2.891 | 0.000 | 0.000 | -0.000 | 0.0000 |-0.0000 |0.0000 |-0.0000 |0.0000 |
4.587 | 0.000 | 0.000 | -0.000 | 0.0001 |-0.0000 |0.0000 |-0.0000 |0.0000 |
7.132 | -0.000 | 0.000 | -0.000 | 0.0001 |-0.0000 |0.0000 |-0.0000 |0.0000 |
10.949 | -0.000 | 0.000 | -0.000 | 0.0002 |-0.0001 |0.0000 |-0.0000 |0.0000 |
16.675 | -0.000 | 0.000 | -0.000 | 0.0002 |-0.0001 |0.0000 |-0.0000 |0.0000 |
25.262 | -0.000 | 0.000 | -0.000 | 0.0004 |-0.0001 |0.0000 |-0.0000 |0.0000 |
38.142 | 0.000 | 0.000 | -0.000 | 0.0005 |-0.0002 |0.0000 |-0.0000 |0.0000 |
57.458 | 0.000 | 0.000 | -0.000 | 0.0008 |-0.0003 |0.0000 |-0.0000 |0.0000 |
82.576 | 0.000 | 0.000 | -0.000 | 0.0012 |-0.0004 |0.0000 |-0.0000 |0.0000 |
107.326 | -0.000 | 0.000 | 0.000 | 0.0015 |-0.0005 |0.0000 |-0.0000 |0.0000 |
107.788 | -0.000 | 0.000 | -0.001 | 0.0017 |-0.0005 |0.0000 |-0.0000 |0.0001 |
108.237 | -0.000 | 0.000 | -0.003 | 0.0018 |-0.0006 |0.0000 |-0.0001 |0.0002 |
108.680 | -0.000 | 0.000 | -0.004 | 0.0019 |-0.0006 |0.0000 |-0.0001 |0.0003 |
109.333 | -0.000 | 0.000 | -0.006 | 0.0020 |-0.0006 |0.0000 |-0.0001 |0.0005 |
110.290 | 0.000 | 0.000 | -0.009 | 0.0023 |-0.0007 |0.0000 |-0.0002 |0.0007 |
111.683 | 0.000 | 0.000 | -0.014 | 0.0027 |-0.0008 |0.0000 |-0.0003 |0.0010 |
113.274 | 0.000 | 0.000 | -0.020 | 0.0031 |-0.0009 |0.0000 |-0.0004 |0.0014 |
114.807 | 0.000 | 0.000 | -0.026 | 0.0035 |-0.0011 |0.0000 |-0.0005 |0.0018 |
116.288 | 0.000 | 0.000 | -0.032 | 0.0039 |-0.0012 |0.0000 |-0.0006 |0.0022 |
117.722 | 0.000 | 0.000 | -0.038 | 0.0044 |-0.0013 |0.0000 |-0.0007 |0.0026 |
119.112 | 0.000 | 0.000 | -0.044 | 0.0048 |-0.0014 |0.0000 |-0.0008 |0.0030 |
120.462 | 0.000 | 0.000 | -0.051 | 0.0052 |-0.0015 |0.0000 |-0.0009 |0.0033 |
121.774 | 0.000 | 0.000 | -0.058 | 0.0057 |-0.0016 |0.0000 |-0.0010 |0.0037 |
123.051 | 0.000 | 0.000 | -0.064 | 0.0061 |-0.0018 |0.0000 |-0.0011 |0.0041 |
124.297 | 0.000 | 0.000 | -0.071 | 0.0065 |-0.0019 |0.0000 |-0.0012 |0.0045 |
125.511 | 0.000 | 0.000 | -0.078 | 0.0069 |-0.0020 |0.0000 |-0.0013 |0.0049 |
126.696 | 0.000 | 0.000 | -0.085 | 0.0074 |-0.0021 |0.0000 |-0.0014 |0.0053 |
127.854 | 0.000 | 0.000 | -0.092 | 0.0078 |-0.0022 |0.0000 |-0.0015 |0.0057 |
128.986 | 0.000 | 0.000 | -0.099 | 0.0082 |-0.0023 |0.0000 |-0.0016 |0.0060 |
130.094 | 0.000 | 0.000 | -0.107 | 0.0086 |-0.0025 |0.0000 |-0.0017 |0.0064 |
131.179 | 0.000 | 0.000 | -0.114 | 0.0090 |-0.0026 |0.0000 |-0.0018 |0.0068 |
132.242 | 0.000 | 0.000 | -0.121 | 0.0095 |-0.0027 |0.0000 |-0.0019 |0.0072 |
133.283 | 0.000 | 0.000 | -0.129 | 0.0099 |-0.0028 |0.0000 |-0.0020 |0.0076 |
134.305 | 0.000 | 0.000 | -0.137 | 0.0103 |-0.0029 |0.0000 |-0.0021 |0.0080 |
135.308 | 0.000 | 0.000 | -0.144 | 0.0107 |-0.0030 |0.0000 |-0.0022 |0.0084 |
136.292 | 0.000 | 0.000 | -0.152 | 0.0111 |-0.0032 |0.0000 |-0.0023 |0.0087 |
137.259 | 0.000 | 0.000 | -0.160 | 0.0116 |-0.0033 |0.0000 |-0.0024 |0.0091 |
138.209 | 0.000 | 0.000 | -0.168 | 0.0120 |-0.0034 |0.0000 |-0.0025 |0.0095 |
139.143 | 0.000 | 0.000 | -0.176 | 0.0124 |-0.0035 |0.0000 |-0.0026 |0.0099 |
140.062 | 0.000 | 0.000 | -0.184 | 0.0128 |-0.0036 |0.0000 |-0.0027 |0.0103 |
140.966 | 0.000 | 0.000 | -0.192 | 0.0132 |-0.0037 |0.0000 |-0.0028 |0.0107 |
141.855 | 0.000 | 0.000 | -0.200 | 0.0136 |-0.0038 |0.0000 |-0.0029 |0.0111 |
142.731 | 0.000 | 0.000 | -0.209 | 0.0141 |-0.0040 |0.0000 |-0.0030 |0.0114 |
143.594 | 0.000 | 0.000 | -0.217 | 0.0145 |-0.0041 |0.0000 |-0.0031 |0.0118 |
144.443 | 0.000 | 0.000 | -0.225 | 0.0149 |-0.0042 |0.0000 |-0.0032 |0.0122 |
145.281 | 0.000 | 0.000 | -0.234 | 0.0153 |-0.0043 |0.0000 |-0.0033 |0.0126 |
146.106 | 0.000 | 0.000 | -0.242 | 0.0157 |-0.0044 |0.0000 |-0.0034 |0.0130 |
146.920 | 0.000 | 0.000 | -0.251 | 0.0161 |-0.0045 |0.0000 |-0.0035 |0.0134 |
147.723 | 0.000 | 0.000 | -0.259 | 0.0165 |-0.0046 |0.0000 |-0.0036 |0.0137 |
148.515 | 0.000 | 0.000 | -0.268 | 0.0170 |-0.0048 |0.0000 |-0.0037 |0.0141 |
149.296 | 0.001 | 0.000 | -0.277 | 0.0174 |-0.0049 |0.0000 |-0.0038 |0.0145 |
150.068 | 0.001 | 0.000 | -0.286 | 0.0178 |-0.0050 |0.0000 |-0.0039 |0.0149 |
150.829 | 0.001 | 0.000 | -0.294 | 0.0182 |-0.0051 |0.0000 |-0.0040 |0.0153 |
151.581 | 0.001 | 0.000 | -0.303 | 0.0186 |-0.0052 |0.0000 |-0.0041 |0.0157 |
152.323 | 0.001 | 0.000 | -0.312 | 0.0190 |-0.0053 |0.0000 |-0.0042 |0.0160 |
153.057 | 0.001 | 0.000 | -0.321 | 0.0194 |-0.0054 |0.0000 |-0.0043 |0.0164 |
153.782 | 0.001 | 0.000 | -0.330 | 0.0199 |-0.0055 |0.0000 |-0.0044 |0.0168 |
154.498 | 0.001 | 0.000 | -0.339 | 0.0203 |-0.0057 |0.0000 |-0.0045 |0.0172 |
155.207 | 0.001 | 0.000 | -0.349 | 0.0207 |-0.0058 |0.0000 |-0.0046 |0.0176 |
155.907 | 0.001 | 0.000 | -0.358 | 0.0211 |-0.0059 |0.0000 |-0.0047 |0.0180 |
156.599 | 0.001 | 0.000 | -0.367 | 0.0215 |-0.0060 |0.0000 |-0.0048 |0.0183 |
157.284 | 0.001 | 0.000 | -0.376 | 0.0219 |-0.0061 |0.0000 |-0.0049 |0.0187 |
157.961 | 0.001 | 0.000 | -0.386 | 0.0223 |-0.0062 |0.0000 |-0.0050 |0.0191 |
158.631 | 0.001 | 0.000 | -0.395 | 0.0227 |-0.0063 |0.0000 |-0.0051 |0.0195 |
159.293 | 0.001 | 0.000 | -0.404 | 0.0232 |-0.0064 |0.0000 |-0.0052 |0.0199 |
159.949 | 0.001 | 0.000 | -0.414 | 0.0236 |-0.0066 |0.0000 |-0.0053 |0.0203 |
160.599 | 0.001 | 0.000 | -0.423 | 0.0240 |-0.0067 |0.0000 |-0.0054 |0.0206 |
161.241 | 0.001 | 0.000 | -0.433 | 0.0244 |-0.0068 |0.0000 |-0.0055 |0.0210 |
161.877 | 0.001 | 0.000 | -0.443 | 0.0248 |-0.0069 |0.0000 |-0.0056 |0.0214 |
162.507 | 0.001 | 0.000 | -0.452 | 0.0252 |-0.0070 |0.0000 |-0.0057 |0.0218 |
163.131 | 0.001 | 0.000 | -0.462 | 0.0256 |-0.0071 |0.0000 |-0.0058 |0.0222 |
163.749 | 0.001 | 0.000 | -0.472 | 0.0260 |-0.0072 |0.0000 |-0.0059 |0.0225 |
164.361 | 0.001 | 0.000 | -0.481 | 0.0264 |-0.0073 |0.0000 |-0.0060 |0.0229 |
164.967 | 0.001 | 0.000 | -0.491 | 0.0269 |-0.0075 |0.0000 |-0.0061 |0.0233 |
165.568 | 0.002 | 0.000 | -0.501 | 0.0273 |-0.0076 |0.0000 |-0.0062 |0.0237 |
166.163 | 0.002 | 0.000 | -0.511 | 0.0277 |-0.0077 |0.0000 |-0.0063 |0.0241 |
166.753 | 0.002 | 0.000 | -0.521 | 0.0281 |-0.0078 |0.0000 |-0.0064 |0.0245 |
167.337 | 0.002 | 0.000 | -0.531 | 0.0285 |-0.0079 |0.0000 |-0.0065 |0.0248 |
167.916 | 0.002 | 0.000 | -0.541 | 0.0289 |-0.0080 |0.0000 |-0.0066 |0.0252 |
168.491 | 0.002 | 0.000 | -0.551 | 0.0293 |-0.0081 |0.0000 |-0.0067 |0.0256 |
169.060 | 0.002 | 0.000 | -0.561 | 0.0297 |-0.0082 |0.0000 |-0.0068 |0.0260 |
169.624 | 0.002 | 0.000 | -0.571 | 0.0301 |-0.0084 |0.0000 |-0.0069 |0.0264 |
170.184 | 0.002 | 0.000 | -0.581 | 0.0305 |-0.0085 |0.0000 |-0.0070 |0.0267 |
170.739 | 0.002 | 0.000 | -0.591 | 0.0309 |-0.0086 |0.0000 |-0.0071 |0.0271 |
171.290 | 0.002 | 0.000 | -0.602 | 0.0313 |-0.0087 |0.0000 |-0.0072 |0.0275 |
171.836 | 0.002 | 0.000 | -0.612 | 0.0318 |-0.0088 |0.0000 |-0.0073 |0.0279 |
172.378 | 0.002 | 0.000 | -0.622 | 0.0322 |-0.0089 |0.0000 |-0.0074 |0.0283 |
172.915 | 0.002 | 0.000 | -0.632 | 0.0326 |-0.0090 |0.0000 |-0.0075 |0.0286 |
173.448 | 0.002 | 0.000 | -0.643 | 0.0330 |-0.0091 |0.0000 |-0.0076 |0.0290 |
173.977 | 0.002 | 0.000 | -0.653 | 0.0334 |-0.0092 |0.0000 |-0.0077 |0.0294 |
174.502 | 0.003 | 0.000 | -0.664 | 0.0338 |-0.0094 |0.0000 |-0.0078 |0.0298 |
175.023 | 0.003 | 0.000 | -0.674 | 0.0342 |-0.0095 |0.0000 |-0.0079 |0.0302 |
175.540 | 0.003 | 0.000 | -0.685 | 0.0346 |-0.0096 |0.0000 |-0.0080 |0.0305 |
176.053 | 0.003 | 0.000 | -0.695 | 0.0350 |-0.0097 |0.0000 |-0.0081 |0.0309 |
176.562 | 0.003 | 0.000 | -0.706 | 0.0354 |-0.0098 |0.0000 |-0.0082 |0.0313 |
177.067 | 0.003 | 0.000 | -0.716 | 0.0358 |-0.0099 |0.0000 |-0.0083 |0.0317 |
177.569 | 0.003 | 0.000 | -0.727 | 0.0362 |-0.0100 |0.0000 |-0.0084 |0.0321 |
178.067 | 0.003 | 0.000 | -0.737 | 0.0366 |-0.0101 |0.0000 |-0.0085 |0.0324 |
178.561 | 0.003 | 0.000 | -0.748 | 0.0370 |-0.0102 |0.0000 |-0.0086 |0.0328 |
179.052 | 0.003 | 0.000 | -0.759 | 0.0374 |-0.0104 |0.0000 |-0.0087 |0.0332 |
179.540 | 0.003 | 0.000 | -0.770 | 0.0379 |-0.0105 |0.0000 |-0.0088 |0.0336 |
180.024 | 0.003 | 0.000 | -0.780 | 0.0383 |-0.0106 |0.0000 |-0.0089 |0.0340 |
180.505 | 0.003 | 0.000 | -0.791 | 0.0387 |-0.0107 |0.0000 |-0.0090 |0.0343 |
180.983 | 0.004 | 0.000 | -0.802 | 0.0391 |-0.0108 |0.0000 |-0.0091 |0.0347 |
181.457 | 0.004 | 0.000 | -0.813 | 0.0395 |-0.0109 |0.0000 |-0.0092 |0.0351 |
181.929 | 0.004 | 0.000 | -0.824 | 0.0399 |-0.0110 |0.0000 |-0.0093 |0.0355 |
182.397 | 0.004 | 0.000 | -0.835 | 0.0403 |-0.0111 |0.0000 |-0.0094 |0.0359 |
182.862 | 0.004 | 0.000 | -0.845 | 0.0407 |-0.0112 |0.0000 |-0.0095 |0.0362 |
183.324 | 0.004 | 0.000 | -0.856 | 0.0411 |-0.0113 |0.0000 |-0.0096 |0.0366 |
183.783 | 0.004 | 0.000 | -0.867 | 0.0415 |-0.0115 |0.0000 |-0.0097 |0.0370 |
184.239 | 0.004 | 0.000 | -0.878 | 0.0419 |-0.0116 |0.0000 |-0.0098 |0.0374 |
184.692 | 0.004 | 0.000 | -0.889 | 0.0423 |-0.0117 |0.0000 |-0.0099 |0.0377 |
185.142 | 0.004 | 0.000 | -0.901 | 0.0427 |-0.0118 |0.0000 |-0.0100 |0.0381 |
185.590 | 0.004 | 0.000 | -0.912 | 0.0431 |-0.0119 |0.0000 |-0.0101 |0.0385 |
186.034 | 0.005 | 0.000 | -0.923 | 0.0435 |-0.0120 |0.0000 |-0.0102 |0.0389 |
186.476 | 0.005 | 0.000 | -0.934 | 0.0439 |-0.0121 |0.0000 |-0.0103 |0.0393 |
186.915 | 0.005 | 0.000 | -0.945 | 0.0443 |-0.0122 |0.0000 |-0.0104 |0.0396 |
187.352 | 0.005 | 0.000 | -0.956 | 0.0447 |-0.0123 |0.0000 |-0.0105 |0.0400 |
187.786 | 0.005 | 0.000 | -0.967 | 0.0451 |-0.0124 |0.0000 |-0.0106 |0.0404 |
188.217 | 0.005 | 0.000 | -0.979 | 0.0455 |-0.0126 |0.0000 |-0.0107 |0.0408 |
188.646 | 0.005 | 0.000 | -0.990 | 0.0459 |-0.0127 |0.0000 |-0.0108 |0.0411 |
189.072 | 0.005 | 0.000 | -1.001 | 0.0463 |-0.0128 |0.0000 |-0.0109 |0.0415 |
189.496 | 0.005 | 0.000 | -1.013 | 0.0467 |-0.0129 |0.0000 |-0.0110 |0.0419 |
189.917 | 0.006 | 0.000 | -1.024 | 0.0471 |-0.0130 |0.0000 |-0.0111 |0.0423 |
190.336 | 0.006 | 0.000 | -1.035 | 0.0475 |-0.0131 |0.0000 |-0.0112 |0.0427 |
190.752 | 0.006 | 0.000 | -1.047 | 0.0479 |-0.0132 |0.0000 |-0.0113 |0.0430 |
191.166 | 0.006 | 0.000 | -1.058 | 0.0483 |-0.0133 |0.0000 |-0.0114 |0.0434 |
191.578 | 0.006 | 0.000 | -1.070 | 0.0487 |-0.0134 |0.0000 |-0.0115 |0.0438 |
191.988 | 0.006 | 0.000 | -1.081 | 0.0491 |-0.0135 |0.0000 |-0.0116 |0.0442 |
192.395 | 0.006 | 0.000 | -1.093 | 0.0495 |-0.0136 |0.0000 |-0.0117 |0.0445 |
192.800 | 0.006 | 0.000 | -1.104 | 0.0500 |-0.0138 |0.0000 |-0.0118 |0.0449 |
193.203 | 0.006 | 0.000 | -1.116 | 0.0504 |-0.0139 |0.0000 |-0.0119 |0.0453 |
193.603 | 0.007 | 0.000 | -1.127 | 0.0508 |-0.0140 |0.0000 |-0.0120 |0.0457 |
194.002 | 0.007 | 0.000 | -1.139 | 0.0512 |-0.0141 |0.0000 |-0.0121 |0.0460 |
194.398 | 0.007 | 0.000 | -1.150 | 0.0516 |-0.0142 |0.0000 |-0.0122 |0.0464 |
194.792 | 0.007 | 0.000 | -1.162 | 0.0520 |-0.0143 |0.0000 |-0.0123 |0.0468 |
195.185 | 0.007 | 0.000 | -1.174 | 0.0524 |-0.0144 |0.0000 |-0.0124 |0.0472 |
195.575 | 0.007 | 0.000 | -1.185 | 0.0528 |-0.0145 |0.0000 |-0.0125 |0.0476 |
195.963 | 0.007 | 0.000 | -1.197 | 0.0532 |-0.0146 |0.0000 |-0.0126 |0.0479 |
196.349 | 0.007 | 0.000 | -1.209 | 0.0536 |-0.0147 |0.0000 |-0.0127 |0.0483 |
196.733 | 0.008 | 0.000 | -1.220 | 0.0540 |-0.0148 |0.0000 |-0.0128 |0.0487 |
197.115 | 0.008 | 0.000 | -1.232 | 0.0544 |-0.0150 |0.0000 |-0.0129 |0.0491 |
197.495 | 0.008 | 0.000 | -1.244 | 0.0548 |-0.0151 |0.0000 |-0.0130 |0.0494 |
197.873 | 0.008 | 0.000 | -1.256 | 0.0552 |-0.0152 |0.0000 |-0.0131 |0.0498 |
198.249 | 0.008 | 0.000 | -1.267 | 0.0556 |-0.0153 |0.0000 |-0.0132 |0.0502 |
198.624 | 0.008 | 0.000 | -1.279 | 0.0560 |-0.0154 |0.0000 |-0.0133 |0.0506 |
198.996 | 0.008 | 0.000 | -1.291 | 0.0564 |-0.0155 |0.0000 |-0.0134 |0.0509 |
199.367 | 0.009 | 0.000 | -1.303 | 0.0568 |-0.0156 |0.0000 |-0.0136 |0.0513 |
199.736 | 0.009 | 0.000 | -1.315 | 0.0572 |-0.0157 |0.0000 |-0.0137 |0.0517 |
200.103 | 0.009 | 0.000 | -1.327 | 0.0575 |-0.0158 |0.0000 |-0.0138 |0.0521 |
200.468 | 0.009 | 0.000 | -1.339 | 0.0579 |-0.0159 |0.0000 |-0.0139 |0.0524 |
200.832 | 0.009 | 0.000 | -1.351 | 0.0583 |-0.0160 |0.0000 |-0.0140 |0.0528 |
201.194 | 0.009 | 0.000 | -1.363 | 0.0587 |-0.0161 |0.0000 |-0.0141 |0.0532 |
201.554 | 0.009 | 0.000 | -1.375 | 0.0591 |-0.0163 |0.0000 |-0.0142 |0.0535 |
201.913 | 0.010 | 0.000 | -1.387 | 0.0595 |-0.0164 |0.0000 |-0.0143 |0.0539 |
202.269 | 0.010 | 0.000 | -1.399 | 0.0599 |-0.0165 |0.0000 |-0.0144 |0.0543 |
202.625 | 0.010 | 0.000 | -1.411 | 0.0603 |-0.0166 |0.0000 |-0.0145 |0.0547 |
202.978 | 0.010 | 0.000 | -1.423 | 0.0607 |-0.0167 |0.0000 |-0.0146 |0.0550 |
203.330 | 0.010 | 0.000 | -1.435 | 0.0611 |-0.0168 |0.0000 |-0.0147 |0.0554 |
203.680 | 0.010 | 0.000 | -1.447 | 0.0615 |-0.0169 |0.0000 |-0.0148 |0.0558 |
204.029 | 0.010 | 0.000 | -1.459 | 0.0619 |-0.0170 |0.0000 |-0.0149 |0.0562 |
204.376 | 0.011 | 0.000 | -1.471 | 0.0623 |-0.0171 |0.0000 |-0.0150 |0.0565 |
204.722 | 0.011 | 0.000 | -1.483 | 0.0627 |-0.0172 |0.0000 |-0.0151 |0.0569 |
205.066 | 0.011 | 0.000 | -1.496 | 0.0631 |-0.0173 |0.0000 |-0.0152 |0.0573 |
205.408 | 0.011 | 0.000 | -1.508 | 0.0635 |-0.0174 |0.0000 |-0.0153 |0.0577 |
205.749 | 0.011 | 0.000 | -1.520 | 0.0639 |-0.0175 |0.0000 |-0.0154 |0.0580 |
206.089 | 0.011 | 0.000 | -1.532 | 0.0643 |-0.0177 |0.0000 |-0.0155 |0.0584 |
206.426 | 0.012 | 0.000 | -1.544 | 0.0647 |-0.0178 |0.0000 |-0.0156 |0.0588 |
206.763 | 0.012 | 0.000 | -1.557 | 0.0651 |-0.0179 |0.0000 |-0.0157 |0.0592 |
207.098 | 0.012 | 0.000 | -1.569 | 0.0655 |-0.0180 |0.0000 |-0.0158 |0.0595 |
207.432 | 0.012 | 0.000 | -1.581 | 0.0659 |-0.0181 |0.0000 |-0.0159 |0.0599 |
207.764 | 0.012 | 0.000 | -1.594 | 0.0663 |-0.0182 |0.0000 |-0.0160 |0.0603 |
208.095 | 0.012 | 0.000 | -1.606 | 0.0667 |-0.0183 |0.0000 |-0.0161 |0.0606 |
208.424 | 0.013 | 0.000 | -1.618 | 0.0671 |-0.0184 |0.0000 |-0.0162 |0.0610 |
208.752 | 0.013 | 0.000 | -1.631 | 0.0675 |-0.0185 |0.0000 |-0.0163 |0.0614 |
209.078 | 0.013 | 0.000 | -1.643 | 0.0679 |-0.0186 |0.0000 |-0.0164 |0.0618 |
209.404 | 0.013 | 0.000 | -1.655 | 0.0683 |-0.0187 |0.0000 |-0.0165 |0.0621 |
209.728 | 0.013 | 0.000 | -1.668 | 0.0687 |-0.0188 |0.0000 |-0.0166 |0.0625 |
210.050 | 0.013 | 0.000 | -1.680 | 0.0691 |-0.0189 |0.0000 |-0.0167 |0.0629 |
210.371 | 0.014 | 0.000 | -1.693 | 0.0695 |-0.0190 |0.0000 |-0.0168 |0.0632 |
210.691 | 0.014 | 0.000 | -1.705 | 0.0699 |-0.0192 |0.0000 |-0.0169 |0.0636 |
211.010 | 0.014 | 0.000 | -1.718 | 0.0702 |-0.0193 |0.0000 |-0.0170 |0.0640 |
211.327 | 0.014 | 0.000 | -1.730 | 0.0706 |-0.0194 |0.0000 |-0.0171 |0.0644 |
211.643 | 0.014 | 0.000 | -1.743 | 0.0710 |-0.0195 |0.0000 |-0.0172 |0.0647 |
211.958 | 0.015 | 0.000 | -1.755 | 0.0714 |-0.0196 |0.0000 |-0.0173 |0.0651 |
212.272 | 0.015 | 0.000 | -1.768 | 0.0718 |-0.0197 |0.0000 |-0.0174 |0.0655 |
212.584 | 0.015 | 0.000 | -1.780 | 0.0722 |-0.0198 |0.0000 |-0.0175 |0.0658 |
212.895 | 0.015 | 0.000 | -1.793 | 0.0726 |-0.0199 |0.0000 |-0.0176 |0.0662 |
213.205 | 0.015 | 0.000 | -1.805 | 0.0730 |-0.0200 |0.0000 |-0.0177 |0.0666 |
213.514 | 0.015 | 0.000 | -1.818 | 0.0734 |-0.0201 |0.0000 |-0.0178 |0.0670 |
213.821 | 0.016 | 0.000 | -1.831 | 0.0738 |-0.0202 |0.0000 |-0.0179 |0.0673 |
214.128 | 0.016 | 0.000 | -1.843 | 0.0742 |-0.0203 |0.0000 |-0.0180 |0.0677 |
214.433 | 0.016 | 0.000 | -1.856 | 0.0746 |-0.0204 |0.0000 |-0.0181 |0.0681 |
214.737 | 0.016 | 0.000 | -1.869 | 0.0750 |-0.0205 |0.0000 |-0.0182 |0.0684 |
215.039 | 0.016 | 0.000 | -1.881 | 0.0754 |-0.0206 |0.0000 |-0.0184 |0.0688 |
215.341 | 0.017 | 0.000 | -1.894 | 0.0758 |-0.0207 |0.0000 |-0.0185 |0.0692 |
215.642 | 0.017 | 0.000 | -1.907 | 0.0762 |-0.0209 |0.0000 |-0.0186 |0.0695 |
215.941 | 0.017 | 0.000 | -1.919 | 0.0765 |-0.0210 |0.0000 |-0.0187 |0.0699 |
216.239 | 0.017 | 0.000 | -1.932 | 0.0769 |-0.0211 |0.0000 |-0.0188 |0.0703 |
216.536 | 0.017 | 0.000 | -1.945 | 0.0773 |-0.0212 |0.0000 |-0.0189 |0.0707 |
216.832 | 0.018 | 0.000 | -1.958 | 0.0777 |-0.0213 |0.0000 |-0.0190 |0.0710 |
217.127 | 0.018 | 0.000 | -1.970 | 0.0781 |-0.0214 |0.0000 |-0.0191 |0.0714 |
217.421 | 0.018 | 0.000 | -1.983 | 0.0785 |-0.0215 |0.0000 |-0.0192 |0.0718 |
217.714 | 0.018 | 0.000 | -1.996 | 0.0789 |-0.0216 |0.0000 |-0.0193 |0.0721 |
218.006 | 0.019 | 0.000 | -2.009 | 0.0793 |-0.0217 |0.0000 |-0.0194 |0.0725 |
218.297 | 0.019 | 0.000 | -2.022 | 0.0797 |-0.0218 |0.0000 |-0.0195 |0.0729 |
218.586 | 0.019 | 0.000 | -2.034 | 0.0801 |-0.0219 |0.0000 |-0.0196 |0.0732 |
218.875 | 0.019 | 0.000 | -2.047 | 0.0805 |-0.0220 |0.0000 |-0.0197 |0.0736 |
219.162 | 0.019 | 0.000 | -2.060 | 0.0809 |-0.0221 |0.0000 |-0.0198 |0.0740 |
219.449 | 0.020 | 0.000 | -2.073 | 0.0813 |-0.0222 |0.0000 |-0.0199 |0.0743 |
219.734 | 0.020 | 0.000 | -2.086 | 0.0816 |-0.0223 |0.0000 |-0.0200 |0.0747 |
220.019 | 0.020 | 0.000 | -2.099 | 0.0820 |-0.0224 |0.0000 |-0.0201 |0.0751 |
220.302 | 0.020 | 0.000 | -2.112 | 0.0824 |-0.0225 |0.0000 |-0.0202 |0.0755 |
220.585 | 0.020 | 0.000 | -2.125 | 0.0828 |-0.0227 |0.0000 |-0.0203 |0.0758 |
220.866 | 0.021 | 0.000 | -2.138 | 0.0832 |-0.0228 |0.0000 |-0.0204 |0.0762 |
221.147 | 0.021 | 0.000 | -2.151 | 0.0836 |-0.0229 |0.0000 |-0.0205 |0.0766 |
221.427 | 0.021 | 0.000 | -2.164 | 0.0840 |-0.0230 |0.0000 |-0.0206 |0.0769 |
221.705 | 0.021 | 0.000 | -2.177 | 0.0844 |-0.0231 |0.0000 |-0.0207 |0.0773 |
221.983 | 0.022 | 0.000 | -2.190 | 0.0848 |-0.0232 |0.0000 |-0.0208 |0.0777 |
222.260 | 0.022 | 0.000 | -2.203 | 0.0852 |-0.0233 |0.0000 |-0.0209 |0.0780 |
222.535 | 0.022 | 0.000 | -2.216 | 0.0856 |-0.0234 |0.0000 |-0.0210 |0.0784 |
222.810 | 0.022 | 0.000 | -2.229 | 0.0859 |-0.0235 |0.0000 |-0.0211 |0.0788 |
223.084 | 0.023 | 0.000 | -2.242 | 0.0863 |-0.0236 |0.0000 |-0.0212 |0.0791 |
223.357 | 0.023 | 0.000 | -2.255 | 0.0867 |-0.0237 |0.0000 |-0.0213 |0.0795 |
223.629 | 0.023 | 0.000 | -2.268 | 0.0871 |-0.0238 |0.0000 |-0.0214 |0.0799 |
223.901 | 0.023 | 0.000 | -2.281 | 0.0875 |-0.0239 |0.0000 |-0.0215 |0.0802 |
224.171 | 0.023 | 0.000 | -2.294 | 0.0879 |-0.0240 |0.0000 |-0.0216 |0.0806 |
224.440 | 0.024 | 0.000 | -2.307 | 0.0883 |-0.0241 |0.0000 |-0.0217 |0.0810 |
224.709 | 0.024 | 0.000 | -2.320 | 0.0887 |-0.0242 |0.0000 |-0.0218 |0.0813 |
224.977 | 0.024 | 0.000 | -2.333 | 0.0891 |-0.0243 |0.0000 |-0.0219 |0.0817 |
225.243 | 0.024 | 0.000 | -2.347 | 0.0894 |-0.0244 |0.0000 |-0.0220 |0.0821 |
225.509 | 0.025 | 0.000 | -2.360 | 0.0898 |-0.0245 |0.0000 |-0.0221 |0.0824 |
225.775 | 0.025 | 0.000 | -2.373 | 0.0902 |-0.0247 |0.0000 |-0.0223 |0.0828 |
226.039 | 0.025 | 0.000 | -2.386 | 0.0906 |-0.0248 |0.0000 |-0.0224 |0.0832 |
226.302 | 0.025 | 0.000 | -2.399 | 0.0910 |-0.0249 |0.0000 |-0.0225 |0.0835 |
226.565 | 0.026 | 0.000 | -2.413 | 0.0914 |-0.0250 |0.0000 |-0.0226 |0.0839 |
226.826 | 0.026 | 0.000 | -2.426 | 0.0918 |-0.0251 |0.0000 |-0.0227 |0.0843 |
227.087 | 0.026 | 0.000 | -2.439 | 0.0922 |-0.0252 |0.0000 |-0.0228 |0.0846 |
227.347 | 0.026 | 0.000 | -2.452 | 0.0926 |-0.0253 |0.0000 |-0.0229 |0.0850 |
227.607 | 0.027 | 0.000 | -2.465 | 0.0929 |-0.0254 |0.0000 |-0.0230 |0.0854 |
227.865 | 0.027 | 0.000 | -2.479 | 0.0933 |-0.0255 |0.0000 |-0.0231 |0.0857 |
228.123 | 0.027 | 0.000 | -2.492 | 0.0937 |-0.0256 |0.0000 |-0.0232 |0.0861 |
228.379 | 0.027 | 0.000 | -2.505 | 0.0941 |-0.0257 |0.0000 |-0.0233 |0.0865 |
228.636 | 0.028 | 0.000 | -2.519 | 0.0945 |-0.0258 |0.0000 |-0.0234 |0.0868 |
228.891 | 0.028 | 0.000 | -2.532 | 0.0949 |-0.0259 |0.0000 |-0.0235 |0.0872 |
229.145 | 0.028 | 0.000 | -2.545 | 0.0953 |-0.0260 |0.0000 |-0.0236 |0.0876 |
229.399 | 0.029 | 0.000 | -2.559 | 0.0957 |-0.0261 |0.0000 |-0.0237 |0.0879 |
229.652 | 0.029 | 0.000 | -2.572 | 0.0960 |-0.0262 |0.0000 |-0.0238 |0.0883 |
229.904 | 0.029 | 0.000 | -2.585 | 0.0964 |-0.0263 |0.0000 |-0.0239 |0.0887 |
230.155 | 0.029 | 0.000 | -2.599 | 0.0968 |-0.0264 |0.0000 |-0.0240 |0.0890 |
230.406 | 0.030 | 0.000 | -2.612 | 0.0972 |-0.0265 |0.0000 |-0.0241 |0.0894 |
230.656 | 0.030 | 0.000 | -2.625 | 0.0976 |-0.0266 |0.0000 |-0.0242 |0.0898 |
230.905 | 0.030 | 0.000 | -2.639 | 0.0980 |-0.0267 |0.0000 |-0.0243 |0.0901 |
231.153 | 0.030 | 0.000 | -2.652 | 0.0984 |-0.0268 |0.0000 |-0.0244 |0.0905 |
231.401 | 0.031 | 0.000 | -2.666 | 0.0988 |-0.0269 |0.0000 |-0.0245 |0.0908 |
231.648 | 0.031 | 0.000 | -2.679 | 0.0991 |-0.0270 |0.0000 |-0.0246 |0.0912 |
231.894 | 0.031 | 0.000 | -2.692 | 0.0995 |-0.0272 |0.0000 |-0.0247 |0.0916 |
232.140 | 0.032 | 0.000 | -2.706 | 0.0999 |-0.0273 |0.0000 |-0.0248 |0.0919 |
232.384 | 0.032 | 0.000 | -2.719 | 0.1003 |-0.0274 |0.0000 |-0.0249 |0.0923 |
232.628 | 0.032 | 0.000 | -2.733 | 0.1007 |-0.0275 |0.0000 |-0.0250 |0.0927 |
232.872 | 0.032 | 0.000 | -2.746 | 0.1011 |-0.0276 |0.0000 |-0.0251 |0.0930 |
233.114 | 0.033 | 0.000 | -2.760 | 0.1015 |-0.0277 |0.0000 |-0.0252 |0.0934 |
233.356 | 0.033 | 0.000 | -2.773 | 0.1018 |-0.0278 |0.0000 |-0.0253 |0.0938 |
233.597 | 0.033 | 0.000 | -2.787 | 0.1022 |-0.0279 |0.0000 |-0.0254 |0.0941 |
233.838 | 0.034 | 0.000 | -2.800 | 0.1026 |-0.0280 |0.0000 |-0.0255 |0.0945 |
234.078 | 0.034 | 0.000 | -2.814 | 0.1030 |-0.0281 |0.0000 |-0.0257 |0.0948 |
234.317 | 0.034 | 0.000 | -2.827 | 0.1034 |-0.0282 |0.0000 |-0.0258 |0.0952 |
234.555 | 0.034 | 0.000 | -2.841 | 0.1038 |-0.0283 |0.0000 |-0.0259 |0.0956 |
234.793 | 0.035 | 0.000 | -2.854 | 0.1042 |-0.0284 |0.0000 |-0.0260 |0.0959 |
235.030 | 0.035 | 0.000 | -2.868 | 0.1045 |-0.0285 |0.0000 |-0.0261 |0.0963 |
235.267 | 0.035 | 0.000 | -2.882 | 0.1049 |-0.0286 |0.0000 |-0.0262 |0.0967 |
235.503 | 0.036 | 0.000 | -2.895 | 0.1053 |-0.0287 |0.0000 |-0.0263 |0.0970 |
235.738 | 0.036 | 0.000 | -2.909 | 0.1057 |-0.0288 |0.0000 |-0.0264 |0.0974 |
235.972 | 0.036 | 0.000 | -2.922 | 0.1061 |-0.0289 |0.0000 |-0.0265 |0.0978 |
236.206 | 0.036 | 0.000 | -2.936 | 0.1065 |-0.0290 |0.0000 |-0.0266 |0.0981 |
236.439 | 0.037 | 0.000 | -2.950 | 0.1068 |-0.0291 |0.0000 |-0.0267 |0.0985 |
236.672 | 0.037 | 0.000 | -2.963 | 0.1072 |-0.0292 |0.0000 |-0.0268 |0.0988 |
236.904 | 0.037 | 0.000 | -2.977 | 0.1076 |-0.0293 |0.0000 |-0.0269 |0.0992 |
237.135 | 0.038 | 0.000 | -2.990 | 0.1080 |-0.0294 |0.0000 |-0.0270 |0.0996 |
237.366 | 0.038 | 0.000 | -3.004 | 0.1084 |-0.0295 |0.0000 |-0.0271 |0.0999 |
237.596 | 0.038 | 0.000 | -3.018 | 0.1088 |-0.0296 |0.0000 |-0.0272 |0.1003 |
237.825 | 0.039 | 0.000 | -3.031 | 0.1091 |-0.0297 |0.0000 |-0.0273 |0.1007 |
238.054 | 0.039 | 0.000 | -3.045 | 0.1095 |-0.0298 |0.0000 |-0.0274 |0.1010 |
238.282 | 0.039 | 0.000 | -3.059 | 0.1099 |-0.0299 |0.0000 |-0.0275 |0.1014 |
238.510 | 0.040 | 0.000 | -3.073 | 0.1103 |-0.0300 |0.0000 |-0.0276 |0.1017 |
238.736 | 0.040 | 0.000 | -3.086 | 0.1107 |-0.0301 |0.0000 |-0.0277 |0.1021 |
238.963 | 0.040 | 0.000 | -3.100 | 0.1111 |-0.0303 |0.0000 |-0.0278 |0.1025 |
239.189 | 0.041 | 0.000 | -3.114 | 0.1114 |-0.0304 |0.0000 |-0.0279 |0.1028 |
239.414 | 0.041 | 0.000 | -3.127 | 0.1118 |-0.0305 |0.0000 |-0.0280 |0.1032 |
239.638 | 0.041 | 0.000 | -3.141 | 0.1122 |-0.0306 |0.0000 |-0.0281 |0.1035 |
239.862 | 0.041 | 0.000 | -3.155 | 0.1126 |-0.0307 |0.0000 |-0.0282 |0.1039 |
240.086 | 0.042 | 0.000 | -3.169 | 0.1130 |-0.0308 |0.0000 |-0.0283 |0.1043 |
240.308 | 0.042 | 0.000 | -3.182 | 0.1134 |-0.0309 |0.0000 |-0.0284 |0.1046 |
240.531 | 0.042 | 0.000 | -3.196 | 0.1137 |-0.0310 |0.0000 |-0.0285 |0.1050 |
240.752 | 0.043 | 0.000 | -3.210 | 0.1141 |-0.0311 |0.0000 |-0.0287 |0.1053 |
240.973 | 0.043 | 0.000 | -3.224 | 0.1145 |-0.0312 |0.0000 |-0.0288 |0.1057 |
241.194 | 0.043 | 0.000 | -3.238 | 0.1149 |-0.0313 |0.0000 |-0.0289 |0.1061 |
241.414 | 0.044 | 0.000 | -3.251 | 0.1153 |-0.0314 |0.0000 |-0.0290 |0.1064 |
241.633 | 0.044 | 0.000 | -3.265 | 0.1157 |-0.0315 |0.0000 |-0.0291 |0.1068 |
241.852 | 0.044 | 0.000 | -3.279 | 0.1160 |-0.0316 |0.0000 |-0.0292 |0.1072 |
242.070 | 0.045 | 0.000 | -3.293 | 0.1164 |-0.0317 |0.0000 |-0.0293 |0.1075 |
242.288 | 0.045 | 0.000 | -3.307 | 0.1168 |-0.0318 |0.0000 |-0.0294 |0.1079 |
242.505 | 0.045 | 0.000 | -3.321 | 0.1172 |-0.0319 |0.0000 |-0.0295 |0.1082 |
242.722 | 0.046 | 0.000 | -3.334 | 0.1176 |-0.0320 |0.0000 |-0.0296 |0.1086 |
242.938 | 0.046 | 0.000 | -3.348 | 0.1179 |-0.0321 |0.0000 |-0.0297 |0.1090 |
243.153 | 0.046 | 0.000 | -3.362 | 0.1183 |-0.0322 |0.0000 |-0.0298 |0.1093 |
243.368 | 0.047 | 0.000 | -3.376 | 0.1187 |-0.0323 |0.0000 |-0.0299 |0.1097 |
243.583 | 0.047 | 0.000 | -3.390 | 0.1191 |-0.0324 |0.0000 |-0.0300 |0.1100 |
243.796 | 0.048 | 0.000 | -3.404 | 0.1195 |-0.0325 |0.0000 |-0.0301 |0.1104 |
244.010 | 0.048 | 0.000 | -3.418 | 0.1198 |-0.0326 |0.0000 |-0.0302 |0.1107 |
244.223 | 0.048 | 0.000 | -3.432 | 0.1202 |-0.0327 |0.0000 |-0.0303 |0.1111 |
244.435 | 0.049 | 0.000 | -3.446 | 0.1206 |-0.0328 |0.0000 |-0.0304 |0.1115 |
244.647 | 0.049 | 0.000 | -3.460 | 0.1210 |-0.0329 |0.0000 |-0.0305 |0.1118 |
244.858 | 0.049 | 0.000 | -3.473 | 0.1214 |-0.0330 |0.0000 |-0.0306 |0.1122 |
245.069 | 0.050 | 0.000 | -3.487 | 0.1217 |-0.0331 |0.0000 |-0.0307 |0.1125 |
245.279 | 0.050 | 0.000 | -3.501 | 0.1221 |-0.0332 |0.0000 |-0.0308 |0.1129 |
245.489 | 0.050 | 0.000 | -3.515 | 0.1225 |-0.0333 |0.0000 |-0.0309 |0.1133 |
245.698 | 0.051 | 0.000 | -3.529 | 0.1229 |-0.0334 |0.0000 |-0.0310 |0.1136 |
245.907 | 0.051 | 0.000 | -3.543 | 0.1233 |-0.0335 |0.0000 |-0.0311 |0.1140 |
246.115 | 0.051 | 0.000 | -3.557 | 0.1236 |-0.0336 |0.0000 |-0.0312 |0.1143 |
246.323 | 0.052 | 0.000 | -3.571 | 0.1240 |-0.0337 |0.0000 |-0.0313 |0.1147 |
246.530 | 0.052 | 0.000 | -3.585 | 0.1244 |-0.0338 |0.0000 |-0.0314 |0.1151 |
246.737 | 0.053 | 0.000 | -3.599 | 0.1248 |-0.0339 |0.0000 |-0.0316 |0.1154 |
246.943 | 0.053 | 0.000 | -3.613 | 0.1252 |-0.0340 |0.0000 |-0.0317 |0.1158 |
247.149 | 0.053 | 0.000 | -3.627 | 0.1255 |-0.0341 |0.0000 |-0.0318 |0.1161 |
247.354 | 0.054 | 0.000 | -3.641 | 0.1259 |-0.0342 |0.0000 |-0.0319 |0.1165 |
247.559 | 0.054 | 0.000 | -3.655 | 0.1263 |-0.0343 |0.0000 |-0.0320 |0.1168 |
247.763 | 0.054 | 0.000 | -3.669 | 0.1267 |-0.0344 |0.0000 |-0.0321 |0.1172 |
247.967 | 0.055 | 0.000 | -3.683 | 0.1271 |-0.0345 |0.0000 |-0.0322 |0.1176 |
248.170 | 0.055 | 0.000 | -3.697 | 0.1274 |-0.0346 |0.0000 |-0.0323 |0.1179 |
248.373 | 0.056 | 0.000 | -3.712 | 0.1278 |-0.0347 |0.0000 |-0.0324 |0.1183 |
248.575 | 0.056 | 0.000 | -3.726 | 0.1282 |-0.0348 |0.0000 |-0.0325 |0.1186 |
248.777 | 0.056 | 0.000 | -3.740 | 0.1286 |-0.0349 |0.0000 |-0.0326 |0.1190 |
248.979 | 0.057 | 0.000 | -3.754 | 0.1290 |-0.0350 |0.0000 |-0.0327 |0.1194 |
249.179 | 0.057 | 0.000 | -3.768 | 0.1293 |-0.0351 |0.0000 |-0.0328 |0.1197 |
249.380 | 0.058 | 0.000 | -3.782 | 0.1297 |-0.0352 |0.0000 |-0.0329 |0.1201 |
249.580 | 0.058 | 0.000 | -3.796 | 0.1301 |-0.0353 |0.0000 |-0.0330 |0.1204 |
249.779 | 0.058 | 0.000 | -3.810 | 0.1305 |-0.0354 |0.0000 |-0.0331 |0.1208 |
249.978 | 0.059 | 0.000 | -3.824 | 0.1308 |-0.0355 |0.0000 |-0.0332 |0.1211 |
250.176 | 0.059 | 0.000 | -3.839 | 0.1312 |-0.0356 |0.0000 |-0.0333 |0.1215 |
250.374 | 0.060 | 0.000 | -3.853 | 0.1316 |-0.0357 |0.0000 |-0.0334 |0.1219 |
250.571 | 0.060 | 0.000 | -3.867 | 0.1320 |-0.0358 |0.0000 |-0.0335 |0.1222 |
250.673 | 0.060 | 0.000 | -3.874 | 0.1322 |-0.0359 |0.0000 |-0.0336 |0.1224 |
