Test angle: 0
Mesh element_496 : S11 | S22 | S33 | S12 | E11 | E22 | E33 | 2*E12 | EPbar 
0.000 | 0.000 | 0.000 | 0.000 | 0.0000 |0.0000 |0.0000 |0.0000 |0.0000 |
0.503 | -0.000 | 0.000 | -0.000 | 0.0000 |-0.0000 |0.0000 |-0.0000 |0.0000 |
1.005 | -0.000 | 0.000 | -0.000 | 0.0000 |-0.0000 |0.0000 |-0.0000 |0.0000 |
1.759 | -0.000 | 0.000 | -0.000 | 0.0000 |-0.0000 |0.0000 |-0.0000 |0.0000 |
2.891 | -0.000 | 0.000 | -0.000 | 0.0000 |-0.0000 |0.0000 |-0.0000 |0.0000 |
4.587 | -0.000 | 0.000 | -0.000 | 0.0001 |-0.0000 |0.0000 |-0.0000 |0.0000 |
7.132 | -0.000 | 0.000 | -0.000 | 0.0001 |-0.0000 |0.0000 |-0.0000 |0.0000 |
10.949 | -0.000 | 0.000 | -0.000 | 0.0002 |-0.0001 |0.0000 |-0.0000 |0.0000 |
16.675 | -0.000 | 0.000 | -0.000 | 0.0002 |-0.0001 |0.0000 |-0.0000 |0.0000 |
25.262 | -0.000 | 0.000 | -0.000 | 0.0004 |-0.0001 |0.0000 |-0.0000 |0.0000 |
38.142 | -0.000 | 0.000 | -0.000 | 0.0005 |-0.0002 |0.0000 |-0.0000 |0.0000 |
57.458 | -0.000 | 0.000 | -0.000 | 0.0008 |-0.0003 |0.0000 |-0.0000 |0.0000 |
82.576 | -0.000 | 0.000 | -0.000 | 0.0012 |-0.0004 |0.0000 |-0.0000 |0.0000 |
107.683 | -0.000 | 0.000 | -0.000 | 0.0015 |-0.0005 |0.0000 |-0.0000 |0.0000 |
114.319 | -0.000 | 0.000 | -0.000 | 0.0020 |-0.0007 |0.0000 |-0.0000 |0.0003 |
116.193 | -0.000 | 0.000 | -0.000 | 0.0024 |-0.0008 |0.0000 |-0.0000 |0.0007 |
117.983 | -0.000 | 0.000 | -0.000 | 0.0028 |-0.0010 |0.0000 |-0.0000 |0.0012 |
119.701 | -0.000 | 0.000 | -0.000 | 0.0033 |-0.0011 |0.0000 |-0.0000 |0.0016 |
121.356 | -0.000 | 0.000 | -0.000 | 0.0037 |-0.0013 |0.0000 |-0.0000 |0.0020 |
122.954 | -0.000 | 0.000 | -0.000 | 0.0041 |-0.0014 |0.0000 |-0.0000 |0.0024 |
124.500 | -0.000 | 0.000 | -0.000 | 0.0046 |-0.0015 |0.0000 |-0.0000 |0.0028 |
125.999 | -0.000 | 0.000 | -0.000 | 0.0050 |-0.0017 |0.0000 |-0.0000 |0.0032 |
127.453 | -0.000 | 0.000 | -0.000 | 0.0054 |-0.0018 |0.0000 |-0.0000 |0.0036 |
128.867 | -0.000 | 0.000 | -0.000 | 0.0058 |-0.0020 |0.0000 |-0.0000 |0.0040 |
130.243 | -0.000 | 0.000 | -0.000 | 0.0063 |-0.0021 |0.0000 |-0.0000 |0.0044 |
131.583 | -0.000 | 0.000 | -0.000 | 0.0067 |-0.0023 |0.0000 |-0.0000 |0.0048 |
132.890 | -0.000 | 0.000 | -0.000 | 0.0071 |-0.0024 |0.0000 |-0.0000 |0.0052 |
134.165 | -0.000 | 0.000 | -0.000 | 0.0075 |-0.0026 |0.0000 |-0.0000 |0.0056 |
135.411 | -0.000 | 0.000 | -0.000 | 0.0079 |-0.0027 |0.0000 |-0.0000 |0.0060 |
136.629 | -0.000 | 0.000 | -0.000 | 0.0084 |-0.0029 |0.0000 |-0.0000 |0.0064 |
137.820 | -0.000 | 0.000 | -0.000 | 0.0088 |-0.0030 |0.0000 |-0.0000 |0.0068 |
138.986 | -0.000 | 0.000 | -0.000 | 0.0092 |-0.0031 |0.0000 |-0.0000 |0.0072 |
140.128 | -0.000 | 0.000 | -0.000 | 0.0096 |-0.0033 |0.0000 |-0.0000 |0.0076 |
141.248 | 0.000 | 0.000 | -0.000 | 0.0100 |-0.0034 |0.0000 |-0.0000 |0.0080 |
142.346 | -0.000 | 0.000 | -0.000 | 0.0104 |-0.0036 |0.0000 |-0.0000 |0.0084 |
143.423 | 0.000 | 0.000 | -0.000 | 0.0109 |-0.0037 |0.0000 |-0.0000 |0.0088 |
144.480 | -0.000 | 0.000 | -0.000 | 0.0113 |-0.0039 |0.0000 |-0.0000 |0.0092 |
145.519 | -0.000 | 0.000 | -0.000 | 0.0117 |-0.0040 |0.0000 |-0.0000 |0.0096 |
146.540 | 0.000 | 0.000 | -0.000 | 0.0121 |-0.0041 |0.0000 |-0.0000 |0.0100 |
147.543 | -0.000 | 0.000 | -0.000 | 0.0125 |-0.0043 |0.0000 |-0.0000 |0.0104 |
148.529 | 0.000 | 0.000 | -0.000 | 0.0129 |-0.0044 |0.0000 |-0.0000 |0.0108 |
149.500 | 0.000 | 0.000 | -0.000 | 0.0134 |-0.0046 |0.0000 |-0.0000 |0.0112 |
150.455 | -0.000 | 0.000 | -0.000 | 0.0138 |-0.0047 |0.0000 |-0.0000 |0.0116 |
151.395 | 0.000 | 0.000 | -0.000 | 0.0142 |-0.0049 |0.0000 |-0.0000 |0.0120 |
152.321 | -0.000 | 0.000 | -0.000 | 0.0146 |-0.0050 |0.0000 |-0.0000 |0.0124 |
153.233 | -0.000 | 0.000 | -0.000 | 0.0150 |-0.0051 |0.0000 |-0.0000 |0.0128 |
154.132 | 0.000 | 0.000 | -0.000 | 0.0154 |-0.0053 |0.0000 |-0.0000 |0.0132 |
155.017 | 0.000 | 0.000 | -0.000 | 0.0158 |-0.0054 |0.0000 |-0.0000 |0.0136 |
155.891 | -0.000 | 0.000 | -0.000 | 0.0162 |-0.0056 |0.0000 |-0.0000 |0.0140 |
156.753 | 0.000 | 0.000 | -0.000 | 0.0167 |-0.0057 |0.0000 |-0.0000 |0.0144 |
157.603 | -0.000 | 0.000 | -0.000 | 0.0171 |-0.0059 |0.0000 |-0.0000 |0.0148 |
158.441 | -0.000 | 0.000 | -0.000 | 0.0175 |-0.0060 |0.0000 |-0.0000 |0.0152 |
159.269 | -0.000 | 0.000 | -0.000 | 0.0179 |-0.0061 |0.0000 |-0.0000 |0.0156 |
160.086 | 0.000 | 0.000 | -0.000 | 0.0183 |-0.0063 |0.0000 |-0.0000 |0.0160 |
160.892 | 0.000 | 0.000 | -0.000 | 0.0187 |-0.0064 |0.0000 |-0.0000 |0.0164 |
161.689 | 0.000 | 0.000 | -0.000 | 0.0191 |-0.0066 |0.0000 |-0.0000 |0.0168 |
162.477 | 0.000 | 0.000 | -0.000 | 0.0195 |-0.0067 |0.0000 |-0.0000 |0.0172 |
163.255 | 0.000 | 0.000 | -0.000 | 0.0200 |-0.0068 |0.0000 |-0.0000 |0.0176 |
164.023 | 0.000 | 0.000 | -0.000 | 0.0204 |-0.0070 |0.0000 |-0.0000 |0.0180 |
164.783 | 0.000 | 0.000 | -0.000 | 0.0208 |-0.0071 |0.0000 |-0.0000 |0.0184 |
165.534 | 0.000 | 0.000 | -0.000 | 0.0212 |-0.0073 |0.0000 |-0.0000 |0.0188 |
166.277 | -0.000 | 0.000 | -0.000 | 0.0216 |-0.0074 |0.0000 |-0.0000 |0.0192 |
167.011 | 0.000 | 0.000 | -0.000 | 0.0220 |-0.0075 |0.0000 |-0.0000 |0.0196 |
167.738 | 0.000 | 0.000 | -0.000 | 0.0224 |-0.0077 |0.0000 |-0.0000 |0.0200 |
168.456 | -0.000 | 0.000 | -0.000 | 0.0228 |-0.0078 |0.0000 |-0.0000 |0.0204 |
169.167 | -0.000 | 0.000 | -0.000 | 0.0232 |-0.0080 |0.0000 |-0.0000 |0.0208 |
169.871 | -0.000 | 0.000 | -0.000 | 0.0236 |-0.0081 |0.0000 |-0.0000 |0.0212 |
170.568 | 0.000 | 0.000 | -0.000 | 0.0240 |-0.0083 |0.0000 |-0.0000 |0.0216 |
171.257 | -0.000 | 0.000 | -0.000 | 0.0245 |-0.0084 |0.0000 |-0.0000 |0.0220 |
171.940 | -0.000 | 0.000 | -0.000 | 0.0249 |-0.0085 |0.0000 |-0.0000 |0.0224 |
172.616 | 0.000 | 0.000 | -0.000 | 0.0253 |-0.0087 |0.0000 |-0.0000 |0.0228 |
173.285 | 0.000 | 0.000 | -0.000 | 0.0257 |-0.0088 |0.0000 |-0.0000 |0.0232 |
173.948 | 0.000 | 0.000 | -0.000 | 0.0261 |-0.0090 |0.0000 |-0.0000 |0.0236 |
174.604 | 0.000 | 0.000 | -0.000 | 0.0265 |-0.0091 |0.0000 |-0.0000 |0.0240 |
175.254 | 0.000 | 0.000 | -0.000 | 0.0269 |-0.0092 |0.0000 |-0.0000 |0.0244 |
175.899 | -0.000 | 0.000 | -0.000 | 0.0273 |-0.0094 |0.0000 |-0.0000 |0.0248 |
176.537 | -0.000 | 0.000 | -0.000 | 0.0277 |-0.0095 |0.0000 |-0.0000 |0.0252 |
177.170 | -0.000 | 0.000 | -0.000 | 0.0281 |-0.0097 |0.0000 |-0.0000 |0.0256 |
177.797 | -0.000 | 0.000 | -0.000 | 0.0285 |-0.0098 |0.0000 |-0.0000 |0.0260 |
178.419 | 0.000 | 0.000 | -0.000 | 0.0289 |-0.0099 |0.0000 |-0.0000 |0.0264 |
179.035 | -0.000 | 0.000 | -0.000 | 0.0293 |-0.0101 |0.0000 |-0.0000 |0.0268 |
179.646 | 0.000 | 0.000 | -0.000 | 0.0298 |-0.0102 |0.0000 |-0.0000 |0.0272 |
180.252 | 0.000 | 0.000 | -0.000 | 0.0302 |-0.0104 |0.0000 |-0.0000 |0.0276 |
180.853 | -0.000 | 0.000 | -0.000 | 0.0306 |-0.0105 |0.0000 |-0.0000 |0.0280 |
181.448 | 0.000 | 0.000 | -0.000 | 0.0310 |-0.0106 |0.0000 |-0.0000 |0.0284 |
182.039 | 0.000 | 0.000 | -0.000 | 0.0314 |-0.0108 |0.0000 |-0.0000 |0.0288 |
182.625 | -0.000 | 0.000 | -0.000 | 0.0318 |-0.0109 |0.0000 |-0.0000 |0.0292 |
183.206 | 0.000 | 0.000 | -0.000 | 0.0322 |-0.0111 |0.0000 |-0.0000 |0.0296 |
183.782 | 0.000 | 0.000 | -0.000 | 0.0326 |-0.0112 |0.0000 |-0.0000 |0.0300 |
184.354 | -0.000 | 0.000 | -0.000 | 0.0330 |-0.0113 |0.0000 |-0.0000 |0.0304 |
184.922 | -0.000 | 0.000 | -0.000 | 0.0334 |-0.0115 |0.0000 |-0.0000 |0.0308 |
185.485 | -0.000 | 0.000 | -0.000 | 0.0338 |-0.0116 |0.0000 |-0.0000 |0.0312 |
186.044 | -0.000 | 0.000 | -0.000 | 0.0342 |-0.0118 |0.0000 |-0.0000 |0.0316 |
186.599 | -0.000 | 0.000 | -0.000 | 0.0346 |-0.0119 |0.0000 |-0.0000 |0.0319 |
187.150 | -0.000 | 0.000 | -0.000 | 0.0350 |-0.0120 |0.0000 |-0.0000 |0.0323 |
187.696 | -0.000 | 0.000 | -0.000 | 0.0354 |-0.0122 |0.0000 |-0.0000 |0.0327 |
188.239 | 0.000 | 0.000 | -0.000 | 0.0358 |-0.0123 |0.0000 |-0.0000 |0.0331 |
188.777 | -0.000 | 0.000 | -0.000 | 0.0362 |-0.0124 |0.0000 |-0.0000 |0.0335 |
189.312 | -0.000 | 0.000 | -0.000 | 0.0366 |-0.0126 |0.0000 |-0.0000 |0.0339 |
189.843 | -0.000 | 0.000 | -0.000 | 0.0370 |-0.0127 |0.0000 |-0.0000 |0.0343 |
190.370 | -0.000 | 0.000 | -0.000 | 0.0374 |-0.0129 |0.0000 |-0.0000 |0.0347 |
190.894 | 0.000 | 0.000 | -0.000 | 0.0378 |-0.0130 |0.0000 |-0.0000 |0.0351 |
191.414 | 0.000 | 0.000 | -0.000 | 0.0382 |-0.0131 |0.0000 |-0.0000 |0.0355 |
191.930 | 0.000 | 0.000 | -0.000 | 0.0387 |-0.0133 |0.0000 |-0.0000 |0.0359 |
192.443 | 0.000 | 0.000 | -0.000 | 0.0391 |-0.0134 |0.0000 |-0.0000 |0.0363 |
192.952 | 0.000 | 0.000 | -0.000 | 0.0395 |-0.0136 |0.0000 |-0.0000 |0.0367 |
193.458 | -0.000 | 0.000 | -0.000 | 0.0399 |-0.0137 |0.0000 |-0.0000 |0.0371 |
193.961 | -0.000 | 0.000 | -0.000 | 0.0403 |-0.0138 |0.0000 |-0.0000 |0.0375 |
194.460 | -0.000 | 0.000 | -0.000 | 0.0407 |-0.0140 |0.0000 |-0.0000 |0.0379 |
194.956 | -0.000 | 0.000 | -0.000 | 0.0411 |-0.0141 |0.0000 |-0.0000 |0.0383 |
195.449 | -0.000 | 0.000 | -0.000 | 0.0415 |-0.0143 |0.0000 |-0.0000 |0.0387 |
195.939 | 0.000 | 0.000 | -0.000 | 0.0419 |-0.0144 |0.0000 |-0.0000 |0.0391 |
196.425 | -0.000 | 0.000 | -0.000 | 0.0423 |-0.0145 |0.0000 |-0.0000 |0.0395 |
196.909 | 0.000 | 0.000 | -0.000 | 0.0427 |-0.0147 |0.0000 |-0.0000 |0.0399 |
197.389 | -0.000 | 0.000 | -0.000 | 0.0431 |-0.0148 |0.0000 |-0.0000 |0.0403 |
197.867 | -0.000 | 0.000 | -0.000 | 0.0435 |-0.0149 |0.0000 |-0.0000 |0.0406 |
198.342 | -0.000 | 0.000 | -0.000 | 0.0439 |-0.0151 |0.0000 |-0.0000 |0.0410 |
198.814 | -0.000 | 0.000 | -0.000 | 0.0443 |-0.0152 |0.0000 |-0.0000 |0.0414 |
199.283 | -0.000 | 0.000 | -0.000 | 0.0447 |-0.0154 |0.0000 |-0.0000 |0.0418 |
199.749 | -0.000 | 0.000 | -0.000 | 0.0451 |-0.0155 |0.0000 |-0.0000 |0.0422 |
200.212 | -0.000 | 0.000 | -0.000 | 0.0455 |-0.0156 |0.0000 |-0.0000 |0.0426 |
200.673 | -0.000 | 0.000 | -0.000 | 0.0459 |-0.0158 |0.0000 |-0.0000 |0.0430 |
201.131 | -0.000 | 0.000 | -0.000 | 0.0463 |-0.0159 |0.0000 |-0.0000 |0.0434 |
201.586 | 0.000 | 0.000 | -0.000 | 0.0467 |-0.0160 |0.0000 |-0.0000 |0.0438 |
202.039 | -0.000 | 0.000 | -0.000 | 0.0471 |-0.0162 |0.0000 |-0.0000 |0.0442 |
202.489 | -0.000 | 0.000 | -0.000 | 0.0475 |-0.0163 |0.0000 |-0.0000 |0.0446 |
202.936 | 0.000 | 0.000 | -0.000 | 0.0479 |-0.0165 |0.0000 |-0.0000 |0.0450 |
203.381 | -0.000 | 0.000 | -0.000 | 0.0483 |-0.0166 |0.0000 |-0.0000 |0.0454 |
203.824 | -0.000 | 0.000 | -0.000 | 0.0487 |-0.0167 |0.0000 |-0.0000 |0.0458 |
204.264 | -0.000 | 0.000 | -0.000 | 0.0491 |-0.0169 |0.0000 |-0.0000 |0.0462 |
204.702 | -0.000 | 0.000 | -0.000 | 0.0495 |-0.0170 |0.0000 |-0.0000 |0.0466 |
205.137 | -0.000 | 0.000 | -0.000 | 0.0499 |-0.0171 |0.0000 |-0.0000 |0.0469 |
205.570 | -0.000 | 0.000 | -0.000 | 0.0503 |-0.0173 |0.0000 |-0.0000 |0.0473 |
206.000 | -0.000 | 0.000 | -0.000 | 0.0507 |-0.0174 |0.0000 |-0.0000 |0.0477 |
206.429 | 0.000 | 0.000 | -0.000 | 0.0511 |-0.0176 |0.0000 |-0.0000 |0.0481 |
206.855 | -0.000 | 0.000 | -0.000 | 0.0515 |-0.0177 |0.0000 |-0.0000 |0.0485 |
207.278 | -0.000 | 0.000 | -0.000 | 0.0519 |-0.0178 |0.0000 |-0.0000 |0.0489 |
207.700 | -0.000 | 0.000 | -0.000 | 0.0523 |-0.0180 |0.0000 |-0.0000 |0.0493 |
208.119 | -0.000 | 0.000 | -0.000 | 0.0527 |-0.0181 |0.0000 |-0.0000 |0.0497 |
208.536 | -0.000 | 0.000 | -0.000 | 0.0531 |-0.0182 |0.0000 |-0.0000 |0.0501 |
208.951 | -0.000 | 0.000 | -0.000 | 0.0535 |-0.0184 |0.0000 |-0.0000 |0.0505 |
209.364 | -0.000 | 0.000 | -0.000 | 0.0539 |-0.0185 |0.0000 |-0.0000 |0.0509 |
209.775 | -0.000 | 0.000 | -0.000 | 0.0543 |-0.0187 |0.0000 |-0.0000 |0.0513 |
210.184 | -0.000 | 0.000 | -0.000 | 0.0547 |-0.0188 |0.0000 |-0.0000 |0.0517 |
210.591 | -0.000 | 0.000 | -0.000 | 0.0551 |-0.0189 |0.0000 |-0.0000 |0.0520 |
210.996 | -0.000 | 0.000 | -0.000 | 0.0555 |-0.0191 |0.0000 |-0.0000 |0.0524 |
211.398 | -0.000 | 0.000 | -0.000 | 0.0558 |-0.0192 |0.0000 |-0.0000 |0.0528 |
211.799 | -0.000 | 0.000 | -0.000 | 0.0562 |-0.0193 |0.0000 |-0.0000 |0.0532 |
212.198 | -0.000 | 0.000 | -0.000 | 0.0566 |-0.0195 |0.0000 |-0.0000 |0.0536 |
212.595 | -0.000 | 0.000 | -0.000 | 0.0570 |-0.0196 |0.0000 |-0.0000 |0.0540 |
212.990 | -0.000 | 0.000 | -0.000 | 0.0574 |-0.0198 |0.0000 |-0.0000 |0.0544 |
213.383 | -0.000 | 0.000 | -0.000 | 0.0578 |-0.0199 |0.0000 |-0.0000 |0.0548 |
213.774 | -0.000 | 0.000 | -0.000 | 0.0582 |-0.0200 |0.0000 |-0.0000 |0.0552 |
214.163 | -0.000 | 0.000 | -0.000 | 0.0586 |-0.0202 |0.0000 |-0.0000 |0.0556 |
214.551 | -0.000 | 0.000 | -0.000 | 0.0590 |-0.0203 |0.0000 |-0.0000 |0.0560 |
214.937 | 0.000 | 0.000 | -0.000 | 0.0594 |-0.0204 |0.0000 |-0.0000 |0.0563 |
215.321 | -0.000 | 0.000 | -0.000 | 0.0598 |-0.0206 |0.0000 |-0.0000 |0.0567 |
215.703 | -0.000 | 0.000 | -0.000 | 0.0602 |-0.0207 |0.0000 |-0.0000 |0.0571 |
216.083 | -0.000 | 0.000 | -0.000 | 0.0606 |-0.0208 |0.0000 |-0.0000 |0.0575 |
216.462 | 0.000 | 0.000 | -0.000 | 0.0610 |-0.0210 |0.0000 |-0.0000 |0.0579 |
216.839 | -0.000 | 0.000 | -0.000 | 0.0614 |-0.0211 |0.0000 |-0.0000 |0.0583 |
217.214 | -0.000 | 0.000 | -0.000 | 0.0618 |-0.0213 |0.0000 |-0.0000 |0.0587 |
217.587 | -0.000 | 0.000 | -0.000 | 0.0622 |-0.0214 |0.0000 |-0.0000 |0.0591 |
217.959 | -0.000 | 0.000 | -0.000 | 0.0626 |-0.0215 |0.0000 |-0.0000 |0.0595 |
218.330 | -0.000 | 0.000 | -0.000 | 0.0630 |-0.0217 |0.0000 |-0.0000 |0.0599 |
218.698 | -0.000 | 0.000 | -0.000 | 0.0634 |-0.0218 |0.0000 |-0.0000 |0.0602 |
219.065 | -0.000 | 0.000 | -0.000 | 0.0638 |-0.0219 |0.0000 |-0.0000 |0.0606 |
219.431 | -0.000 | 0.000 | -0.000 | 0.0642 |-0.0221 |0.0000 |-0.0000 |0.0610 |
219.795 | -0.000 | 0.000 | -0.000 | 0.0646 |-0.0222 |0.0000 |-0.0000 |0.0614 |
220.157 | -0.000 | 0.000 | -0.000 | 0.0649 |-0.0223 |0.0000 |-0.0000 |0.0618 |
220.518 | -0.000 | 0.000 | -0.000 | 0.0653 |-0.0225 |0.0000 |-0.0000 |0.0622 |
220.877 | -0.000 | 0.000 | -0.000 | 0.0657 |-0.0226 |0.0000 |-0.0000 |0.0626 |
221.235 | -0.000 | 0.000 | -0.000 | 0.0661 |-0.0227 |0.0000 |-0.0000 |0.0630 |
221.591 | -0.000 | 0.000 | -0.000 | 0.0665 |-0.0229 |0.0000 |-0.0000 |0.0634 |
221.946 | -0.000 | 0.000 | -0.000 | 0.0669 |-0.0230 |0.0000 |-0.0000 |0.0637 |
222.299 | -0.000 | 0.000 | -0.000 | 0.0673 |-0.0232 |0.0000 |-0.0000 |0.0641 |
222.651 | -0.000 | 0.000 | -0.000 | 0.0677 |-0.0233 |0.0000 |-0.0000 |0.0645 |
223.001 | -0.000 | 0.000 | -0.000 | 0.0681 |-0.0234 |0.0000 |-0.0000 |0.0649 |
223.350 | -0.000 | 0.000 | -0.000 | 0.0685 |-0.0236 |0.0000 |-0.0000 |0.0653 |
223.697 | -0.000 | 0.000 | -0.000 | 0.0689 |-0.0237 |0.0000 |-0.0000 |0.0657 |
224.044 | -0.000 | 0.000 | -0.000 | 0.0693 |-0.0238 |0.0000 |-0.0000 |0.0661 |
224.388 | -0.000 | 0.000 | -0.000 | 0.0697 |-0.0240 |0.0000 |-0.0000 |0.0665 |
224.732 | -0.000 | 0.000 | -0.000 | 0.0701 |-0.0241 |0.0000 |-0.0000 |0.0669 |
225.073 | -0.000 | 0.000 | -0.000 | 0.0705 |-0.0242 |0.0000 |-0.0000 |0.0672 |
225.414 | -0.000 | 0.000 | -0.000 | 0.0709 |-0.0244 |0.0000 |-0.0000 |0.0676 |
225.753 | -0.000 | 0.000 | -0.000 | 0.0712 |-0.0245 |0.0000 |-0.0000 |0.0680 |
226.091 | -0.000 | 0.000 | -0.000 | 0.0716 |-0.0246 |0.0000 |-0.0000 |0.0684 |
226.428 | -0.000 | 0.000 | -0.000 | 0.0720 |-0.0248 |0.0000 |-0.0000 |0.0688 |
226.763 | -0.000 | 0.000 | -0.000 | 0.0724 |-0.0249 |0.0000 |-0.0000 |0.0692 |
227.097 | -0.000 | 0.000 | -0.000 | 0.0728 |-0.0251 |0.0000 |-0.0000 |0.0696 |
227.430 | -0.000 | 0.000 | -0.000 | 0.0732 |-0.0252 |0.0000 |-0.0000 |0.0700 |
227.761 | -0.000 | 0.000 | -0.000 | 0.0736 |-0.0253 |0.0000 |-0.0000 |0.0703 |
228.092 | 0.000 | 0.000 | -0.000 | 0.0740 |-0.0255 |0.0000 |-0.0000 |0.0707 |
228.420 | -0.000 | 0.000 | -0.000 | 0.0744 |-0.0256 |0.0000 |-0.0000 |0.0711 |
228.748 | -0.000 | 0.000 | -0.000 | 0.0748 |-0.0257 |0.0000 |-0.0000 |0.0715 |
229.075 | -0.000 | 0.000 | -0.000 | 0.0752 |-0.0259 |0.0000 |-0.0000 |0.0719 |
229.400 | -0.000 | 0.000 | -0.000 | 0.0756 |-0.0260 |0.0000 |-0.0000 |0.0723 |
229.724 | -0.000 | 0.000 | -0.000 | 0.0759 |-0.0261 |0.0000 |-0.0000 |0.0727 |
230.046 | -0.000 | 0.000 | -0.000 | 0.0763 |-0.0263 |0.0000 |-0.0000 |0.0730 |
230.368 | -0.000 | 0.000 | -0.000 | 0.0767 |-0.0264 |0.0000 |-0.0000 |0.0734 |
230.689 | -0.000 | 0.000 | -0.000 | 0.0771 |-0.0265 |0.0000 |-0.0000 |0.0738 |
231.008 | -0.000 | 0.000 | -0.000 | 0.0775 |-0.0267 |0.0000 |-0.0000 |0.0742 |
231.326 | -0.000 | 0.000 | -0.000 | 0.0779 |-0.0268 |0.0000 |-0.0000 |0.0746 |
231.643 | -0.000 | 0.000 | -0.000 | 0.0783 |-0.0269 |0.0000 |-0.0000 |0.0750 |
231.959 | -0.000 | 0.000 | -0.000 | 0.0787 |-0.0271 |0.0000 |-0.0000 |0.0754 |
232.273 | -0.000 | 0.000 | -0.000 | 0.0791 |-0.0272 |0.0000 |-0.0000 |0.0758 |
232.587 | -0.000 | 0.000 | -0.000 | 0.0795 |-0.0273 |0.0000 |-0.0000 |0.0761 |
232.899 | -0.000 | 0.000 | -0.000 | 0.0798 |-0.0275 |0.0000 |-0.0000 |0.0765 |
233.211 | -0.000 | 0.000 | -0.000 | 0.0802 |-0.0276 |0.0000 |-0.0000 |0.0769 |
233.521 | -0.000 | 0.000 | -0.000 | 0.0806 |-0.0277 |0.0000 |-0.0000 |0.0773 |
233.830 | -0.000 | 0.000 | -0.000 | 0.0810 |-0.0279 |0.0000 |-0.0000 |0.0777 |
234.138 | -0.000 | 0.000 | -0.000 | 0.0814 |-0.0280 |0.0000 |-0.0000 |0.0781 |
234.445 | -0.000 | 0.000 | -0.000 | 0.0818 |-0.0281 |0.0000 |-0.0000 |0.0784 |
234.751 | -0.000 | 0.000 | -0.000 | 0.0822 |-0.0283 |0.0000 |-0.0000 |0.0788 |
235.056 | -0.000 | 0.000 | -0.000 | 0.0826 |-0.0284 |0.0000 |-0.0000 |0.0792 |
235.360 | -0.000 | 0.000 | -0.000 | 0.0830 |-0.0285 |0.0000 |-0.0000 |0.0796 |
235.663 | -0.000 | 0.000 | -0.000 | 0.0834 |-0.0287 |0.0000 |-0.0000 |0.0800 |
235.965 | -0.000 | 0.000 | -0.000 | 0.0837 |-0.0288 |0.0000 |-0.0000 |0.0804 |
236.265 | -0.000 | 0.000 | -0.000 | 0.0841 |-0.0289 |0.0000 |-0.0000 |0.0808 |
236.565 | -0.000 | 0.000 | -0.000 | 0.0845 |-0.0291 |0.0000 |-0.0000 |0.0811 |
236.864 | -0.000 | 0.000 | -0.000 | 0.0849 |-0.0292 |0.0000 |-0.0000 |0.0815 |
237.162 | -0.000 | 0.000 | -0.000 | 0.0853 |-0.0294 |0.0000 |-0.0000 |0.0819 |
237.458 | -0.000 | 0.000 | -0.000 | 0.0857 |-0.0295 |0.0000 |-0.0000 |0.0823 |
237.754 | -0.000 | 0.000 | -0.000 | 0.0861 |-0.0296 |0.0000 |-0.0000 |0.0827 |
238.049 | -0.000 | 0.000 | -0.000 | 0.0865 |-0.0298 |0.0000 |-0.0000 |0.0831 |
238.343 | -0.000 | 0.000 | -0.000 | 0.0868 |-0.0299 |0.0000 |-0.0000 |0.0834 |
238.636 | -0.000 | 0.000 | -0.000 | 0.0872 |-0.0300 |0.0000 |-0.0000 |0.0838 |
238.928 | -0.000 | 0.000 | -0.000 | 0.0876 |-0.0302 |0.0000 |-0.0000 |0.0842 |
239.219 | -0.000 | 0.000 | -0.000 | 0.0880 |-0.0303 |0.0000 |-0.0000 |0.0846 |
239.509 | -0.000 | 0.000 | -0.000 | 0.0884 |-0.0304 |0.0000 |-0.0000 |0.0850 |
239.798 | -0.000 | 0.000 | -0.000 | 0.0888 |-0.0306 |0.0000 |-0.0000 |0.0854 |
240.086 | -0.000 | 0.000 | -0.000 | 0.0892 |-0.0307 |0.0000 |-0.0000 |0.0857 |
240.373 | -0.000 | 0.000 | -0.000 | 0.0896 |-0.0308 |0.0000 |-0.0000 |0.0861 |
240.660 | -0.000 | 0.000 | -0.000 | 0.0899 |-0.0310 |0.0000 |-0.0000 |0.0865 |
240.945 | -0.000 | 0.000 | -0.000 | 0.0903 |-0.0311 |0.0000 |-0.0000 |0.0869 |
241.230 | -0.000 | 0.000 | -0.000 | 0.0907 |-0.0312 |0.0000 |-0.0000 |0.0873 |
241.514 | -0.000 | 0.000 | -0.000 | 0.0911 |-0.0314 |0.0000 |-0.0000 |0.0877 |
241.796 | -0.000 | 0.000 | -0.000 | 0.0915 |-0.0315 |0.0000 |-0.0000 |0.0880 |
242.078 | -0.000 | 0.000 | -0.000 | 0.0919 |-0.0316 |0.0000 |-0.0000 |0.0884 |
242.359 | -0.000 | 0.000 | -0.000 | 0.0923 |-0.0318 |0.0000 |-0.0000 |0.0888 |
242.639 | -0.000 | 0.000 | -0.000 | 0.0927 |-0.0319 |0.0000 |-0.0000 |0.0892 |
242.919 | -0.000 | 0.000 | -0.000 | 0.0930 |-0.0320 |0.0000 |-0.0000 |0.0896 |
243.197 | -0.000 | 0.000 | -0.000 | 0.0934 |-0.0322 |0.0000 |-0.0000 |0.0900 |
243.475 | -0.000 | 0.000 | -0.000 | 0.0938 |-0.0323 |0.0000 |-0.0000 |0.0903 |
243.752 | -0.000 | 0.000 | -0.000 | 0.0942 |-0.0324 |0.0000 |-0.0000 |0.0907 |
244.027 | -0.000 | 0.000 | -0.000 | 0.0946 |-0.0326 |0.0000 |-0.0000 |0.0911 |
244.303 | -0.000 | 0.000 | -0.000 | 0.0950 |-0.0327 |0.0000 |-0.0000 |0.0915 |
244.577 | -0.000 | 0.000 | -0.000 | 0.0954 |-0.0328 |0.0000 |-0.0000 |0.0919 |
244.850 | -0.000 | 0.000 | -0.000 | 0.0957 |-0.0329 |0.0000 |-0.0000 |0.0922 |
245.123 | -0.000 | 0.000 | -0.000 | 0.0961 |-0.0331 |0.0000 |-0.0000 |0.0926 |
245.395 | -0.000 | 0.000 | -0.000 | 0.0965 |-0.0332 |0.0000 |-0.0000 |0.0930 |
245.666 | -0.000 | 0.000 | -0.000 | 0.0969 |-0.0333 |0.0000 |-0.0000 |0.0934 |
245.936 | -0.000 | 0.000 | -0.000 | 0.0973 |-0.0335 |0.0000 |-0.0000 |0.0938 |
246.205 | -0.000 | 0.000 | -0.000 | 0.0977 |-0.0336 |0.0000 |-0.0000 |0.0941 |
246.474 | -0.000 | 0.000 | -0.000 | 0.0981 |-0.0337 |0.0000 |-0.0000 |0.0945 |
246.742 | -0.000 | 0.000 | -0.000 | 0.0984 |-0.0339 |0.0000 |-0.0000 |0.0949 |
247.009 | -0.000 | 0.000 | -0.000 | 0.0988 |-0.0340 |0.0000 |-0.0000 |0.0953 |
247.275 | -0.000 | 0.000 | -0.000 | 0.0992 |-0.0341 |0.0000 |-0.0000 |0.0957 |
247.541 | -0.000 | 0.000 | -0.000 | 0.0996 |-0.0343 |0.0000 |-0.0000 |0.0961 |
247.805 | -0.000 | 0.000 | -0.000 | 0.1000 |-0.0344 |0.0000 |-0.0000 |0.0964 |
248.069 | -0.000 | 0.000 | -0.000 | 0.1004 |-0.0345 |0.0000 |-0.0000 |0.0968 |
248.332 | -0.000 | 0.000 | -0.000 | 0.1007 |-0.0347 |0.0000 |-0.0000 |0.0972 |
248.595 | -0.000 | 0.000 | -0.000 | 0.1011 |-0.0348 |0.0000 |-0.0000 |0.0976 |
248.857 | -0.000 | 0.000 | -0.000 | 0.1015 |-0.0349 |0.0000 |-0.0000 |0.0980 |
249.118 | -0.000 | 0.000 | -0.000 | 0.1019 |-0.0351 |0.0000 |-0.0000 |0.0983 |
249.378 | -0.000 | 0.000 | -0.000 | 0.1023 |-0.0352 |0.0000 |-0.0000 |0.0987 |
249.638 | -0.000 | 0.000 | -0.000 | 0.1027 |-0.0353 |0.0000 |-0.0000 |0.0991 |
249.896 | -0.000 | 0.000 | -0.000 | 0.1030 |-0.0355 |0.0000 |-0.0000 |0.0995 |
250.154 | -0.000 | 0.000 | -0.000 | 0.1034 |-0.0356 |0.0000 |-0.0000 |0.0999 |
250.412 | -0.000 | 0.000 | -0.000 | 0.1038 |-0.0357 |0.0000 |-0.0000 |0.1002 |
250.668 | -0.000 | 0.000 | -0.000 | 0.1042 |-0.0359 |0.0000 |-0.0000 |0.1006 |
250.924 | -0.000 | 0.000 | -0.000 | 0.1046 |-0.0360 |0.0000 |-0.0000 |0.1010 |
251.180 | -0.000 | 0.000 | -0.000 | 0.1050 |-0.0361 |0.0000 |-0.0000 |0.1014 |
251.434 | -0.000 | 0.000 | -0.000 | 0.1053 |-0.0363 |0.0000 |-0.0000 |0.1018 |
251.688 | -0.000 | 0.000 | -0.000 | 0.1057 |-0.0364 |0.0000 |-0.0000 |0.1021 |
251.941 | -0.000 | 0.000 | -0.000 | 0.1061 |-0.0365 |0.0000 |-0.0000 |0.1025 |
252.194 | -0.000 | 0.000 | -0.000 | 0.1065 |-0.0367 |0.0000 |-0.0000 |0.1029 |
252.446 | -0.000 | 0.000 | -0.000 | 0.1069 |-0.0368 |0.0000 |-0.0000 |0.1033 |
252.697 | -0.000 | 0.000 | -0.000 | 0.1073 |-0.0369 |0.0000 |-0.0000 |0.1036 |
252.947 | -0.000 | 0.000 | -0.000 | 0.1076 |-0.0370 |0.0000 |-0.0000 |0.1040 |
253.197 | -0.000 | 0.000 | -0.000 | 0.1080 |-0.0372 |0.0000 |-0.0000 |0.1044 |
253.446 | -0.000 | 0.000 | -0.000 | 0.1084 |-0.0373 |0.0000 |-0.0000 |0.1048 |
253.695 | -0.000 | 0.000 | -0.000 | 0.1088 |-0.0374 |0.0000 |-0.0000 |0.1052 |
253.942 | -0.000 | 0.000 | -0.000 | 0.1092 |-0.0376 |0.0000 |-0.0000 |0.1055 |
254.190 | -0.000 | 0.000 | -0.000 | 0.1095 |-0.0377 |0.0000 |-0.0000 |0.1059 |
254.436 | -0.000 | 0.000 | -0.000 | 0.1099 |-0.0378 |0.0000 |-0.0000 |0.1063 |
254.682 | -0.000 | 0.000 | -0.000 | 0.1103 |-0.0380 |0.0000 |-0.0000 |0.1067 |
254.927 | -0.000 | 0.000 | -0.000 | 0.1107 |-0.0381 |0.0000 |-0.0000 |0.1070 |
255.172 | -0.000 | 0.000 | -0.000 | 0.1111 |-0.0382 |0.0000 |-0.0000 |0.1074 |
255.416 | -0.000 | 0.000 | -0.000 | 0.1115 |-0.0384 |0.0000 |-0.0000 |0.1078 |
255.659 | -0.000 | 0.000 | -0.000 | 0.1118 |-0.0385 |0.0000 |-0.0000 |0.1082 |
255.902 | -0.000 | 0.000 | -0.000 | 0.1122 |-0.0386 |0.0000 |-0.0000 |0.1086 |
256.144 | -0.000 | 0.000 | -0.000 | 0.1126 |-0.0388 |0.0000 |-0.0000 |0.1089 |
256.385 | -0.000 | 0.000 | -0.000 | 0.1130 |-0.0389 |0.0000 |-0.0000 |0.1093 |
256.626 | -0.000 | 0.000 | -0.000 | 0.1134 |-0.0390 |0.0000 |-0.0000 |0.1097 |
256.866 | -0.000 | 0.000 | -0.000 | 0.1137 |-0.0392 |0.0000 |-0.0000 |0.1101 |
257.106 | -0.000 | 0.000 | -0.000 | 0.1141 |-0.0393 |0.0000 |-0.0000 |0.1104 |
257.345 | -0.000 | 0.000 | -0.000 | 0.1145 |-0.0394 |0.0000 |-0.0000 |0.1108 |
257.583 | -0.000 | 0.000 | -0.000 | 0.1149 |-0.0395 |0.0000 |-0.0000 |0.1112 |
257.821 | -0.000 | 0.000 | -0.000 | 0.1153 |-0.0397 |0.0000 |-0.0000 |0.1116 |
258.058 | -0.000 | 0.000 | -0.000 | 0.1156 |-0.0398 |0.0000 |-0.0000 |0.1120 |
258.295 | -0.000 | 0.000 | -0.000 | 0.1160 |-0.0399 |0.0000 |-0.0000 |0.1123 |
258.531 | -0.000 | 0.000 | -0.000 | 0.1164 |-0.0401 |0.0000 |-0.0000 |0.1127 |
258.767 | -0.000 | 0.000 | -0.000 | 0.1168 |-0.0402 |0.0000 |-0.0000 |0.1131 |
259.001 | -0.000 | 0.000 | -0.000 | 0.1172 |-0.0403 |0.0000 |-0.0000 |0.1135 |
259.236 | -0.000 | 0.000 | -0.000 | 0.1175 |-0.0405 |0.0000 |-0.0000 |0.1138 |
259.469 | -0.000 | 0.000 | -0.000 | 0.1179 |-0.0406 |0.0000 |-0.0000 |0.1142 |
259.703 | -0.000 | 0.000 | -0.000 | 0.1183 |-0.0407 |0.0000 |-0.0000 |0.1146 |
259.935 | -0.000 | 0.000 | -0.000 | 0.1187 |-0.0409 |0.0000 |-0.0000 |0.1150 |
260.167 | -0.000 | 0.000 | -0.000 | 0.1191 |-0.0410 |0.0000 |-0.0000 |0.1153 |
260.399 | -0.000 | 0.000 | -0.000 | 0.1194 |-0.0411 |0.0000 |-0.0000 |0.1157 |
260.630 | -0.000 | 0.000 | -0.000 | 0.1198 |-0.0412 |0.0000 |-0.0000 |0.1161 |
260.860 | -0.000 | 0.000 | -0.000 | 0.1202 |-0.0414 |0.0000 |-0.0000 |0.1165 |
261.090 | -0.000 | 0.000 | -0.000 | 0.1206 |-0.0415 |0.0000 |-0.0000 |0.1168 |
261.319 | -0.000 | 0.000 | -0.000 | 0.1209 |-0.0416 |0.0000 |-0.0000 |0.1172 |
261.548 | -0.000 | 0.000 | -0.000 | 0.1213 |-0.0418 |0.0000 |-0.0000 |0.1176 |
261.776 | -0.000 | 0.000 | -0.000 | 0.1217 |-0.0419 |0.0000 |-0.0000 |0.1180 |
262.003 | -0.000 | 0.000 | -0.000 | 0.1221 |-0.0420 |0.0000 |-0.0000 |0.1183 |
262.230 | -0.000 | 0.000 | -0.000 | 0.1225 |-0.0422 |0.0000 |-0.0000 |0.1187 |
262.457 | -0.000 | 0.000 | -0.000 | 0.1228 |-0.0423 |0.0000 |-0.0000 |0.1191 |
262.683 | -0.000 | 0.000 | -0.000 | 0.1232 |-0.0424 |0.0000 |-0.0000 |0.1195 |
262.908 | -0.000 | 0.000 | -0.000 | 0.1236 |-0.0425 |0.0000 |-0.0000 |0.1198 |
263.133 | -0.000 | 0.000 | -0.000 | 0.1240 |-0.0427 |0.0000 |-0.0000 |0.1202 |
263.358 | -0.000 | 0.000 | -0.000 | 0.1244 |-0.0428 |0.0000 |-0.0000 |0.1206 |
263.582 | -0.000 | 0.000 | -0.000 | 0.1247 |-0.0429 |0.0000 |-0.0000 |0.1210 |
263.805 | -0.000 | 0.000 | -0.000 | 0.1251 |-0.0431 |0.0000 |-0.0000 |0.1213 |
264.028 | -0.000 | 0.000 | -0.000 | 0.1255 |-0.0432 |0.0000 |-0.0000 |0.1217 |
264.250 | -0.000 | 0.000 | -0.000 | 0.1259 |-0.0433 |0.0000 |-0.0000 |0.1221 |
264.472 | -0.000 | 0.000 | -0.000 | 0.1262 |-0.0435 |0.0000 |-0.0000 |0.1225 |
264.693 | -0.000 | 0.000 | -0.000 | 0.1266 |-0.0436 |0.0000 |-0.0000 |0.1228 |
264.914 | -0.000 | 0.000 | -0.000 | 0.1270 |-0.0437 |0.0000 |-0.0000 |0.1232 |
265.134 | -0.000 | 0.000 | -0.000 | 0.1274 |-0.0438 |0.0000 |-0.0000 |0.1236 |
265.354 | -0.000 | 0.000 | -0.000 | 0.1277 |-0.0440 |0.0000 |-0.0000 |0.1240 |
265.573 | -0.000 | 0.000 | -0.000 | 0.1281 |-0.0441 |0.0000 |-0.0000 |0.1243 |
265.792 | -0.000 | 0.000 | -0.000 | 0.1285 |-0.0442 |0.0000 |-0.0000 |0.1247 |
266.010 | -0.000 | 0.000 | -0.000 | 0.1289 |-0.0444 |0.0000 |-0.0000 |0.1251 |
266.228 | -0.000 | 0.000 | -0.000 | 0.1293 |-0.0445 |0.0000 |-0.0000 |0.1255 |
266.446 | -0.000 | 0.000 | -0.000 | 0.1296 |-0.0446 |0.0000 |-0.0000 |0.1258 |
266.662 | -0.000 | 0.000 | -0.000 | 0.1300 |-0.0448 |0.0000 |-0.0000 |0.1262 |
266.879 | -0.000 | 0.000 | -0.000 | 0.1304 |-0.0449 |0.0000 |-0.0000 |0.1266 |
267.095 | -0.000 | 0.000 | -0.000 | 0.1308 |-0.0450 |0.0000 |-0.0000 |0.1269 |
267.310 | -0.000 | 0.000 | -0.000 | 0.1311 |-0.0451 |0.0000 |-0.0000 |0.1273 |
267.525 | -0.000 | 0.000 | -0.000 | 0.1315 |-0.0453 |0.0000 |-0.0000 |0.1277 |
267.535 | 0.000 | 0.000 | -0.000 | 0.1315 |-0.0453 |0.0000 |-0.0000 |0.1277 |
