Test angle: 90
Mesh element_496 : S11 | S22 | S33 | S12 | E11 | E22 | E33 | 2*E12 | EPbar 
0.000 | 0.000 | 0.000 | 0.000 | 0.0000 |0.0000 |0.0000 |0.0000 |0.0000 |
0.503 | -0.000 | 0.000 | -0.000 | 0.0000 |-0.0000 |0.0000 |-0.0000 |0.0000 |
1.005 | -0.000 | 0.000 | -0.000 | 0.0000 |-0.0000 |0.0000 |-0.0000 |0.0000 |
1.759 | -0.000 | 0.000 | -0.000 | 0.0000 |-0.0000 |0.0000 |-0.0000 |0.0000 |
2.891 | -0.000 | 0.000 | -0.000 | 0.0000 |-0.0000 |0.0000 |-0.0000 |0.0000 |
4.587 | -0.000 | 0.000 | -0.000 | 0.0001 |-0.0000 |0.0000 |-0.0000 |0.0000 |
7.132 | -0.000 | 0.000 | -0.000 | 0.0001 |-0.0000 |0.0000 |-0.0000 |0.0000 |
10.949 | -0.000 | 0.000 | -0.000 | 0.0002 |-0.0001 |0.0000 |-0.0000 |0.0000 |
16.675 | -0.000 | 0.000 | -0.000 | 0.0002 |-0.0001 |0.0000 |-0.0000 |0.0000 |
25.262 | -0.000 | 0.000 | -0.000 | 0.0004 |-0.0001 |0.0000 |-0.0000 |0.0000 |
38.142 | -0.000 | 0.000 | -0.000 | 0.0005 |-0.0002 |0.0000 |-0.0000 |0.0000 |
57.458 | -0.000 | 0.000 | -0.000 | 0.0008 |-0.0003 |0.0000 |-0.0000 |0.0000 |
82.576 | -0.000 | 0.000 | -0.000 | 0.0012 |-0.0004 |0.0000 |-0.0000 |0.0000 |
107.665 | -0.000 | 0.000 | -0.000 | 0.0015 |-0.0005 |0.0000 |-0.0000 |0.0000 |
112.497 | -0.000 | 0.000 | -0.000 | 0.0020 |-0.0007 |0.0000 |-0.0000 |0.0004 |
114.309 | -0.000 | 0.000 | -0.000 | 0.0024 |-0.0008 |0.0000 |-0.0000 |0.0008 |
116.040 | -0.000 | 0.000 | -0.000 | 0.0028 |-0.0010 |0.0000 |-0.0000 |0.0012 |
117.703 | -0.000 | 0.000 | -0.000 | 0.0033 |-0.0012 |0.0000 |-0.0000 |0.0016 |
119.305 | -0.000 | 0.000 | -0.000 | 0.0037 |-0.0013 |0.0000 |-0.0000 |0.0020 |
120.852 | -0.000 | 0.000 | -0.000 | 0.0041 |-0.0015 |0.0000 |-0.0000 |0.0024 |
122.350 | -0.000 | 0.000 | -0.000 | 0.0046 |-0.0016 |0.0000 |-0.0000 |0.0028 |
123.802 | -0.000 | 0.000 | -0.000 | 0.0050 |-0.0018 |0.0000 |-0.0000 |0.0032 |
125.212 | -0.000 | 0.000 | -0.000 | 0.0054 |-0.0020 |0.0000 |-0.0000 |0.0036 |
126.583 | -0.000 | 0.000 | -0.000 | 0.0058 |-0.0021 |0.0000 |-0.0000 |0.0040 |
127.917 | -0.000 | 0.000 | -0.000 | 0.0063 |-0.0023 |0.0000 |-0.0000 |0.0044 |
129.217 | -0.000 | 0.000 | -0.000 | 0.0067 |-0.0024 |0.0000 |-0.0000 |0.0048 |
130.485 | -0.000 | 0.000 | -0.000 | 0.0071 |-0.0026 |0.0000 |-0.0000 |0.0051 |
131.723 | -0.000 | 0.000 | -0.000 | 0.0075 |-0.0027 |0.0000 |-0.0000 |0.0055 |
132.932 | -0.000 | 0.000 | -0.000 | 0.0079 |-0.0029 |0.0000 |-0.0000 |0.0059 |
134.114 | -0.000 | 0.000 | -0.000 | 0.0084 |-0.0031 |0.0000 |-0.0000 |0.0063 |
135.271 | -0.000 | 0.000 | -0.000 | 0.0088 |-0.0032 |0.0000 |-0.0000 |0.0067 |
136.404 | -0.000 | 0.000 | -0.000 | 0.0092 |-0.0034 |0.0000 |-0.0000 |0.0071 |
137.513 | 0.000 | 0.000 | -0.000 | 0.0096 |-0.0035 |0.0000 |-0.0000 |0.0075 |
138.601 | -0.000 | 0.000 | -0.000 | 0.0100 |-0.0037 |0.0000 |-0.0000 |0.0079 |
139.668 | -0.000 | 0.000 | -0.000 | 0.0105 |-0.0038 |0.0000 |-0.0000 |0.0083 |
140.715 | -0.000 | 0.000 | -0.000 | 0.0109 |-0.0040 |0.0000 |-0.0000 |0.0087 |
141.743 | -0.000 | 0.000 | -0.000 | 0.0113 |-0.0041 |0.0000 |-0.0000 |0.0091 |
142.752 | 0.000 | 0.000 | -0.000 | 0.0117 |-0.0043 |0.0000 |-0.0000 |0.0095 |
143.744 | 0.000 | 0.000 | -0.000 | 0.0121 |-0.0045 |0.0000 |-0.0000 |0.0099 |
144.720 | 0.000 | 0.000 | -0.000 | 0.0125 |-0.0046 |0.0000 |-0.0000 |0.0103 |
145.679 | 0.000 | 0.000 | -0.000 | 0.0129 |-0.0048 |0.0000 |-0.0000 |0.0107 |
146.623 | 0.000 | 0.000 | -0.000 | 0.0134 |-0.0049 |0.0000 |-0.0000 |0.0111 |
147.552 | -0.000 | 0.000 | -0.000 | 0.0138 |-0.0051 |0.0000 |-0.0000 |0.0115 |
148.466 | 0.000 | 0.000 | -0.000 | 0.0142 |-0.0052 |0.0000 |-0.0000 |0.0119 |
149.367 | -0.000 | 0.000 | -0.000 | 0.0146 |-0.0054 |0.0000 |-0.0000 |0.0123 |
150.254 | 0.000 | 0.000 | -0.000 | 0.0150 |-0.0055 |0.0000 |-0.0000 |0.0127 |
151.129 | 0.000 | 0.000 | -0.000 | 0.0154 |-0.0057 |0.0000 |-0.0000 |0.0130 |
151.991 | 0.000 | 0.000 | -0.000 | 0.0158 |-0.0058 |0.0000 |-0.0000 |0.0134 |
152.841 | -0.000 | 0.000 | -0.000 | 0.0163 |-0.0060 |0.0000 |-0.0000 |0.0138 |
153.679 | 0.000 | 0.000 | -0.000 | 0.0167 |-0.0062 |0.0000 |-0.0000 |0.0142 |
154.507 | 0.000 | 0.000 | -0.000 | 0.0171 |-0.0063 |0.0000 |-0.0000 |0.0146 |
155.323 | -0.000 | 0.000 | -0.000 | 0.0175 |-0.0065 |0.0000 |-0.0000 |0.0150 |
156.128 | 0.000 | 0.000 | -0.000 | 0.0179 |-0.0066 |0.0000 |-0.0000 |0.0154 |
156.924 | 0.000 | 0.000 | -0.000 | 0.0183 |-0.0068 |0.0000 |-0.0000 |0.0158 |
157.709 | 0.000 | 0.000 | -0.000 | 0.0187 |-0.0069 |0.0000 |-0.0000 |0.0162 |
158.485 | 0.000 | 0.000 | -0.000 | 0.0191 |-0.0071 |0.0000 |-0.0000 |0.0166 |
159.252 | 0.000 | 0.000 | -0.000 | 0.0196 |-0.0072 |0.0000 |-0.0000 |0.0170 |
160.010 | 0.000 | 0.000 | -0.000 | 0.0200 |-0.0074 |0.0000 |-0.0000 |0.0174 |
160.758 | 0.000 | 0.000 | -0.000 | 0.0204 |-0.0075 |0.0000 |-0.0000 |0.0178 |
161.498 | 0.000 | 0.000 | -0.000 | 0.0208 |-0.0077 |0.0000 |-0.0000 |0.0182 |
162.229 | 0.000 | 0.000 | -0.000 | 0.0212 |-0.0078 |0.0000 |-0.0000 |0.0186 |
162.952 | 0.000 | 0.000 | -0.000 | 0.0216 |-0.0080 |0.0000 |-0.0000 |0.0189 |
163.668 | -0.000 | 0.000 | -0.000 | 0.0220 |-0.0082 |0.0000 |-0.0000 |0.0193 |
164.375 | -0.000 | 0.000 | -0.000 | 0.0224 |-0.0083 |0.0000 |-0.0000 |0.0197 |
165.076 | -0.000 | 0.000 | -0.000 | 0.0228 |-0.0085 |0.0000 |-0.0000 |0.0201 |
165.768 | 0.000 | 0.000 | -0.000 | 0.0232 |-0.0086 |0.0000 |-0.0000 |0.0205 |
166.454 | -0.000 | 0.000 | -0.000 | 0.0236 |-0.0088 |0.0000 |-0.0000 |0.0209 |
167.133 | 0.000 | 0.000 | -0.000 | 0.0241 |-0.0089 |0.0000 |-0.0000 |0.0213 |
167.805 | 0.000 | 0.000 | -0.000 | 0.0245 |-0.0091 |0.0000 |-0.0000 |0.0217 |
168.470 | 0.000 | 0.000 | -0.000 | 0.0249 |-0.0092 |0.0000 |-0.0000 |0.0221 |
169.128 | -0.000 | 0.000 | -0.000 | 0.0253 |-0.0094 |0.0000 |-0.0000 |0.0225 |
169.780 | 0.000 | 0.000 | -0.000 | 0.0257 |-0.0095 |0.0000 |-0.0000 |0.0229 |
170.426 | 0.000 | 0.000 | -0.000 | 0.0261 |-0.0097 |0.0000 |-0.0000 |0.0233 |
171.066 | -0.000 | 0.000 | -0.000 | 0.0265 |-0.0098 |0.0000 |-0.0000 |0.0237 |
171.699 | -0.000 | 0.000 | -0.000 | 0.0269 |-0.0100 |0.0000 |-0.0000 |0.0240 |
172.327 | -0.000 | 0.000 | -0.000 | 0.0273 |-0.0101 |0.0000 |-0.0000 |0.0244 |
172.950 | 0.000 | 0.000 | -0.000 | 0.0277 |-0.0103 |0.0000 |-0.0000 |0.0248 |
173.567 | 0.000 | 0.000 | -0.000 | 0.0281 |-0.0104 |0.0000 |-0.0000 |0.0252 |
174.178 | -0.000 | 0.000 | -0.000 | 0.0285 |-0.0106 |0.0000 |-0.0000 |0.0256 |
174.784 | 0.000 | 0.000 | -0.000 | 0.0289 |-0.0108 |0.0000 |-0.0000 |0.0260 |
175.385 | -0.000 | 0.000 | -0.000 | 0.0294 |-0.0109 |0.0000 |-0.0000 |0.0264 |
175.980 | 0.000 | 0.000 | -0.000 | 0.0298 |-0.0111 |0.0000 |-0.0000 |0.0268 |
176.571 | 0.000 | 0.000 | -0.000 | 0.0302 |-0.0112 |0.0000 |-0.0000 |0.0272 |
177.156 | 0.000 | 0.000 | -0.000 | 0.0306 |-0.0114 |0.0000 |-0.0000 |0.0276 |
177.737 | 0.000 | 0.000 | -0.000 | 0.0310 |-0.0115 |0.0000 |-0.0000 |0.0280 |
178.313 | 0.000 | 0.000 | -0.000 | 0.0314 |-0.0117 |0.0000 |-0.0000 |0.0283 |
178.884 | 0.000 | 0.000 | -0.000 | 0.0318 |-0.0118 |0.0000 |-0.0000 |0.0287 |
179.451 | -0.000 | 0.000 | -0.000 | 0.0322 |-0.0120 |0.0000 |-0.0000 |0.0291 |
180.013 | -0.000 | 0.000 | -0.000 | 0.0326 |-0.0121 |0.0000 |-0.0000 |0.0295 |
180.571 | -0.000 | 0.000 | -0.000 | 0.0330 |-0.0123 |0.0000 |-0.0000 |0.0299 |
181.124 | 0.000 | 0.000 | -0.000 | 0.0334 |-0.0124 |0.0000 |-0.0000 |0.0303 |
181.673 | -0.000 | 0.000 | -0.000 | 0.0338 |-0.0126 |0.0000 |-0.0000 |0.0307 |
182.218 | 0.000 | 0.000 | -0.000 | 0.0342 |-0.0127 |0.0000 |-0.0000 |0.0311 |
182.759 | 0.000 | 0.000 | -0.000 | 0.0346 |-0.0129 |0.0000 |-0.0000 |0.0315 |
183.296 | -0.000 | 0.000 | -0.000 | 0.0350 |-0.0130 |0.0000 |-0.0000 |0.0319 |
183.829 | -0.000 | 0.000 | -0.000 | 0.0354 |-0.0132 |0.0000 |-0.0000 |0.0322 |
184.358 | -0.000 | 0.000 | -0.000 | 0.0358 |-0.0133 |0.0000 |-0.0000 |0.0326 |
184.884 | 0.000 | 0.000 | -0.000 | 0.0362 |-0.0135 |0.0000 |-0.0000 |0.0330 |
185.405 | -0.000 | 0.000 | -0.000 | 0.0366 |-0.0136 |0.0000 |-0.0000 |0.0334 |
185.923 | 0.000 | 0.000 | -0.000 | 0.0370 |-0.0138 |0.0000 |-0.0000 |0.0338 |
186.437 | 0.000 | 0.000 | -0.000 | 0.0374 |-0.0139 |0.0000 |-0.0000 |0.0342 |
186.948 | -0.000 | 0.000 | -0.000 | 0.0378 |-0.0141 |0.0000 |-0.0000 |0.0346 |
187.455 | 0.000 | 0.000 | -0.000 | 0.0383 |-0.0142 |0.0000 |-0.0000 |0.0350 |
187.958 | -0.000 | 0.000 | -0.000 | 0.0387 |-0.0144 |0.0000 |-0.0000 |0.0354 |
188.459 | -0.000 | 0.000 | -0.000 | 0.0391 |-0.0145 |0.0000 |-0.0000 |0.0357 |
188.955 | -0.000 | 0.000 | -0.000 | 0.0395 |-0.0147 |0.0000 |-0.0000 |0.0361 |
189.449 | -0.000 | 0.000 | -0.000 | 0.0399 |-0.0148 |0.0000 |-0.0000 |0.0365 |
189.939 | 0.000 | 0.000 | -0.000 | 0.0403 |-0.0150 |0.0000 |-0.0000 |0.0369 |
190.426 | -0.000 | 0.000 | -0.000 | 0.0407 |-0.0151 |0.0000 |-0.0000 |0.0373 |
190.910 | 0.000 | 0.000 | -0.000 | 0.0411 |-0.0153 |0.0000 |-0.0000 |0.0377 |
191.391 | -0.000 | 0.000 | -0.000 | 0.0415 |-0.0154 |0.0000 |-0.0000 |0.0381 |
191.869 | -0.000 | 0.000 | -0.000 | 0.0419 |-0.0156 |0.0000 |-0.0000 |0.0385 |
192.343 | -0.000 | 0.000 | -0.000 | 0.0423 |-0.0157 |0.0000 |-0.0000 |0.0389 |
192.815 | -0.000 | 0.000 | -0.000 | 0.0427 |-0.0159 |0.0000 |-0.0000 |0.0392 |
193.284 | -0.000 | 0.000 | -0.000 | 0.0431 |-0.0160 |0.0000 |-0.0000 |0.0396 |
193.750 | -0.000 | 0.000 | -0.000 | 0.0435 |-0.0162 |0.0000 |-0.0000 |0.0400 |
194.213 | -0.000 | 0.000 | -0.000 | 0.0439 |-0.0163 |0.0000 |-0.0000 |0.0404 |
194.673 | -0.000 | 0.000 | -0.000 | 0.0443 |-0.0165 |0.0000 |-0.0000 |0.0408 |
195.131 | -0.000 | 0.000 | -0.000 | 0.0447 |-0.0166 |0.0000 |-0.0000 |0.0412 |
195.586 | -0.000 | 0.000 | -0.000 | 0.0451 |-0.0168 |0.0000 |-0.0000 |0.0416 |
196.038 | -0.000 | 0.000 | -0.000 | 0.0455 |-0.0169 |0.0000 |-0.0000 |0.0420 |
196.487 | -0.000 | 0.000 | -0.000 | 0.0459 |-0.0171 |0.0000 |-0.0000 |0.0423 |
196.934 | -0.000 | 0.000 | -0.000 | 0.0463 |-0.0172 |0.0000 |-0.0000 |0.0427 |
197.378 | -0.000 | 0.000 | -0.000 | 0.0467 |-0.0174 |0.0000 |-0.0000 |0.0431 |
197.820 | -0.000 | 0.000 | -0.000 | 0.0471 |-0.0175 |0.0000 |-0.0000 |0.0435 |
198.259 | -0.000 | 0.000 | -0.000 | 0.0475 |-0.0177 |0.0000 |-0.0000 |0.0439 |
198.696 | -0.000 | 0.000 | -0.000 | 0.0479 |-0.0178 |0.0000 |-0.0000 |0.0443 |
199.130 | 0.000 | 0.000 | -0.000 | 0.0483 |-0.0180 |0.0000 |-0.0000 |0.0447 |
199.562 | 0.000 | 0.000 | -0.000 | 0.0487 |-0.0181 |0.0000 |-0.0000 |0.0450 |
199.991 | -0.000 | 0.000 | -0.000 | 0.0491 |-0.0183 |0.0000 |-0.0000 |0.0454 |
200.418 | -0.000 | 0.000 | -0.000 | 0.0495 |-0.0184 |0.0000 |-0.0000 |0.0458 |
200.843 | -0.000 | 0.000 | -0.000 | 0.0499 |-0.0186 |0.0000 |-0.0000 |0.0462 |
201.266 | -0.000 | 0.000 | -0.000 | 0.0503 |-0.0187 |0.0000 |-0.0000 |0.0466 |
201.686 | -0.000 | 0.000 | -0.000 | 0.0507 |-0.0189 |0.0000 |-0.0000 |0.0470 |
202.104 | -0.000 | 0.000 | -0.000 | 0.0511 |-0.0190 |0.0000 |-0.0000 |0.0474 |
202.519 | -0.000 | 0.000 | -0.000 | 0.0515 |-0.0192 |0.0000 |-0.0000 |0.0478 |
202.933 | -0.000 | 0.000 | -0.000 | 0.0519 |-0.0193 |0.0000 |-0.0000 |0.0481 |
203.344 | -0.000 | 0.000 | -0.000 | 0.0523 |-0.0195 |0.0000 |-0.0000 |0.0485 |
203.754 | -0.000 | 0.000 | -0.000 | 0.0527 |-0.0196 |0.0000 |-0.0000 |0.0489 |
204.161 | -0.000 | 0.000 | -0.000 | 0.0531 |-0.0198 |0.0000 |-0.0000 |0.0493 |
204.566 | -0.000 | 0.000 | -0.000 | 0.0535 |-0.0199 |0.0000 |-0.0000 |0.0497 |
204.969 | -0.000 | 0.000 | -0.000 | 0.0539 |-0.0201 |0.0000 |-0.0000 |0.0501 |
205.370 | -0.000 | 0.000 | -0.000 | 0.0543 |-0.0202 |0.0000 |-0.0000 |0.0504 |
205.769 | -0.000 | 0.000 | -0.000 | 0.0547 |-0.0204 |0.0000 |-0.0000 |0.0508 |
206.166 | -0.000 | 0.000 | -0.000 | 0.0551 |-0.0205 |0.0000 |-0.0000 |0.0512 |
206.561 | -0.000 | 0.000 | -0.000 | 0.0554 |-0.0207 |0.0000 |-0.0000 |0.0516 |
206.954 | -0.000 | 0.000 | -0.000 | 0.0558 |-0.0208 |0.0000 |-0.0000 |0.0520 |
207.345 | -0.000 | 0.000 | -0.000 | 0.0562 |-0.0210 |0.0000 |-0.0000 |0.0524 |
207.734 | -0.000 | 0.000 | -0.000 | 0.0566 |-0.0211 |0.0000 |-0.0000 |0.0528 |
208.122 | -0.000 | 0.000 | -0.000 | 0.0570 |-0.0213 |0.0000 |-0.0000 |0.0531 |
208.507 | -0.000 | 0.000 | -0.000 | 0.0574 |-0.0214 |0.0000 |-0.0000 |0.0535 |
208.891 | -0.000 | 0.000 | -0.000 | 0.0578 |-0.0216 |0.0000 |-0.0000 |0.0539 |
209.273 | 0.000 | 0.000 | -0.000 | 0.0582 |-0.0217 |0.0000 |-0.0000 |0.0543 |
209.653 | 0.000 | 0.000 | -0.000 | 0.0586 |-0.0219 |0.0000 |-0.0000 |0.0547 |
210.031 | -0.000 | 0.000 | -0.000 | 0.0590 |-0.0220 |0.0000 |-0.0000 |0.0551 |
210.408 | -0.000 | 0.000 | -0.000 | 0.0594 |-0.0222 |0.0000 |-0.0000 |0.0554 |
210.782 | -0.000 | 0.000 | -0.000 | 0.0598 |-0.0223 |0.0000 |-0.0000 |0.0558 |
211.155 | -0.000 | 0.000 | -0.000 | 0.0602 |-0.0225 |0.0000 |-0.0000 |0.0562 |
211.527 | -0.000 | 0.000 | -0.000 | 0.0606 |-0.0226 |0.0000 |-0.0000 |0.0566 |
211.896 | -0.000 | 0.000 | -0.000 | 0.0610 |-0.0228 |0.0000 |-0.0000 |0.0570 |
212.264 | -0.000 | 0.000 | -0.000 | 0.0614 |-0.0229 |0.0000 |-0.0000 |0.0574 |
212.631 | -0.000 | 0.000 | -0.000 | 0.0618 |-0.0231 |0.0000 |-0.0000 |0.0577 |
212.995 | -0.000 | 0.000 | -0.000 | 0.0622 |-0.0232 |0.0000 |-0.0000 |0.0581 |
213.358 | -0.000 | 0.000 | -0.000 | 0.0626 |-0.0234 |0.0000 |-0.0000 |0.0585 |
213.720 | -0.000 | 0.000 | -0.000 | 0.0630 |-0.0235 |0.0000 |-0.0000 |0.0589 |
214.080 | -0.000 | 0.000 | -0.000 | 0.0634 |-0.0236 |0.0000 |-0.0000 |0.0593 |
214.438 | -0.000 | 0.000 | -0.000 | 0.0638 |-0.0238 |0.0000 |-0.0000 |0.0597 |
214.795 | -0.000 | 0.000 | -0.000 | 0.0642 |-0.0239 |0.0000 |-0.0000 |0.0600 |
215.150 | -0.000 | 0.000 | -0.000 | 0.0645 |-0.0241 |0.0000 |-0.0000 |0.0604 |
215.504 | -0.000 | 0.000 | -0.000 | 0.0649 |-0.0242 |0.0000 |-0.0000 |0.0608 |
215.856 | -0.000 | 0.000 | -0.000 | 0.0653 |-0.0244 |0.0000 |-0.0000 |0.0612 |
216.207 | -0.000 | 0.000 | -0.000 | 0.0657 |-0.0245 |0.0000 |-0.0000 |0.0616 |
216.556 | -0.000 | 0.000 | -0.000 | 0.0661 |-0.0247 |0.0000 |-0.0000 |0.0620 |
216.904 | -0.000 | 0.000 | -0.000 | 0.0665 |-0.0248 |0.0000 |-0.0000 |0.0623 |
217.250 | -0.000 | 0.000 | -0.000 | 0.0669 |-0.0250 |0.0000 |-0.0000 |0.0627 |
217.595 | -0.000 | 0.000 | -0.000 | 0.0673 |-0.0251 |0.0000 |-0.0000 |0.0631 |
217.938 | -0.000 | 0.000 | -0.000 | 0.0677 |-0.0253 |0.0000 |-0.0000 |0.0635 |
218.280 | -0.000 | 0.000 | -0.000 | 0.0681 |-0.0254 |0.0000 |-0.0000 |0.0639 |
218.621 | -0.000 | 0.000 | -0.000 | 0.0685 |-0.0256 |0.0000 |-0.0000 |0.0643 |
218.960 | -0.000 | 0.000 | -0.000 | 0.0689 |-0.0257 |0.0000 |-0.0000 |0.0646 |
219.298 | -0.000 | 0.000 | -0.000 | 0.0693 |-0.0259 |0.0000 |-0.0000 |0.0650 |
219.635 | -0.000 | 0.000 | -0.000 | 0.0697 |-0.0260 |0.0000 |-0.0000 |0.0654 |
219.970 | -0.000 | 0.000 | -0.000 | 0.0701 |-0.0262 |0.0000 |-0.0000 |0.0658 |
220.304 | -0.000 | 0.000 | -0.000 | 0.0704 |-0.0263 |0.0000 |-0.0000 |0.0662 |
220.636 | -0.000 | 0.000 | -0.000 | 0.0708 |-0.0265 |0.0000 |-0.0000 |0.0665 |
220.967 | -0.000 | 0.000 | -0.000 | 0.0712 |-0.0266 |0.0000 |-0.0000 |0.0669 |
221.297 | -0.000 | 0.000 | -0.000 | 0.0716 |-0.0267 |0.0000 |-0.0000 |0.0673 |
221.626 | -0.000 | 0.000 | -0.000 | 0.0720 |-0.0269 |0.0000 |-0.0000 |0.0677 |
221.953 | -0.000 | 0.000 | -0.000 | 0.0724 |-0.0270 |0.0000 |-0.0000 |0.0681 |
222.280 | -0.000 | 0.000 | -0.000 | 0.0728 |-0.0272 |0.0000 |-0.0000 |0.0684 |
222.604 | -0.000 | 0.000 | -0.000 | 0.0732 |-0.0273 |0.0000 |-0.0000 |0.0688 |
222.928 | -0.000 | 0.000 | -0.000 | 0.0736 |-0.0275 |0.0000 |-0.0000 |0.0692 |
223.250 | -0.000 | 0.000 | -0.000 | 0.0740 |-0.0276 |0.0000 |-0.0000 |0.0696 |
223.572 | -0.000 | 0.000 | -0.000 | 0.0744 |-0.0278 |0.0000 |-0.0000 |0.0700 |
223.891 | -0.000 | 0.000 | -0.000 | 0.0748 |-0.0279 |0.0000 |-0.0000 |0.0703 |
224.210 | -0.000 | 0.000 | -0.000 | 0.0752 |-0.0281 |0.0000 |-0.0000 |0.0707 |
224.528 | -0.000 | 0.000 | -0.000 | 0.0755 |-0.0282 |0.0000 |-0.0000 |0.0711 |
224.844 | -0.000 | 0.000 | -0.000 | 0.0759 |-0.0284 |0.0000 |-0.0000 |0.0715 |
225.159 | -0.000 | 0.000 | -0.000 | 0.0763 |-0.0285 |0.0000 |-0.0000 |0.0719 |
225.473 | -0.000 | 0.000 | -0.000 | 0.0767 |-0.0287 |0.0000 |-0.0000 |0.0722 |
225.786 | -0.000 | 0.000 | -0.000 | 0.0771 |-0.0288 |0.0000 |-0.0000 |0.0726 |
226.098 | -0.000 | 0.000 | -0.000 | 0.0775 |-0.0289 |0.0000 |-0.0000 |0.0730 |
226.409 | -0.000 | 0.000 | -0.000 | 0.0779 |-0.0291 |0.0000 |-0.0000 |0.0734 |
226.718 | -0.000 | 0.000 | -0.000 | 0.0783 |-0.0292 |0.0000 |-0.0000 |0.0738 |
227.027 | -0.000 | 0.000 | -0.000 | 0.0787 |-0.0294 |0.0000 |-0.0000 |0.0741 |
227.334 | -0.000 | 0.000 | -0.000 | 0.0791 |-0.0295 |0.0000 |-0.0000 |0.0745 |
227.640 | -0.000 | 0.000 | -0.000 | 0.0794 |-0.0297 |0.0000 |-0.0000 |0.0749 |
227.945 | -0.000 | 0.000 | -0.000 | 0.0798 |-0.0298 |0.0000 |-0.0000 |0.0753 |
228.249 | -0.000 | 0.000 | -0.000 | 0.0802 |-0.0300 |0.0000 |-0.0000 |0.0757 |
228.552 | -0.000 | 0.000 | -0.000 | 0.0806 |-0.0301 |0.0000 |-0.0000 |0.0760 |
228.854 | -0.000 | 0.000 | -0.000 | 0.0810 |-0.0303 |0.0000 |-0.0000 |0.0764 |
229.155 | -0.000 | 0.000 | -0.000 | 0.0814 |-0.0304 |0.0000 |-0.0000 |0.0768 |
229.455 | -0.000 | 0.000 | -0.000 | 0.0818 |-0.0306 |0.0000 |-0.0000 |0.0772 |
229.754 | -0.000 | 0.000 | -0.000 | 0.0822 |-0.0307 |0.0000 |-0.0000 |0.0775 |
230.051 | -0.000 | 0.000 | -0.000 | 0.0826 |-0.0308 |0.0000 |-0.0000 |0.0779 |
230.348 | -0.000 | 0.000 | -0.000 | 0.0829 |-0.0310 |0.0000 |-0.0000 |0.0783 |
230.644 | -0.000 | 0.000 | -0.000 | 0.0833 |-0.0311 |0.0000 |-0.0000 |0.0787 |
230.939 | -0.000 | 0.000 | -0.000 | 0.0837 |-0.0313 |0.0000 |-0.0000 |0.0791 |
231.232 | -0.000 | 0.000 | -0.000 | 0.0841 |-0.0314 |0.0000 |-0.0000 |0.0794 |
231.525 | -0.000 | 0.000 | -0.000 | 0.0845 |-0.0316 |0.0000 |-0.0000 |0.0798 |
231.817 | -0.000 | 0.000 | -0.000 | 0.0849 |-0.0317 |0.0000 |-0.0000 |0.0802 |
232.108 | -0.000 | 0.000 | -0.000 | 0.0853 |-0.0319 |0.0000 |-0.0000 |0.0806 |
232.397 | -0.000 | 0.000 | -0.000 | 0.0857 |-0.0320 |0.0000 |-0.0000 |0.0809 |
232.686 | -0.000 | 0.000 | -0.000 | 0.0861 |-0.0322 |0.0000 |-0.0000 |0.0813 |
232.974 | -0.000 | 0.000 | -0.000 | 0.0864 |-0.0323 |0.0000 |-0.0000 |0.0817 |
233.261 | -0.000 | 0.000 | -0.000 | 0.0868 |-0.0324 |0.0000 |-0.0000 |0.0821 |
233.547 | -0.000 | 0.000 | -0.000 | 0.0872 |-0.0326 |0.0000 |-0.0000 |0.0825 |
233.832 | -0.000 | 0.000 | -0.000 | 0.0876 |-0.0327 |0.0000 |-0.0000 |0.0828 |
234.117 | -0.000 | 0.000 | -0.000 | 0.0880 |-0.0329 |0.0000 |-0.0000 |0.0832 |
234.400 | -0.000 | 0.000 | -0.000 | 0.0884 |-0.0330 |0.0000 |-0.0000 |0.0836 |
234.682 | -0.000 | 0.000 | -0.000 | 0.0888 |-0.0332 |0.0000 |-0.0000 |0.0840 |
234.964 | -0.000 | 0.000 | -0.000 | 0.0892 |-0.0333 |0.0000 |-0.0000 |0.0843 |
235.244 | -0.000 | 0.000 | -0.000 | 0.0895 |-0.0335 |0.0000 |-0.0000 |0.0847 |
235.524 | -0.000 | 0.000 | -0.000 | 0.0899 |-0.0336 |0.0000 |-0.0000 |0.0851 |
235.803 | -0.000 | 0.000 | -0.000 | 0.0903 |-0.0338 |0.0000 |-0.0000 |0.0855 |
236.081 | -0.000 | 0.000 | -0.000 | 0.0907 |-0.0339 |0.0000 |-0.0000 |0.0858 |
236.358 | -0.000 | 0.000 | -0.000 | 0.0911 |-0.0340 |0.0000 |-0.0000 |0.0862 |
236.634 | -0.000 | 0.000 | -0.000 | 0.0915 |-0.0342 |0.0000 |-0.0000 |0.0866 |
236.909 | -0.000 | 0.000 | -0.000 | 0.0919 |-0.0343 |0.0000 |-0.0000 |0.0870 |
237.184 | -0.000 | 0.000 | -0.000 | 0.0922 |-0.0345 |0.0000 |-0.0000 |0.0874 |
237.458 | -0.000 | 0.000 | -0.000 | 0.0926 |-0.0346 |0.0000 |-0.0000 |0.0877 |
237.730 | -0.000 | 0.000 | -0.000 | 0.0930 |-0.0348 |0.0000 |-0.0000 |0.0881 |
238.002 | -0.000 | 0.000 | -0.000 | 0.0934 |-0.0349 |0.0000 |-0.0000 |0.0885 |
238.273 | -0.000 | 0.000 | -0.000 | 0.0938 |-0.0351 |0.0000 |-0.0000 |0.0889 |
238.544 | -0.000 | 0.000 | -0.000 | 0.0942 |-0.0352 |0.0000 |-0.0000 |0.0892 |
238.813 | -0.000 | 0.000 | -0.000 | 0.0946 |-0.0353 |0.0000 |-0.0000 |0.0896 |
239.082 | -0.000 | 0.000 | -0.000 | 0.0950 |-0.0355 |0.0000 |-0.0000 |0.0900 |
239.350 | -0.000 | 0.000 | -0.000 | 0.0953 |-0.0356 |0.0000 |-0.0000 |0.0904 |
239.617 | -0.000 | 0.000 | -0.000 | 0.0957 |-0.0358 |0.0000 |-0.0000 |0.0907 |
239.883 | -0.000 | 0.000 | -0.000 | 0.0961 |-0.0359 |0.0000 |-0.0000 |0.0911 |
240.149 | -0.000 | 0.000 | -0.000 | 0.0965 |-0.0361 |0.0000 |-0.0000 |0.0915 |
240.413 | -0.000 | 0.000 | -0.000 | 0.0969 |-0.0362 |0.0000 |-0.0000 |0.0919 |
240.677 | -0.000 | 0.000 | -0.000 | 0.0973 |-0.0364 |0.0000 |-0.0000 |0.0922 |
240.940 | -0.000 | 0.000 | -0.000 | 0.0976 |-0.0365 |0.0000 |-0.0000 |0.0926 |
241.203 | -0.000 | 0.000 | -0.000 | 0.0980 |-0.0366 |0.0000 |-0.0000 |0.0930 |
241.464 | -0.000 | 0.000 | -0.000 | 0.0984 |-0.0368 |0.0000 |-0.0000 |0.0934 |
241.725 | -0.000 | 0.000 | -0.000 | 0.0988 |-0.0369 |0.0000 |-0.0000 |0.0937 |
241.985 | -0.000 | 0.000 | -0.000 | 0.0992 |-0.0371 |0.0000 |-0.0000 |0.0941 |
242.245 | -0.000 | 0.000 | -0.000 | 0.0996 |-0.0372 |0.0000 |-0.0000 |0.0945 |
242.503 | -0.000 | 0.000 | -0.000 | 0.1000 |-0.0374 |0.0000 |-0.0000 |0.0948 |
242.761 | -0.000 | 0.000 | -0.000 | 0.1003 |-0.0375 |0.0000 |-0.0000 |0.0952 |
243.018 | -0.000 | 0.000 | -0.000 | 0.1007 |-0.0377 |0.0000 |-0.0000 |0.0956 |
243.275 | -0.000 | 0.000 | -0.000 | 0.1011 |-0.0378 |0.0000 |-0.0000 |0.0960 |
243.530 | -0.000 | 0.000 | -0.000 | 0.1015 |-0.0379 |0.0000 |-0.0000 |0.0963 |
243.785 | -0.000 | 0.000 | -0.000 | 0.1019 |-0.0381 |0.0000 |-0.0000 |0.0967 |
244.039 | -0.000 | 0.000 | -0.000 | 0.1023 |-0.0382 |0.0000 |-0.0000 |0.0971 |
244.293 | -0.000 | 0.000 | -0.000 | 0.1026 |-0.0384 |0.0000 |-0.0000 |0.0975 |
244.546 | -0.000 | 0.000 | -0.000 | 0.1030 |-0.0385 |0.0000 |-0.0000 |0.0978 |
244.798 | -0.000 | 0.000 | -0.000 | 0.1034 |-0.0387 |0.0000 |-0.0000 |0.0982 |
245.049 | -0.000 | 0.000 | -0.000 | 0.1038 |-0.0388 |0.0000 |-0.0000 |0.0986 |
245.300 | -0.000 | 0.000 | -0.000 | 0.1042 |-0.0389 |0.0000 |-0.0000 |0.0990 |
245.550 | -0.000 | 0.000 | -0.000 | 0.1046 |-0.0391 |0.0000 |-0.0000 |0.0993 |
245.799 | -0.000 | 0.000 | -0.000 | 0.1049 |-0.0392 |0.0000 |-0.0000 |0.0997 |
246.048 | -0.000 | 0.000 | -0.000 | 0.1053 |-0.0394 |0.0000 |-0.0000 |0.1001 |
246.296 | -0.000 | 0.000 | -0.000 | 0.1057 |-0.0395 |0.0000 |-0.0000 |0.1004 |
246.543 | -0.000 | 0.000 | -0.000 | 0.1061 |-0.0397 |0.0000 |-0.0000 |0.1008 |
246.790 | -0.000 | 0.000 | -0.000 | 0.1065 |-0.0398 |0.0000 |-0.0000 |0.1012 |
247.036 | -0.000 | 0.000 | -0.000 | 0.1068 |-0.0399 |0.0000 |-0.0000 |0.1016 |
247.281 | -0.000 | 0.000 | -0.000 | 0.1072 |-0.0401 |0.0000 |-0.0000 |0.1019 |
247.526 | -0.000 | 0.000 | -0.000 | 0.1076 |-0.0402 |0.0000 |-0.0000 |0.1023 |
247.770 | -0.000 | 0.000 | -0.000 | 0.1080 |-0.0404 |0.0000 |-0.0000 |0.1027 |
248.013 | -0.000 | 0.000 | -0.000 | 0.1084 |-0.0405 |0.0000 |-0.0000 |0.1031 |
248.256 | -0.000 | 0.000 | -0.000 | 0.1088 |-0.0407 |0.0000 |-0.0000 |0.1034 |
248.498 | -0.000 | 0.000 | -0.000 | 0.1091 |-0.0408 |0.0000 |-0.0000 |0.1038 |
248.740 | -0.000 | 0.000 | -0.000 | 0.1095 |-0.0410 |0.0000 |-0.0000 |0.1042 |
248.980 | -0.000 | 0.000 | -0.000 | 0.1099 |-0.0411 |0.0000 |-0.0000 |0.1045 |
249.221 | -0.000 | 0.000 | -0.000 | 0.1103 |-0.0412 |0.0000 |-0.0000 |0.1049 |
249.460 | -0.000 | 0.000 | -0.000 | 0.1107 |-0.0414 |0.0000 |-0.0000 |0.1053 |
249.699 | -0.000 | 0.000 | -0.000 | 0.1110 |-0.0415 |0.0000 |-0.0000 |0.1057 |
249.937 | -0.000 | 0.000 | -0.000 | 0.1114 |-0.0417 |0.0000 |-0.0000 |0.1060 |
250.175 | -0.000 | 0.000 | -0.000 | 0.1118 |-0.0418 |0.0000 |-0.0000 |0.1064 |
250.412 | -0.000 | 0.000 | -0.000 | 0.1122 |-0.0420 |0.0000 |-0.0000 |0.1068 |
250.649 | -0.000 | 0.000 | -0.000 | 0.1126 |-0.0421 |0.0000 |-0.0000 |0.1071 |
250.885 | -0.000 | 0.000 | -0.000 | 0.1129 |-0.0422 |0.0000 |-0.0000 |0.1075 |
251.120 | -0.000 | 0.000 | -0.000 | 0.1133 |-0.0424 |0.0000 |-0.0000 |0.1079 |
251.355 | -0.000 | 0.000 | -0.000 | 0.1137 |-0.0425 |0.0000 |-0.0000 |0.1082 |
251.589 | -0.000 | 0.000 | -0.000 | 0.1141 |-0.0427 |0.0000 |-0.0000 |0.1086 |
251.822 | -0.000 | 0.000 | -0.000 | 0.1145 |-0.0428 |0.0000 |-0.0000 |0.1090 |
252.055 | -0.000 | 0.000 | -0.000 | 0.1149 |-0.0430 |0.0000 |-0.0000 |0.1094 |
252.287 | -0.000 | 0.000 | -0.000 | 0.1152 |-0.0431 |0.0000 |-0.0000 |0.1097 |
252.519 | -0.000 | 0.000 | -0.000 | 0.1156 |-0.0432 |0.0000 |-0.0000 |0.1101 |
252.750 | -0.000 | 0.000 | -0.000 | 0.1160 |-0.0434 |0.0000 |-0.0000 |0.1105 |
252.981 | -0.000 | 0.000 | -0.000 | 0.1164 |-0.0435 |0.0000 |-0.0000 |0.1108 |
253.211 | -0.000 | 0.000 | -0.000 | 0.1167 |-0.0437 |0.0000 |-0.0000 |0.1112 |
253.441 | -0.000 | 0.000 | -0.000 | 0.1171 |-0.0438 |0.0000 |-0.0000 |0.1116 |
253.669 | -0.000 | 0.000 | -0.000 | 0.1175 |-0.0439 |0.0000 |-0.0000 |0.1119 |
253.898 | -0.000 | 0.000 | -0.000 | 0.1179 |-0.0441 |0.0000 |-0.0000 |0.1123 |
254.126 | -0.000 | 0.000 | -0.000 | 0.1183 |-0.0442 |0.0000 |-0.0000 |0.1127 |
254.353 | -0.000 | 0.000 | -0.000 | 0.1186 |-0.0444 |0.0000 |-0.0000 |0.1131 |
254.579 | -0.000 | 0.000 | -0.000 | 0.1190 |-0.0445 |0.0000 |-0.0000 |0.1134 |
254.806 | -0.000 | 0.000 | -0.000 | 0.1194 |-0.0447 |0.0000 |-0.0000 |0.1138 |
255.031 | -0.000 | 0.000 | -0.000 | 0.1198 |-0.0448 |0.0000 |-0.0000 |0.1142 |
255.256 | -0.000 | 0.000 | -0.000 | 0.1202 |-0.0449 |0.0000 |-0.0000 |0.1145 |
255.481 | -0.000 | 0.000 | -0.000 | 0.1205 |-0.0451 |0.0000 |-0.0000 |0.1149 |
255.705 | -0.000 | 0.000 | -0.000 | 0.1209 |-0.0452 |0.0000 |-0.0000 |0.1153 |
255.928 | -0.000 | 0.000 | -0.000 | 0.1213 |-0.0454 |0.0000 |-0.0000 |0.1156 |
256.151 | -0.000 | 0.000 | -0.000 | 0.1217 |-0.0455 |0.0000 |-0.0000 |0.1160 |
256.373 | -0.000 | 0.000 | -0.000 | 0.1221 |-0.0457 |0.0000 |-0.0000 |0.1164 |
256.595 | -0.000 | 0.000 | -0.000 | 0.1224 |-0.0458 |0.0000 |-0.0000 |0.1167 |
256.817 | -0.000 | 0.000 | -0.000 | 0.1228 |-0.0459 |0.0000 |-0.0000 |0.1171 |
257.037 | -0.000 | 0.000 | -0.000 | 0.1232 |-0.0461 |0.0000 |-0.0000 |0.1175 |
257.258 | -0.000 | 0.000 | -0.000 | 0.1236 |-0.0462 |0.0000 |-0.0000 |0.1179 |
257.477 | -0.000 | 0.000 | -0.000 | 0.1239 |-0.0464 |0.0000 |-0.0000 |0.1182 |
257.697 | -0.000 | 0.000 | -0.000 | 0.1243 |-0.0465 |0.0000 |-0.0000 |0.1186 |
257.915 | -0.000 | 0.000 | -0.000 | 0.1247 |-0.0466 |0.0000 |-0.0000 |0.1190 |
258.134 | -0.000 | 0.000 | -0.000 | 0.1251 |-0.0468 |0.0000 |-0.0000 |0.1193 |
258.351 | -0.000 | 0.000 | -0.000 | 0.1255 |-0.0469 |0.0000 |-0.0000 |0.1197 |
258.568 | -0.000 | 0.000 | -0.000 | 0.1258 |-0.0471 |0.0000 |-0.0000 |0.1201 |
258.785 | -0.000 | 0.000 | -0.000 | 0.1262 |-0.0472 |0.0000 |-0.0000 |0.1204 |
259.001 | -0.000 | 0.000 | -0.000 | 0.1266 |-0.0474 |0.0000 |-0.0000 |0.1208 |
259.217 | -0.000 | 0.000 | -0.000 | 0.1270 |-0.0475 |0.0000 |-0.0000 |0.1212 |
259.432 | -0.000 | 0.000 | -0.000 | 0.1273 |-0.0476 |0.0000 |-0.0000 |0.1215 |
259.647 | -0.000 | 0.000 | -0.000 | 0.1277 |-0.0478 |0.0000 |-0.0000 |0.1219 |
259.861 | -0.000 | 0.000 | -0.000 | 0.1281 |-0.0479 |0.0000 |-0.0000 |0.1223 |
260.075 | -0.000 | 0.000 | -0.000 | 0.1285 |-0.0481 |0.0000 |-0.0000 |0.1226 |
260.288 | -0.000 | 0.000 | -0.000 | 0.1288 |-0.0482 |0.0000 |-0.0000 |0.1230 |
260.501 | -0.000 | 0.000 | -0.000 | 0.1292 |-0.0483 |0.0000 |-0.0000 |0.1234 |
260.714 | -0.000 | 0.000 | -0.000 | 0.1296 |-0.0485 |0.0000 |-0.0000 |0.1237 |
260.926 | -0.000 | 0.000 | -0.000 | 0.1300 |-0.0486 |0.0000 |-0.0000 |0.1241 |
261.137 | -0.000 | 0.000 | -0.000 | 0.1303 |-0.0488 |0.0000 |-0.0000 |0.1245 |
261.348 | -0.000 | 0.000 | -0.000 | 0.1307 |-0.0489 |0.0000 |-0.0000 |0.1248 |
261.558 | -0.000 | 0.000 | -0.000 | 0.1311 |-0.0490 |0.0000 |-0.0000 |0.1252 |
261.768 | -0.000 | 0.000 | -0.000 | 0.1315 |-0.0492 |0.0000 |-0.0000 |0.1256 |
261.778 | 0.000 | 0.000 | -0.000 | 0.1315 |-0.0492 |0.0000 |-0.0000 |0.1256 |
