Test angle: 45
Node_A_151 coordinates: initialX | initialY | initialZ 
75.0000 | 0.0000 | 0.0000 | 
Node_B_1051 coordinates: initialX | initialY | initialZ 
-75.0000 | 0.0000 | 0.0000 | 
Node_C_606 coordinates: initialX | initialY | initialZ 
0.0000 | 5.0000 | 0.0000 | 
Node_D_1256 coordinates: initialX | initialY | initialZ 
0.0000 | -5.0000 | 0.0000 | 
  UA1  |  UA2  |  UA3 | UB1 | UB2 | UB3 | UC1 | UC2 | UC3 | UD1 | UD2 | UD3 
0.0000 | 0.0000 | 0.0000 | 0.0000 | 0.0000 | 0.0000 | 0.0000 | 0.0000 | 0.0000 | 0.0000 | 0.0000 | 0.0000 | 
0.0014 | -0.0000 | 0.0000 | 0.0004 | -0.0000 | 0.0000 | 0.0009 | -0.0000 | 0.0000 | 0.0009 | -0.0000 | 0.0000 | 
0.0029 | -0.0000 | -0.0000 | 0.0007 | -0.0000 | -0.0000 | 0.0018 | -0.0001 | -0.0000 | 0.0018 | -0.0000 | -0.0000 | 
0.0051 | -0.0001 | 0.0000 | 0.0013 | -0.0001 | 0.0000 | 0.0032 | -0.0001 | 0.0000 | 0.0032 | -0.0000 | 0.0000 | 
0.0083 | -0.0001 | -0.0000 | 0.0021 | -0.0001 | -0.0000 | 0.0052 | -0.0002 | -0.0000 | 0.0052 | -0.0000 | -0.0000 | 
0.0132 | -0.0001 | 0.0000 | 0.0033 | -0.0001 | 0.0000 | 0.0083 | -0.0002 | 0.0000 | 0.0083 | -0.0000 | 0.0000 | 
0.0205 | -0.0002 | -0.0000 | 0.0052 | -0.0002 | -0.0000 | 0.0128 | -0.0004 | -0.0000 | 0.0128 | -0.0000 | -0.0000 | 
0.0314 | -0.0003 | 0.0000 | 0.0080 | -0.0003 | 0.0000 | 0.0197 | -0.0006 | 0.0000 | 0.0197 | -0.0001 | 0.0000 | 
0.0479 | -0.0005 | -0.0000 | 0.0122 | -0.0005 | -0.0000 | 0.0300 | -0.0009 | -0.0000 | 0.0300 | -0.0001 | -0.0000 | 
0.0726 | -0.0008 | 0.0000 | 0.0184 | -0.0008 | 0.0000 | 0.0455 | -0.0014 | 0.0000 | 0.0455 | -0.0002 | 0.0000 | 
0.1096 | -0.0012 | -0.0000 | 0.0278 | -0.0012 | -0.0000 | 0.0687 | -0.0021 | -0.0000 | 0.0687 | -0.0003 | -0.0000 | 
0.1651 | -0.0018 | 0.0000 | 0.0419 | -0.0018 | 0.0000 | 0.1035 | -0.0031 | 0.0000 | 0.1035 | -0.0004 | 0.0000 | 
0.2373 | -0.0025 | -0.0000 | 0.0602 | -0.0025 | -0.0000 | 0.1487 | -0.0045 | -0.0000 | 0.1487 | -0.0006 | -0.0000 | 
0.3108 | -0.0031 | 0.0000 | 0.0772 | -0.0033 | 0.0000 | 0.1940 | -0.0057 | 0.0000 | 0.1940 | -0.0006 | 0.0000 | 
0.3305 | -0.0030 | 0.0000 | 0.0801 | -0.0033 | -0.0000 | 0.2053 | -0.0058 | -0.0000 | 0.2054 | -0.0005 | 0.0000 | 
0.3501 | -0.0030 | 0.0000 | 0.0831 | -0.0034 | 0.0000 | 0.2166 | -0.0059 | 0.0000 | 0.2167 | -0.0004 | 0.0000 | 
0.3698 | -0.0030 | -0.0000 | 0.0861 | -0.0034 | 0.0000 | 0.2279 | -0.0061 | -0.0000 | 0.2280 | -0.0003 | 0.0000 | 
0.3991 | -0.0029 | 0.0000 | 0.0907 | -0.0035 | -0.0000 | 0.2448 | -0.0063 | -0.0000 | 0.2450 | -0.0002 | 0.0000 | 
0.4431 | -0.0028 | 0.0000 | 0.0976 | -0.0036 | -0.0000 | 0.2702 | -0.0065 | -0.0000 | 0.2705 | 0.0001 | 0.0000 | 
0.5089 | -0.0027 | -0.0000 | 0.1082 | -0.0039 | 0.0000 | 0.3084 | -0.0070 | -0.0000 | 0.3087 | 0.0004 | 0.0000 | 
0.5868 | -0.0026 | 0.0000 | 0.1208 | -0.0041 | 0.0000 | 0.3536 | -0.0075 | 0.0000 | 0.3541 | 0.0009 | -0.0000 | 
0.6645 | -0.0024 | -0.0000 | 0.1337 | -0.0043 | -0.0000 | 0.3987 | -0.0080 | -0.0000 | 0.3994 | 0.0013 | 0.0000 | 
0.7421 | -0.0023 | -0.0000 | 0.1466 | -0.0045 | -0.0000 | 0.4439 | -0.0085 | -0.0000 | 0.4447 | 0.0017 | -0.0000 | 
0.8196 | -0.0022 | 0.0000 | 0.1596 | -0.0047 | -0.0000 | 0.4891 | -0.0090 | 0.0000 | 0.4900 | 0.0021 | -0.0000 | 
0.8971 | -0.0020 | 0.0000 | 0.1727 | -0.0049 | -0.0000 | 0.5343 | -0.0095 | 0.0000 | 0.5354 | 0.0025 | -0.0000 | 
0.9744 | -0.0019 | -0.0000 | 0.1858 | -0.0051 | 0.0000 | 0.5795 | -0.0099 | 0.0000 | 0.5807 | 0.0030 | -0.0000 | 
1.0517 | -0.0018 | 0.0000 | 0.1990 | -0.0054 | -0.0000 | 0.6247 | -0.0105 | 0.0000 | 0.6260 | 0.0033 | -0.0000 | 
1.1290 | -0.0017 | -0.0000 | 0.2122 | -0.0055 | -0.0000 | 0.6699 | -0.0109 | 0.0000 | 0.6713 | 0.0038 | -0.0000 | 
1.2062 | -0.0015 | 0.0000 | 0.2255 | -0.0057 | 0.0000 | 0.7151 | -0.0114 | 0.0000 | 0.7166 | 0.0042 | -0.0000 | 
1.2834 | -0.0014 | -0.0000 | 0.2388 | -0.0059 | -0.0000 | 0.7603 | -0.0119 | 0.0000 | 0.7620 | 0.0046 | -0.0000 | 
1.3606 | -0.0013 | 0.0000 | 0.2522 | -0.0061 | -0.0000 | 0.8055 | -0.0124 | 0.0000 | 0.8073 | 0.0050 | -0.0000 | 
1.4377 | -0.0012 | -0.0000 | 0.2656 | -0.0063 | -0.0000 | 0.8507 | -0.0129 | 0.0000 | 0.8526 | 0.0054 | -0.0000 | 
1.5148 | -0.0010 | 0.0000 | 0.2790 | -0.0064 | -0.0000 | 0.8958 | -0.0133 | 0.0000 | 0.8979 | 0.0059 | -0.0000 | 
1.5918 | -0.0009 | 0.0000 | 0.2925 | -0.0066 | 0.0000 | 0.9411 | -0.0138 | 0.0000 | 0.9432 | 0.0063 | -0.0000 | 
1.6689 | -0.0009 | -0.0000 | 0.3059 | -0.0068 | 0.0000 | 0.9863 | -0.0143 | 0.0000 | 0.9886 | 0.0067 | -0.0000 | 
1.7460 | -0.0007 | 0.0000 | 0.3194 | -0.0070 | 0.0000 | 1.0315 | -0.0148 | 0.0000 | 1.0339 | 0.0071 | -0.0000 | 
1.8229 | -0.0006 | 0.0000 | 0.3329 | -0.0071 | 0.0000 | 1.0767 | -0.0152 | 0.0000 | 1.0792 | 0.0075 | -0.0000 | 
1.8999 | -0.0005 | 0.0000 | 0.3464 | -0.0073 | 0.0000 | 1.1218 | -0.0157 | 0.0000 | 1.1245 | 0.0079 | -0.0000 | 
1.9769 | -0.0004 | 0.0000 | 0.3600 | -0.0074 | 0.0000 | 1.1670 | -0.0162 | 0.0000 | 1.1698 | 0.0083 | -0.0000 | 
2.0539 | -0.0003 | -0.0000 | 0.3735 | -0.0076 | -0.0000 | 1.2122 | -0.0167 | 0.0000 | 1.2152 | 0.0087 | -0.0000 | 
2.1308 | -0.0002 | 0.0000 | 0.3871 | -0.0078 | -0.0000 | 1.2575 | -0.0171 | 0.0000 | 1.2605 | 0.0092 | -0.0000 | 
2.2078 | -0.0001 | 0.0000 | 0.4007 | -0.0079 | -0.0000 | 1.3027 | -0.0176 | 0.0000 | 1.3058 | 0.0096 | -0.0000 | 
2.2847 | -0.0000 | -0.0000 | 0.4143 | -0.0080 | 0.0000 | 1.3478 | -0.0180 | 0.0000 | 1.3511 | 0.0100 | -0.0000 | 
2.3616 | 0.0001 | -0.0000 | 0.4279 | -0.0082 | 0.0000 | 1.3930 | -0.0185 | 0.0000 | 1.3964 | 0.0104 | -0.0000 | 
2.4384 | 0.0002 | 0.0000 | 0.4415 | -0.0083 | 0.0000 | 1.4382 | -0.0190 | 0.0000 | 1.4417 | 0.0108 | -0.0000 | 
2.5153 | 0.0003 | -0.0000 | 0.4551 | -0.0085 | -0.0000 | 1.4834 | -0.0194 | 0.0000 | 1.4871 | 0.0112 | -0.0000 | 
2.5922 | 0.0004 | -0.0000 | 0.4688 | -0.0086 | -0.0000 | 1.5286 | -0.0199 | 0.0000 | 1.5324 | 0.0116 | -0.0000 | 
2.6691 | 0.0005 | -0.0000 | 0.4824 | -0.0088 | -0.0000 | 1.5738 | -0.0204 | 0.0000 | 1.5777 | 0.0121 | -0.0000 | 
2.7460 | 0.0006 | -0.0000 | 0.4961 | -0.0089 | -0.0000 | 1.6190 | -0.0208 | 0.0000 | 1.6230 | 0.0125 | -0.0000 | 
2.8228 | 0.0007 | 0.0000 | 0.5098 | -0.0090 | 0.0000 | 1.6642 | -0.0213 | 0.0000 | 1.6683 | 0.0129 | -0.0000 | 
2.8997 | 0.0007 | -0.0000 | 0.5234 | -0.0092 | 0.0000 | 1.7094 | -0.0217 | 0.0000 | 1.7136 | 0.0133 | -0.0000 | 
2.9765 | 0.0009 | 0.0000 | 0.5371 | -0.0093 | -0.0000 | 1.7546 | -0.0222 | 0.0000 | 1.7589 | 0.0138 | -0.0000 | 
3.0533 | 0.0009 | -0.0000 | 0.5507 | -0.0094 | 0.0000 | 1.7998 | -0.0226 | 0.0000 | 1.8042 | 0.0142 | -0.0000 | 
3.1301 | 0.0010 | -0.0000 | 0.5644 | -0.0096 | 0.0000 | 1.8450 | -0.0231 | 0.0000 | 1.8496 | 0.0145 | -0.0000 | 
3.2070 | 0.0011 | 0.0000 | 0.5781 | -0.0097 | 0.0000 | 1.8902 | -0.0236 | 0.0000 | 1.8949 | 0.0150 | -0.0000 | 
3.2838 | 0.0012 | -0.0000 | 0.5918 | -0.0098 | -0.0000 | 1.9354 | -0.0240 | 0.0000 | 1.9402 | 0.0154 | -0.0000 | 
3.3606 | 0.0013 | -0.0000 | 0.6055 | -0.0099 | 0.0000 | 1.9806 | -0.0244 | 0.0000 | 1.9856 | 0.0158 | -0.0000 | 
3.4374 | 0.0014 | -0.0000 | 0.6193 | -0.0101 | -0.0000 | 2.0258 | -0.0249 | 0.0000 | 2.0309 | 0.0162 | -0.0000 | 
3.5142 | 0.0014 | 0.0000 | 0.6330 | -0.0102 | -0.0000 | 2.0710 | -0.0254 | 0.0000 | 2.0762 | 0.0166 | -0.0000 | 
3.5910 | 0.0015 | -0.0000 | 0.6467 | -0.0103 | -0.0000 | 2.1162 | -0.0258 | 0.0000 | 2.1215 | 0.0170 | -0.0000 | 
3.6678 | 0.0016 | 0.0000 | 0.6604 | -0.0104 | 0.0000 | 2.1614 | -0.0263 | 0.0000 | 2.1668 | 0.0175 | -0.0000 | 
3.7446 | 0.0017 | 0.0000 | 0.6741 | -0.0105 | 0.0000 | 2.2066 | -0.0267 | 0.0000 | 2.2121 | 0.0179 | -0.0000 | 
3.8214 | 0.0018 | -0.0000 | 0.6878 | -0.0106 | 0.0000 | 2.2518 | -0.0272 | 0.0000 | 2.2574 | 0.0183 | -0.0000 | 
3.8982 | 0.0018 | -0.0000 | 0.7015 | -0.0108 | 0.0000 | 2.2970 | -0.0277 | 0.0000 | 2.3027 | 0.0187 | -0.0000 | 
3.9750 | 0.0019 | -0.0000 | 0.7153 | -0.0109 | 0.0000 | 2.3422 | -0.0281 | 0.0000 | 2.3481 | 0.0191 | -0.0000 | 
4.0518 | 0.0020 | -0.0000 | 0.7290 | -0.0110 | 0.0000 | 2.3874 | -0.0285 | 0.0000 | 2.3934 | 0.0195 | -0.0000 | 
4.1286 | 0.0020 | -0.0000 | 0.7428 | -0.0111 | 0.0000 | 2.4326 | -0.0290 | 0.0000 | 2.4387 | 0.0199 | -0.0000 | 
4.2054 | 0.0022 | -0.0000 | 0.7565 | -0.0112 | 0.0000 | 2.4778 | -0.0294 | 0.0000 | 2.4840 | 0.0204 | -0.0000 | 
4.2821 | 0.0022 | -0.0000 | 0.7702 | -0.0113 | -0.0000 | 2.5230 | -0.0299 | 0.0000 | 2.5293 | 0.0208 | -0.0000 | 
4.3589 | 0.0023 | -0.0000 | 0.7839 | -0.0114 | -0.0000 | 2.5682 | -0.0303 | 0.0000 | 2.5746 | 0.0212 | -0.0000 | 
4.4357 | 0.0023 | -0.0000 | 0.7977 | -0.0115 | 0.0000 | 2.6134 | -0.0308 | 0.0000 | 2.6200 | 0.0216 | -0.0000 | 
4.5124 | 0.0024 | -0.0000 | 0.8114 | -0.0116 | -0.0000 | 2.6586 | -0.0312 | 0.0000 | 2.6653 | 0.0220 | -0.0000 | 
4.5892 | 0.0025 | -0.0000 | 0.8252 | -0.0117 | 0.0000 | 2.7038 | -0.0317 | 0.0000 | 2.7106 | 0.0224 | -0.0000 | 
4.6660 | 0.0026 | -0.0000 | 0.8389 | -0.0118 | -0.0000 | 2.7490 | -0.0321 | 0.0000 | 2.7559 | 0.0229 | -0.0000 | 
4.7428 | 0.0026 | -0.0000 | 0.8526 | -0.0119 | -0.0000 | 2.7942 | -0.0325 | 0.0000 | 2.8012 | 0.0233 | -0.0000 | 
4.8195 | 0.0027 | -0.0000 | 0.8664 | -0.0120 | 0.0000 | 2.8394 | -0.0330 | 0.0000 | 2.8465 | 0.0237 | -0.0000 | 
4.8963 | 0.0028 | -0.0000 | 0.8801 | -0.0122 | -0.0000 | 2.8846 | -0.0335 | 0.0000 | 2.8918 | 0.0241 | -0.0000 | 
4.9731 | 0.0028 | 0.0000 | 0.8939 | -0.0123 | 0.0000 | 2.9298 | -0.0339 | 0.0000 | 2.9371 | 0.0245 | -0.0000 | 
5.0499 | 0.0029 | -0.0000 | 0.9076 | -0.0123 | -0.0000 | 2.9750 | -0.0343 | 0.0000 | 2.9825 | 0.0249 | -0.0000 | 
5.1266 | 0.0030 | -0.0000 | 0.9214 | -0.0124 | 0.0000 | 3.0202 | -0.0348 | 0.0000 | 3.0278 | 0.0253 | -0.0000 | 
5.2034 | 0.0030 | -0.0000 | 0.9351 | -0.0125 | 0.0000 | 3.0654 | -0.0352 | 0.0000 | 3.0731 | 0.0257 | -0.0000 | 
5.2802 | 0.0031 | -0.0000 | 0.9489 | -0.0126 | 0.0000 | 3.1106 | -0.0356 | 0.0000 | 3.1184 | 0.0262 | -0.0000 | 
5.3569 | 0.0032 | 0.0000 | 0.9626 | -0.0127 | -0.0000 | 3.1558 | -0.0361 | 0.0000 | 3.1637 | 0.0266 | -0.0000 | 
5.4337 | 0.0032 | 0.0000 | 0.9764 | -0.0128 | -0.0000 | 3.2010 | -0.0365 | 0.0000 | 3.2090 | 0.0270 | -0.0000 | 
5.5104 | 0.0033 | 0.0000 | 0.9901 | -0.0129 | 0.0000 | 3.2462 | -0.0370 | 0.0000 | 3.2543 | 0.0274 | -0.0000 | 
5.5872 | 0.0033 | -0.0000 | 1.0039 | -0.0130 | -0.0000 | 3.2914 | -0.0374 | 0.0000 | 3.2997 | 0.0278 | -0.0000 | 
5.6640 | 0.0034 | 0.0000 | 1.0176 | -0.0131 | -0.0000 | 3.3366 | -0.0379 | 0.0000 | 3.3450 | 0.0282 | -0.0000 | 
5.7408 | 0.0035 | 0.0000 | 1.0313 | -0.0131 | -0.0000 | 3.3818 | -0.0383 | 0.0000 | 3.3903 | 0.0286 | -0.0000 | 
5.8175 | 0.0035 | 0.0000 | 1.0451 | -0.0132 | -0.0000 | 3.4270 | -0.0387 | 0.0000 | 3.4356 | 0.0290 | -0.0000 | 
5.8943 | 0.0036 | 0.0000 | 1.0588 | -0.0133 | 0.0000 | 3.4722 | -0.0392 | 0.0000 | 3.4809 | 0.0294 | -0.0000 | 
5.9711 | 0.0037 | 0.0000 | 1.0725 | -0.0134 | 0.0000 | 3.5174 | -0.0396 | 0.0000 | 3.5262 | 0.0299 | -0.0000 | 
6.0478 | 0.0037 | 0.0000 | 1.0863 | -0.0135 | 0.0000 | 3.5626 | -0.0400 | 0.0000 | 3.5715 | 0.0303 | -0.0000 | 
6.1246 | 0.0038 | 0.0000 | 1.1000 | -0.0136 | -0.0000 | 3.6078 | -0.0405 | 0.0000 | 3.6168 | 0.0307 | -0.0000 | 
6.2014 | 0.0038 | 0.0000 | 1.1138 | -0.0137 | -0.0000 | 3.6530 | -0.0409 | 0.0000 | 3.6622 | 0.0311 | -0.0000 | 
6.2782 | 0.0039 | -0.0000 | 1.1275 | -0.0138 | -0.0000 | 3.6982 | -0.0414 | 0.0000 | 3.7075 | 0.0315 | -0.0000 | 
6.3550 | 0.0040 | -0.0000 | 1.1413 | -0.0139 | 0.0000 | 3.7434 | -0.0418 | 0.0000 | 3.7528 | 0.0319 | -0.0000 | 
6.4317 | 0.0040 | 0.0000 | 1.1550 | -0.0139 | -0.0000 | 3.7886 | -0.0422 | 0.0000 | 3.7981 | 0.0323 | -0.0000 | 
6.5085 | 0.0041 | 0.0000 | 1.1688 | -0.0140 | 0.0000 | 3.8338 | -0.0427 | 0.0000 | 3.8435 | 0.0327 | -0.0000 | 
6.5853 | 0.0042 | 0.0000 | 1.1825 | -0.0141 | 0.0000 | 3.8790 | -0.0431 | 0.0000 | 3.8888 | 0.0332 | -0.0000 | 
6.6620 | 0.0042 | 0.0000 | 1.1962 | -0.0142 | 0.0000 | 3.9242 | -0.0435 | 0.0000 | 3.9341 | 0.0336 | -0.0000 | 
6.7388 | 0.0043 | 0.0000 | 1.2100 | -0.0142 | 0.0000 | 3.9694 | -0.0440 | 0.0000 | 3.9794 | 0.0340 | -0.0000 | 
6.8156 | 0.0043 | 0.0000 | 1.2237 | -0.0143 | -0.0000 | 4.0146 | -0.0444 | 0.0000 | 4.0247 | 0.0344 | -0.0000 | 
6.8924 | 0.0044 | -0.0000 | 1.2374 | -0.0144 | 0.0000 | 4.0598 | -0.0448 | 0.0000 | 4.0700 | 0.0348 | -0.0000 | 
6.9692 | 0.0044 | 0.0000 | 1.2512 | -0.0145 | 0.0000 | 4.1050 | -0.0453 | 0.0000 | 4.1153 | 0.0352 | -0.0000 | 
7.0459 | 0.0044 | 0.0000 | 1.2649 | -0.0146 | -0.0000 | 4.1502 | -0.0457 | 0.0000 | 4.1606 | 0.0356 | -0.0000 | 
7.1227 | 0.0045 | 0.0000 | 1.2786 | -0.0147 | 0.0000 | 4.1954 | -0.0462 | 0.0000 | 4.2059 | 0.0360 | -0.0000 | 
7.1995 | 0.0046 | 0.0000 | 1.2923 | -0.0147 | 0.0000 | 4.2406 | -0.0466 | 0.0000 | 4.2512 | 0.0364 | -0.0000 | 
7.2763 | 0.0046 | 0.0000 | 1.3061 | -0.0148 | 0.0000 | 4.2858 | -0.0470 | 0.0000 | 4.2966 | 0.0368 | -0.0000 | 
7.3531 | 0.0047 | -0.0000 | 1.3198 | -0.0149 | 0.0000 | 4.3310 | -0.0474 | 0.0000 | 4.3419 | 0.0372 | -0.0000 | 
7.4299 | 0.0048 | 0.0000 | 1.3335 | -0.0150 | 0.0000 | 4.3762 | -0.0479 | 0.0000 | 4.3872 | 0.0377 | -0.0000 | 
7.5067 | 0.0048 | 0.0000 | 1.3472 | -0.0150 | 0.0000 | 4.4214 | -0.0483 | 0.0000 | 4.4325 | 0.0381 | -0.0000 | 
7.5835 | 0.0049 | 0.0000 | 1.3609 | -0.0151 | 0.0000 | 4.4666 | -0.0487 | 0.0000 | 4.4778 | 0.0385 | -0.0000 | 
7.6603 | 0.0049 | 0.0000 | 1.3746 | -0.0152 | 0.0000 | 4.5118 | -0.0492 | 0.0000 | 4.5231 | 0.0389 | -0.0000 | 
7.7371 | 0.0050 | 0.0000 | 1.3884 | -0.0153 | 0.0000 | 4.5570 | -0.0496 | 0.0000 | 4.5684 | 0.0393 | -0.0000 | 
7.8139 | 0.0050 | 0.0000 | 1.4021 | -0.0154 | 0.0000 | 4.6022 | -0.0500 | 0.0000 | 4.6137 | 0.0397 | -0.0000 | 
7.8907 | 0.0050 | 0.0000 | 1.4158 | -0.0154 | -0.0000 | 4.6474 | -0.0505 | 0.0000 | 4.6591 | 0.0401 | -0.0000 | 
7.9675 | 0.0051 | 0.0000 | 1.4295 | -0.0155 | 0.0000 | 4.6926 | -0.0509 | 0.0000 | 4.7044 | 0.0405 | -0.0000 | 
8.0443 | 0.0052 | 0.0000 | 1.4432 | -0.0156 | 0.0000 | 4.7378 | -0.0513 | 0.0000 | 4.7497 | 0.0409 | -0.0000 | 
8.1211 | 0.0052 | 0.0000 | 1.4569 | -0.0156 | 0.0000 | 4.7831 | -0.0517 | 0.0000 | 4.7950 | 0.0413 | -0.0000 | 
8.1979 | 0.0053 | 0.0000 | 1.4707 | -0.0157 | 0.0000 | 4.8283 | -0.0522 | 0.0000 | 4.8403 | 0.0417 | -0.0000 | 
8.2747 | 0.0053 | 0.0000 | 1.4844 | -0.0158 | 0.0000 | 4.8735 | -0.0526 | 0.0000 | 4.8856 | 0.0422 | -0.0000 | 
8.3515 | 0.0054 | 0.0000 | 1.4981 | -0.0158 | 0.0000 | 4.9186 | -0.0530 | 0.0000 | 4.9310 | 0.0426 | -0.0000 | 
8.4284 | 0.0054 | -0.0000 | 1.5118 | -0.0159 | 0.0000 | 4.9638 | -0.0534 | 0.0000 | 4.9763 | 0.0430 | -0.0000 | 
8.5052 | 0.0055 | 0.0000 | 1.5255 | -0.0159 | -0.0000 | 5.0090 | -0.0539 | 0.0000 | 5.0216 | 0.0434 | -0.0000 | 
8.5820 | 0.0055 | 0.0000 | 1.5391 | -0.0160 | 0.0000 | 5.0542 | -0.0543 | 0.0000 | 5.0669 | 0.0438 | -0.0000 | 
8.6588 | 0.0055 | 0.0000 | 1.5528 | -0.0161 | 0.0000 | 5.0994 | -0.0547 | 0.0000 | 5.1122 | 0.0442 | -0.0000 | 
8.7356 | 0.0056 | -0.0000 | 1.5665 | -0.0161 | 0.0000 | 5.1446 | -0.0552 | 0.0000 | 5.1575 | 0.0446 | -0.0000 | 
8.8125 | 0.0056 | 0.0000 | 1.5802 | -0.0162 | 0.0000 | 5.1898 | -0.0556 | 0.0000 | 5.2028 | 0.0450 | -0.0000 | 
8.8893 | 0.0057 | 0.0000 | 1.5939 | -0.0163 | 0.0000 | 5.2350 | -0.0560 | 0.0000 | 5.2481 | 0.0454 | -0.0000 | 
8.9661 | 0.0057 | 0.0000 | 1.6076 | -0.0164 | 0.0000 | 5.2802 | -0.0565 | 0.0000 | 5.2934 | 0.0458 | -0.0000 | 
9.0429 | 0.0057 | 0.0000 | 1.6212 | -0.0164 | 0.0000 | 5.3254 | -0.0569 | 0.0000 | 5.3387 | 0.0462 | -0.0000 | 
9.1198 | 0.0058 | 0.0000 | 1.6349 | -0.0165 | 0.0000 | 5.3706 | -0.0573 | 0.0000 | 5.3841 | 0.0466 | -0.0000 | 
9.1966 | 0.0059 | 0.0000 | 1.6486 | -0.0166 | 0.0000 | 5.4158 | -0.0577 | 0.0000 | 5.4294 | 0.0470 | -0.0000 | 
9.2735 | 0.0059 | 0.0000 | 1.6623 | -0.0166 | 0.0000 | 5.4611 | -0.0581 | 0.0000 | 5.4747 | 0.0474 | -0.0000 | 
9.3503 | 0.0060 | 0.0000 | 1.6760 | -0.0167 | 0.0000 | 5.5063 | -0.0586 | 0.0000 | 5.5200 | 0.0479 | -0.0000 | 
9.4271 | 0.0060 | 0.0000 | 1.6896 | -0.0168 | -0.0000 | 5.5515 | -0.0590 | 0.0000 | 5.5653 | 0.0483 | -0.0000 | 
9.5040 | 0.0061 | -0.0000 | 1.7033 | -0.0168 | -0.0000 | 5.5967 | -0.0594 | 0.0000 | 5.6106 | 0.0487 | -0.0000 | 
9.5808 | 0.0061 | -0.0000 | 1.7169 | -0.0169 | 0.0000 | 5.6418 | -0.0598 | 0.0000 | 5.6559 | 0.0491 | -0.0000 | 
9.6577 | 0.0062 | 0.0000 | 1.7306 | -0.0169 | 0.0000 | 5.6870 | -0.0603 | 0.0000 | 5.7012 | 0.0495 | -0.0000 | 
9.7345 | 0.0062 | 0.0000 | 1.7443 | -0.0170 | -0.0000 | 5.7323 | -0.0607 | 0.0000 | 5.7466 | 0.0499 | -0.0000 | 
9.8114 | 0.0062 | 0.0000 | 1.7579 | -0.0171 | -0.0000 | 5.7775 | -0.0611 | 0.0000 | 5.7919 | 0.0503 | -0.0000 | 
9.8883 | 0.0063 | -0.0000 | 1.7716 | -0.0172 | -0.0000 | 5.8227 | -0.0616 | 0.0000 | 5.8372 | 0.0507 | -0.0000 | 
9.9651 | 0.0063 | -0.0000 | 1.7853 | -0.0172 | 0.0000 | 5.8679 | -0.0620 | 0.0000 | 5.8825 | 0.0511 | -0.0000 | 
10.0420 | 0.0064 | 0.0000 | 1.7989 | -0.0173 | 0.0000 | 5.9131 | -0.0624 | 0.0000 | 5.9278 | 0.0515 | -0.0000 | 
10.1188 | 0.0064 | 0.0000 | 1.8126 | -0.0173 | 0.0000 | 5.9583 | -0.0628 | 0.0000 | 5.9731 | 0.0519 | -0.0000 | 
10.1957 | 0.0065 | -0.0000 | 1.8262 | -0.0174 | -0.0000 | 6.0035 | -0.0632 | 0.0000 | 6.0185 | 0.0523 | -0.0000 | 
10.2726 | 0.0065 | -0.0000 | 1.8399 | -0.0174 | -0.0000 | 6.0487 | -0.0636 | 0.0000 | 6.0638 | 0.0527 | -0.0000 | 
10.3495 | 0.0066 | -0.0000 | 1.8535 | -0.0175 | 0.0000 | 6.0939 | -0.0641 | 0.0000 | 6.1091 | 0.0531 | -0.0000 | 
10.4263 | 0.0066 | 0.0000 | 1.8672 | -0.0176 | 0.0000 | 6.1391 | -0.0645 | 0.0000 | 6.1544 | 0.0535 | -0.0000 | 
10.5032 | 0.0066 | 0.0000 | 1.8808 | -0.0176 | -0.0000 | 6.1843 | -0.0649 | 0.0000 | 6.1997 | 0.0539 | -0.0000 | 
10.5801 | 0.0067 | -0.0000 | 1.8944 | -0.0177 | -0.0000 | 6.2295 | -0.0653 | 0.0000 | 6.2450 | 0.0543 | -0.0000 | 
10.6569 | 0.0067 | -0.0000 | 1.9081 | -0.0177 | 0.0000 | 6.2747 | -0.0657 | 0.0000 | 6.2903 | 0.0547 | -0.0000 | 
10.7338 | 0.0067 | 0.0000 | 1.9217 | -0.0178 | 0.0000 | 6.3199 | -0.0662 | 0.0000 | 6.3356 | 0.0551 | -0.0000 | 
10.8107 | 0.0068 | 0.0000 | 1.9353 | -0.0178 | 0.0000 | 6.3651 | -0.0666 | 0.0000 | 6.3809 | 0.0555 | -0.0000 | 
10.8876 | 0.0068 | 0.0000 | 1.9489 | -0.0179 | 0.0000 | 6.4103 | -0.0670 | 0.0000 | 6.4263 | 0.0560 | -0.0000 | 
10.9645 | 0.0069 | -0.0000 | 1.9626 | -0.0179 | -0.0000 | 6.4555 | -0.0674 | 0.0000 | 6.4716 | 0.0564 | -0.0000 | 
11.0414 | 0.0069 | -0.0000 | 1.9762 | -0.0180 | 0.0000 | 6.5007 | -0.0678 | 0.0000 | 6.5169 | 0.0568 | -0.0000 | 
11.1183 | 0.0069 | 0.0000 | 1.9898 | -0.0180 | 0.0000 | 6.5459 | -0.0683 | 0.0000 | 6.5622 | 0.0572 | -0.0000 | 
11.1952 | 0.0070 | 0.0000 | 2.0034 | -0.0181 | 0.0000 | 6.5911 | -0.0687 | 0.0000 | 6.6075 | 0.0576 | -0.0000 | 
11.2721 | 0.0070 | 0.0000 | 2.0170 | -0.0181 | -0.0000 | 6.6363 | -0.0691 | 0.0000 | 6.6528 | 0.0580 | -0.0000 | 
11.3490 | 0.0070 | -0.0000 | 2.0306 | -0.0182 | -0.0000 | 6.6815 | -0.0695 | 0.0000 | 6.6981 | 0.0584 | -0.0000 | 
11.4259 | 0.0071 | -0.0000 | 2.0442 | -0.0183 | 0.0000 | 6.7267 | -0.0700 | 0.0000 | 6.7434 | 0.0588 | -0.0000 | 
11.5028 | 0.0071 | 0.0000 | 2.0578 | -0.0183 | 0.0000 | 6.7719 | -0.0704 | 0.0000 | 6.7887 | 0.0592 | -0.0000 | 
11.5797 | 0.0072 | 0.0000 | 2.0714 | -0.0184 | 0.0000 | 6.8171 | -0.0708 | 0.0000 | 6.8341 | 0.0596 | -0.0000 | 
11.6566 | 0.0072 | 0.0000 | 2.0850 | -0.0184 | -0.0000 | 6.8623 | -0.0712 | 0.0000 | 6.8794 | 0.0600 | -0.0000 | 
11.7336 | 0.0073 | -0.0000 | 2.0986 | -0.0185 | -0.0000 | 6.9075 | -0.0716 | 0.0000 | 6.9247 | 0.0604 | -0.0000 | 
11.8105 | 0.0073 | -0.0000 | 2.1122 | -0.0186 | 0.0000 | 6.9527 | -0.0720 | 0.0000 | 6.9700 | 0.0608 | -0.0000 | 
11.8874 | 0.0074 | 0.0000 | 2.1258 | -0.0186 | 0.0000 | 6.9979 | -0.0724 | 0.0000 | 7.0153 | 0.0612 | -0.0000 | 
11.9643 | 0.0074 | 0.0000 | 2.1394 | -0.0187 | -0.0000 | 7.0431 | -0.0729 | 0.0000 | 7.0606 | 0.0616 | -0.0000 | 
12.0413 | 0.0074 | 0.0000 | 2.1530 | -0.0187 | -0.0000 | 7.0883 | -0.0733 | 0.0000 | 7.1059 | 0.0620 | -0.0000 | 
12.1182 | 0.0075 | -0.0000 | 2.1666 | -0.0188 | 0.0000 | 7.1335 | -0.0737 | 0.0000 | 7.1512 | 0.0624 | -0.0000 | 
12.1951 | 0.0075 | -0.0000 | 2.1801 | -0.0188 | 0.0000 | 7.1787 | -0.0741 | 0.0000 | 7.1966 | 0.0628 | -0.0000 | 
12.2721 | 0.0075 | 0.0000 | 2.1937 | -0.0189 | 0.0000 | 7.2239 | -0.0745 | 0.0000 | 7.2419 | 0.0632 | -0.0000 | 
12.3490 | 0.0076 | 0.0000 | 2.2073 | -0.0189 | 0.0000 | 7.2691 | -0.0749 | 0.0000 | 7.2872 | 0.0636 | -0.0000 | 
12.4259 | 0.0076 | 0.0000 | 2.2209 | -0.0190 | 0.0000 | 7.3143 | -0.0754 | 0.0000 | 7.3325 | 0.0640 | -0.0000 | 
12.5029 | 0.0076 | -0.0000 | 2.2344 | -0.0190 | 0.0000 | 7.3595 | -0.0758 | 0.0000 | 7.3778 | 0.0644 | -0.0000 | 
12.5798 | 0.0077 | -0.0000 | 2.2480 | -0.0191 | 0.0000 | 7.4047 | -0.0762 | 0.0000 | 7.4231 | 0.0648 | -0.0000 | 
12.6568 | 0.0077 | 0.0000 | 2.2616 | -0.0192 | 0.0000 | 7.4499 | -0.0766 | 0.0000 | 7.4684 | 0.0652 | -0.0000 | 
12.7337 | 0.0077 | 0.0000 | 2.2751 | -0.0192 | 0.0000 | 7.4951 | -0.0770 | 0.0000 | 7.5137 | 0.0656 | -0.0000 | 
12.8107 | 0.0078 | -0.0000 | 2.2887 | -0.0193 | 0.0000 | 7.5403 | -0.0775 | 0.0000 | 7.5591 | 0.0660 | -0.0000 | 
12.8877 | 0.0078 | 0.0000 | 2.3022 | -0.0193 | 0.0000 | 7.5855 | -0.0779 | 0.0000 | 7.6044 | 0.0664 | -0.0000 | 
12.9646 | 0.0079 | 0.0000 | 2.3158 | -0.0193 | 0.0000 | 7.6307 | -0.0783 | 0.0000 | 7.6497 | 0.0668 | -0.0000 | 
13.0416 | 0.0079 | -0.0000 | 2.3294 | -0.0194 | 0.0000 | 7.6759 | -0.0787 | 0.0000 | 7.6950 | 0.0672 | -0.0000 | 
13.1186 | 0.0079 | 0.0000 | 2.3429 | -0.0194 | 0.0000 | 7.7211 | -0.0791 | 0.0000 | 7.7403 | 0.0676 | -0.0000 | 
13.1955 | 0.0080 | -0.0000 | 2.3564 | -0.0195 | 0.0000 | 7.7663 | -0.0795 | 0.0000 | 7.7856 | 0.0680 | -0.0000 | 
13.2725 | 0.0080 | 0.0000 | 2.3700 | -0.0195 | 0.0000 | 7.8115 | -0.0799 | 0.0000 | 7.8309 | 0.0684 | -0.0000 | 
13.3495 | 0.0080 | 0.0000 | 2.3835 | -0.0196 | 0.0000 | 7.8567 | -0.0803 | 0.0000 | 7.8762 | 0.0688 | -0.0000 | 
13.4264 | 0.0081 | 0.0000 | 2.3971 | -0.0196 | -0.0000 | 7.9019 | -0.0808 | 0.0000 | 7.9216 | 0.0692 | -0.0000 | 
13.5034 | 0.0081 | 0.0000 | 2.4106 | -0.0197 | 0.0000 | 7.9472 | -0.0812 | 0.0000 | 7.9669 | 0.0696 | -0.0000 | 
13.5804 | 0.0081 | 0.0000 | 2.4241 | -0.0197 | 0.0000 | 7.9924 | -0.0816 | 0.0000 | 8.0122 | 0.0700 | -0.0000 | 
13.6574 | 0.0082 | 0.0000 | 2.4377 | -0.0197 | 0.0000 | 8.0376 | -0.0820 | 0.0000 | 8.0575 | 0.0704 | -0.0000 | 
13.7344 | 0.0082 | 0.0000 | 2.4512 | -0.0198 | 0.0000 | 8.0828 | -0.0824 | 0.0000 | 8.1028 | 0.0708 | -0.0000 | 
13.8114 | 0.0082 | 0.0000 | 2.4647 | -0.0198 | -0.0000 | 8.1280 | -0.0828 | 0.0000 | 8.1481 | 0.0712 | -0.0000 | 
13.8884 | 0.0083 | 0.0000 | 2.4782 | -0.0199 | 0.0000 | 8.1732 | -0.0832 | 0.0000 | 8.1934 | 0.0716 | -0.0000 | 
13.9654 | 0.0083 | 0.0000 | 2.4917 | -0.0199 | 0.0000 | 8.2184 | -0.0836 | 0.0000 | 8.2387 | 0.0720 | -0.0000 | 
14.0424 | 0.0083 | 0.0000 | 2.5052 | -0.0200 | 0.0000 | 8.2636 | -0.0840 | 0.0000 | 8.2840 | 0.0724 | -0.0000 | 
14.1194 | 0.0084 | 0.0000 | 2.5187 | -0.0200 | 0.0000 | 8.3088 | -0.0845 | 0.0000 | 8.3294 | 0.0728 | -0.0000 | 
14.1964 | 0.0084 | 0.0000 | 2.5322 | -0.0201 | 0.0000 | 8.3540 | -0.0849 | 0.0000 | 8.3747 | 0.0732 | -0.0000 | 
14.2734 | 0.0084 | 0.0000 | 2.5457 | -0.0201 | 0.0000 | 8.3992 | -0.0853 | 0.0000 | 8.4200 | 0.0736 | -0.0000 | 
14.3504 | 0.0084 | 0.0000 | 2.5592 | -0.0201 | 0.0000 | 8.4444 | -0.0857 | 0.0000 | 8.4653 | 0.0740 | -0.0000 | 
14.4274 | 0.0085 | 0.0000 | 2.5727 | -0.0202 | -0.0000 | 8.4896 | -0.0861 | 0.0000 | 8.5106 | 0.0744 | -0.0000 | 
14.5045 | 0.0085 | 0.0000 | 2.5862 | -0.0202 | -0.0000 | 8.5348 | -0.0865 | 0.0000 | 8.5559 | 0.0748 | -0.0000 | 
14.5815 | 0.0085 | -0.0000 | 2.5997 | -0.0203 | 0.0000 | 8.5800 | -0.0869 | 0.0000 | 8.6012 | 0.0752 | -0.0000 | 
14.6585 | 0.0086 | -0.0000 | 2.6132 | -0.0203 | 0.0000 | 8.6252 | -0.0873 | 0.0000 | 8.6465 | 0.0756 | -0.0000 | 
14.7355 | 0.0086 | 0.0000 | 2.6267 | -0.0203 | -0.0000 | 8.6704 | -0.0877 | 0.0000 | 8.6918 | 0.0760 | -0.0000 | 
14.8126 | 0.0086 | 0.0000 | 2.6401 | -0.0204 | -0.0000 | 8.7156 | -0.0881 | 0.0000 | 8.7371 | 0.0764 | -0.0000 | 
14.8896 | 0.0087 | 0.0000 | 2.6536 | -0.0204 | 0.0000 | 8.7608 | -0.0885 | 0.0000 | 8.7825 | 0.0768 | -0.0000 | 
14.9667 | 0.0087 | -0.0000 | 2.6671 | -0.0205 | 0.0000 | 8.8060 | -0.0890 | 0.0000 | 8.8278 | 0.0772 | -0.0000 | 
15.0437 | 0.0088 | -0.0000 | 2.6806 | -0.0205 | 0.0000 | 8.8512 | -0.0894 | 0.0000 | 8.8731 | 0.0776 | -0.0000 | 
15.1207 | 0.0088 | 0.0000 | 2.6940 | -0.0206 | -0.0000 | 8.8964 | -0.0898 | 0.0000 | 8.9184 | 0.0780 | -0.0000 | 
15.1978 | 0.0088 | 0.0000 | 2.7075 | -0.0206 | 0.0000 | 8.9416 | -0.0902 | 0.0000 | 8.9637 | 0.0784 | -0.0000 | 
15.2748 | 0.0089 | 0.0000 | 2.7210 | -0.0207 | 0.0000 | 8.9868 | -0.0906 | 0.0000 | 9.0090 | 0.0788 | -0.0000 | 
15.3519 | 0.0089 | -0.0000 | 2.7344 | -0.0207 | 0.0000 | 9.0320 | -0.0910 | 0.0000 | 9.0543 | 0.0792 | -0.0000 | 
15.4290 | 0.0089 | -0.0000 | 2.7479 | -0.0208 | 0.0000 | 9.0772 | -0.0914 | 0.0000 | 9.0996 | 0.0796 | -0.0000 | 
15.5060 | 0.0090 | 0.0000 | 2.7613 | -0.0208 | 0.0000 | 9.1224 | -0.0918 | 0.0000 | 9.1450 | 0.0800 | -0.0000 | 
15.5831 | 0.0090 | 0.0000 | 2.7748 | -0.0209 | 0.0000 | 9.1676 | -0.0922 | 0.0000 | 9.1903 | 0.0804 | -0.0000 | 
15.6601 | 0.0090 | 0.0000 | 2.7882 | -0.0209 | 0.0000 | 9.2128 | -0.0926 | 0.0000 | 9.2356 | 0.0808 | -0.0000 | 
15.7372 | 0.0091 | -0.0000 | 2.8017 | -0.0209 | 0.0000 | 9.2580 | -0.0930 | 0.0000 | 9.2809 | 0.0812 | -0.0000 | 
15.8143 | 0.0091 | 0.0000 | 2.8151 | -0.0210 | 0.0000 | 9.3032 | -0.0934 | 0.0000 | 9.3262 | 0.0815 | -0.0000 | 
15.8914 | 0.0091 | 0.0000 | 2.8285 | -0.0210 | 0.0000 | 9.3484 | -0.0939 | 0.0000 | 9.3715 | 0.0819 | -0.0000 | 
15.9684 | 0.0091 | 0.0000 | 2.8420 | -0.0211 | 0.0000 | 9.3936 | -0.0943 | 0.0000 | 9.4168 | 0.0823 | -0.0000 | 
16.0455 | 0.0092 | -0.0000 | 2.8554 | -0.0211 | 0.0000 | 9.4388 | -0.0947 | 0.0000 | 9.4621 | 0.0827 | -0.0000 | 
16.1226 | 0.0092 | -0.0000 | 2.8688 | -0.0212 | 0.0000 | 9.4840 | -0.0951 | 0.0000 | 9.5074 | 0.0831 | -0.0000 | 
16.1997 | 0.0092 | -0.0000 | 2.8823 | -0.0212 | 0.0000 | 9.5292 | -0.0955 | 0.0000 | 9.5528 | 0.0835 | -0.0000 | 
16.2768 | 0.0093 | 0.0000 | 2.8957 | -0.0213 | 0.0000 | 9.5744 | -0.0959 | 0.0000 | 9.5981 | 0.0839 | -0.0000 | 
16.3539 | 0.0093 | 0.0000 | 2.9091 | -0.0213 | 0.0000 | 9.6196 | -0.0963 | 0.0000 | 9.6434 | 0.0843 | -0.0000 | 
16.4310 | 0.0093 | 0.0000 | 2.9225 | -0.0213 | 0.0000 | 9.6648 | -0.0967 | 0.0000 | 9.6887 | 0.0847 | -0.0000 | 
16.5081 | 0.0094 | 0.0000 | 2.9359 | -0.0214 | 0.0000 | 9.7100 | -0.0971 | 0.0000 | 9.7340 | 0.0851 | -0.0000 | 
16.5852 | 0.0094 | 0.0000 | 2.9493 | -0.0214 | 0.0000 | 9.7552 | -0.0975 | 0.0000 | 9.7793 | 0.0855 | -0.0000 | 
16.6623 | 0.0094 | 0.0000 | 2.9627 | -0.0215 | 0.0000 | 9.8004 | -0.0979 | 0.0000 | 9.8246 | 0.0859 | -0.0000 | 
16.7394 | 0.0095 | 0.0000 | 2.9762 | -0.0215 | 0.0000 | 9.8456 | -0.0983 | 0.0000 | 9.8699 | 0.0863 | -0.0000 | 
16.8165 | 0.0095 | 0.0000 | 2.9896 | -0.0215 | 0.0000 | 9.8908 | -0.0987 | 0.0000 | 9.9153 | 0.0867 | -0.0000 | 
16.8936 | 0.0095 | -0.0000 | 3.0030 | -0.0216 | 0.0000 | 9.9360 | -0.0991 | 0.0000 | 9.9606 | 0.0871 | -0.0000 | 
16.9708 | 0.0095 | 0.0000 | 3.0164 | -0.0216 | 0.0000 | 9.9812 | -0.0995 | 0.0000 | 10.0059 | 0.0875 | -0.0000 | 
17.0479 | 0.0096 | 0.0000 | 3.0297 | -0.0216 | 0.0000 | 10.0264 | -0.0999 | 0.0000 | 10.0512 | 0.0879 | -0.0000 | 
17.1250 | 0.0096 | 0.0000 | 3.0431 | -0.0217 | 0.0000 | 10.0716 | -0.1003 | 0.0000 | 10.0965 | 0.0882 | -0.0000 | 
17.2021 | 0.0096 | -0.0000 | 3.0565 | -0.0217 | 0.0000 | 10.1168 | -0.1007 | 0.0000 | 10.1418 | 0.0886 | -0.0000 | 
17.2793 | 0.0096 | -0.0000 | 3.0699 | -0.0218 | 0.0000 | 10.1620 | -0.1011 | 0.0000 | 10.1871 | 0.0890 | -0.0000 | 
17.3564 | 0.0097 | -0.0000 | 3.0833 | -0.0218 | 0.0000 | 10.2072 | -0.1016 | 0.0000 | 10.2324 | 0.0894 | -0.0000 | 
17.4335 | 0.0097 | 0.0000 | 3.0967 | -0.0218 | 0.0000 | 10.2524 | -0.1020 | 0.0000 | 10.2777 | 0.0898 | -0.0000 | 
17.5107 | 0.0097 | 0.0000 | 3.1100 | -0.0219 | 0.0000 | 10.2976 | -0.1024 | 0.0000 | 10.3231 | 0.0902 | -0.0000 | 
17.5878 | 0.0097 | 0.0000 | 3.1234 | -0.0219 | 0.0000 | 10.3428 | -0.1028 | 0.0000 | 10.3684 | 0.0906 | -0.0000 | 
17.6650 | 0.0098 | 0.0000 | 3.1368 | -0.0219 | 0.0000 | 10.3880 | -0.1032 | 0.0000 | 10.4137 | 0.0910 | -0.0000 | 
17.7421 | 0.0098 | 0.0000 | 3.1501 | -0.0220 | 0.0000 | 10.4332 | -0.1036 | 0.0000 | 10.4590 | 0.0914 | -0.0000 | 
17.8193 | 0.0098 | 0.0000 | 3.1635 | -0.0220 | 0.0000 | 10.4784 | -0.1040 | 0.0000 | 10.5043 | 0.0918 | -0.0000 | 
17.8964 | 0.0098 | 0.0000 | 3.1768 | -0.0220 | 0.0000 | 10.5236 | -0.1044 | 0.0000 | 10.5496 | 0.0922 | -0.0000 | 
17.9736 | 0.0099 | 0.0000 | 3.1902 | -0.0221 | 0.0000 | 10.5689 | -0.1048 | 0.0000 | 10.5949 | 0.0926 | -0.0000 | 
18.0508 | 0.0099 | 0.0000 | 3.2035 | -0.0221 | 0.0000 | 10.6141 | -0.1052 | 0.0000 | 10.6402 | 0.0930 | -0.0000 | 
18.1279 | 0.0099 | 0.0000 | 3.2169 | -0.0221 | 0.0000 | 10.6593 | -0.1056 | 0.0000 | 10.6855 | 0.0934 | -0.0000 | 
18.2051 | 0.0099 | 0.0000 | 3.2302 | -0.0222 | 0.0000 | 10.7045 | -0.1060 | 0.0000 | 10.7309 | 0.0937 | -0.0000 | 
18.2823 | 0.0100 | 0.0000 | 3.2435 | -0.0222 | 0.0000 | 10.7497 | -0.1064 | 0.0000 | 10.7762 | 0.0941 | -0.0000 | 
18.3595 | 0.0100 | 0.0000 | 3.2569 | -0.0222 | 0.0000 | 10.7949 | -0.1068 | 0.0000 | 10.8215 | 0.0945 | -0.0000 | 
18.4366 | 0.0100 | 0.0000 | 3.2702 | -0.0223 | 0.0000 | 10.8401 | -0.1072 | 0.0000 | 10.8668 | 0.0949 | -0.0000 | 
18.5138 | 0.0101 | 0.0000 | 3.2835 | -0.0223 | 0.0000 | 10.8853 | -0.1076 | 0.0000 | 10.9121 | 0.0953 | -0.0000 | 
18.5910 | 0.0101 | 0.0000 | 3.2969 | -0.0223 | 0.0000 | 10.9305 | -0.1080 | 0.0000 | 10.9574 | 0.0957 | -0.0000 | 
18.6682 | 0.0101 | 0.0000 | 3.3102 | -0.0224 | 0.0000 | 10.9757 | -0.1084 | 0.0000 | 11.0027 | 0.0961 | -0.0000 | 
18.7454 | 0.0101 | 0.0000 | 3.3235 | -0.0224 | 0.0000 | 11.0209 | -0.1088 | 0.0000 | 11.0480 | 0.0965 | -0.0000 | 
18.8226 | 0.0102 | 0.0000 | 3.3368 | -0.0225 | 0.0000 | 11.0661 | -0.1092 | 0.0000 | 11.0933 | 0.0969 | -0.0000 | 
18.8998 | 0.0102 | 0.0000 | 3.3501 | -0.0225 | 0.0000 | 11.1113 | -0.1096 | 0.0000 | 11.1386 | 0.0973 | -0.0000 | 
18.9770 | 0.0102 | 0.0000 | 3.3634 | -0.0225 | 0.0000 | 11.1565 | -0.1100 | 0.0000 | 11.1840 | 0.0977 | -0.0000 | 
19.0542 | 0.0102 | 0.0000 | 3.3767 | -0.0225 | 0.0000 | 11.2017 | -0.1104 | 0.0000 | 11.2293 | 0.0981 | -0.0000 | 
19.1314 | 0.0103 | 0.0000 | 3.3900 | -0.0226 | 0.0000 | 11.2469 | -0.1108 | 0.0000 | 11.2746 | 0.0984 | -0.0000 | 
19.2086 | 0.0103 | 0.0000 | 3.4033 | -0.0226 | 0.0000 | 11.2921 | -0.1112 | 0.0000 | 11.3199 | 0.0988 | -0.0000 | 
19.2859 | 0.0103 | 0.0000 | 3.4166 | -0.0226 | 0.0000 | 11.3373 | -0.1116 | 0.0000 | 11.3652 | 0.0992 | -0.0000 | 
19.3631 | 0.0103 | 0.0000 | 3.4299 | -0.0227 | 0.0000 | 11.3825 | -0.1120 | 0.0000 | 11.4105 | 0.0996 | -0.0000 | 
19.4403 | 0.0104 | 0.0000 | 3.4432 | -0.0227 | 0.0000 | 11.4277 | -0.1124 | 0.0000 | 11.4558 | 0.1000 | -0.0000 | 
19.5175 | 0.0104 | 0.0000 | 3.4565 | -0.0227 | 0.0000 | 11.4729 | -0.1128 | 0.0000 | 11.5011 | 0.1004 | -0.0000 | 
19.5948 | 0.0104 | 0.0000 | 3.4697 | -0.0228 | 0.0000 | 11.5181 | -0.1132 | 0.0000 | 11.5464 | 0.1008 | -0.0000 | 
19.6720 | 0.0104 | 0.0000 | 3.4830 | -0.0228 | 0.0000 | 11.5633 | -0.1135 | 0.0000 | 11.5918 | 0.1012 | -0.0000 | 
19.7493 | 0.0105 | 0.0000 | 3.4963 | -0.0228 | 0.0000 | 11.6085 | -0.1139 | 0.0000 | 11.6371 | 0.1016 | -0.0000 | 
19.8265 | 0.0105 | 0.0000 | 3.5096 | -0.0229 | 0.0000 | 11.6537 | -0.1143 | 0.0000 | 11.6824 | 0.1020 | -0.0000 | 
19.9037 | 0.0105 | -0.0000 | 3.5228 | -0.0229 | 0.0000 | 11.6989 | -0.1147 | 0.0000 | 11.7277 | 0.1024 | -0.0000 | 
19.9810 | 0.0106 | -0.0000 | 3.5361 | -0.0229 | 0.0000 | 11.7441 | -0.1151 | 0.0000 | 11.7730 | 0.1028 | -0.0000 | 
20.0583 | 0.0106 | 0.0000 | 3.5493 | -0.0230 | 0.0000 | 11.7893 | -0.1155 | 0.0000 | 11.8183 | 0.1031 | -0.0000 | 
20.1355 | 0.0106 | 0.0000 | 3.5626 | -0.0230 | 0.0000 | 11.8345 | -0.1159 | 0.0000 | 11.8636 | 0.1035 | -0.0000 | 
20.2128 | 0.0106 | 0.0000 | 3.5758 | -0.0230 | 0.0000 | 11.8797 | -0.1163 | 0.0000 | 11.9089 | 0.1039 | -0.0000 | 
20.2900 | 0.0107 | 0.0000 | 3.5891 | -0.0231 | 0.0000 | 11.9249 | -0.1167 | 0.0000 | 11.9542 | 0.1043 | -0.0000 | 
20.3673 | 0.0107 | 0.0000 | 3.6023 | -0.0231 | 0.0000 | 11.9701 | -0.1171 | 0.0000 | 11.9995 | 0.1047 | -0.0000 | 
20.4446 | 0.0107 | 0.0000 | 3.6156 | -0.0232 | 0.0000 | 12.0153 | -0.1175 | 0.0000 | 12.0449 | 0.1051 | -0.0000 | 
20.5218 | 0.0108 | 0.0000 | 3.6288 | -0.0232 | 0.0000 | 12.0605 | -0.1179 | 0.0000 | 12.0902 | 0.1055 | -0.0000 | 
20.5991 | 0.0108 | 0.0000 | 3.6421 | -0.0232 | 0.0000 | 12.1057 | -0.1183 | 0.0000 | 12.1355 | 0.1059 | -0.0000 | 
20.6764 | 0.0108 | 0.0000 | 3.6553 | -0.0233 | 0.0000 | 12.1509 | -0.1187 | 0.0000 | 12.1808 | 0.1062 | -0.0000 | 
20.7537 | 0.0108 | 0.0000 | 3.6685 | -0.0233 | 0.0000 | 12.1961 | -0.1191 | 0.0000 | 12.2261 | 0.1066 | -0.0000 | 
20.8310 | 0.0109 | 0.0000 | 3.6817 | -0.0233 | 0.0000 | 12.2413 | -0.1195 | 0.0000 | 12.2714 | 0.1070 | -0.0000 | 
20.9083 | 0.0109 | 0.0000 | 3.6950 | -0.0234 | 0.0000 | 12.2865 | -0.1199 | 0.0000 | 12.3167 | 0.1074 | -0.0000 | 
20.9856 | 0.0109 | 0.0000 | 3.7082 | -0.0234 | 0.0000 | 12.3317 | -0.1203 | 0.0000 | 12.3620 | 0.1078 | -0.0000 | 
21.0629 | 0.0109 | 0.0000 | 3.7214 | -0.0234 | 0.0000 | 12.3769 | -0.1207 | 0.0000 | 12.4073 | 0.1082 | -0.0000 | 
21.1402 | 0.0109 | 0.0000 | 3.7346 | -0.0235 | 0.0000 | 12.4221 | -0.1211 | 0.0000 | 12.4527 | 0.1086 | -0.0000 | 
21.2175 | 0.0110 | 0.0000 | 3.7478 | -0.0235 | 0.0000 | 12.4673 | -0.1215 | 0.0000 | 12.4980 | 0.1089 | -0.0000 | 
21.2948 | 0.0110 | 0.0000 | 3.7610 | -0.0235 | 0.0000 | 12.5125 | -0.1219 | 0.0000 | 12.5433 | 0.1093 | -0.0000 | 
21.3721 | 0.0110 | 0.0000 | 3.7742 | -0.0236 | 0.0000 | 12.5577 | -0.1223 | 0.0000 | 12.5886 | 0.1097 | -0.0000 | 
21.4494 | 0.0110 | 0.0000 | 3.7874 | -0.0236 | 0.0000 | 12.6029 | -0.1227 | 0.0000 | 12.6339 | 0.1101 | -0.0000 | 
21.5267 | 0.0111 | 0.0000 | 3.8006 | -0.0236 | 0.0000 | 12.6481 | -0.1231 | 0.0000 | 12.6792 | 0.1105 | -0.0000 | 
21.6040 | 0.0111 | 0.0000 | 3.8138 | -0.0237 | 0.0000 | 12.6933 | -0.1235 | 0.0000 | 12.7245 | 0.1109 | -0.0000 | 
21.6814 | 0.0111 | 0.0000 | 3.8270 | -0.0237 | 0.0000 | 12.7385 | -0.1239 | 0.0000 | 12.7698 | 0.1113 | -0.0000 | 
21.7587 | 0.0111 | 0.0000 | 3.8402 | -0.0237 | 0.0000 | 12.7837 | -0.1242 | 0.0000 | 12.8151 | 0.1116 | -0.0000 | 
21.8360 | 0.0112 | 0.0000 | 3.8533 | -0.0238 | 0.0000 | 12.8289 | -0.1246 | 0.0000 | 12.8605 | 0.1120 | -0.0000 | 
21.9134 | 0.0112 | 0.0000 | 3.8665 | -0.0238 | 0.0000 | 12.8741 | -0.1250 | 0.0000 | 12.9058 | 0.1124 | -0.0000 | 
21.9907 | 0.0112 | 0.0000 | 3.8797 | -0.0238 | 0.0000 | 12.9193 | -0.1254 | 0.0000 | 12.9511 | 0.1128 | -0.0000 | 
22.0680 | 0.0112 | 0.0000 | 3.8929 | -0.0239 | 0.0000 | 12.9645 | -0.1258 | 0.0000 | 12.9964 | 0.1132 | -0.0000 | 
22.1454 | 0.0113 | -0.0000 | 3.9060 | -0.0239 | 0.0000 | 13.0097 | -0.1262 | 0.0000 | 13.0417 | 0.1136 | -0.0000 | 
22.2227 | 0.0113 | -0.0000 | 3.9192 | -0.0239 | -0.0000 | 13.0549 | -0.1266 | 0.0000 | 13.0870 | 0.1140 | -0.0000 | 
22.3001 | 0.0113 | -0.0000 | 3.9324 | -0.0240 | 0.0000 | 13.1001 | -0.1270 | 0.0000 | 13.1323 | 0.1143 | -0.0000 | 
22.3774 | 0.0113 | 0.0000 | 3.9455 | -0.0240 | 0.0000 | 13.1453 | -0.1274 | 0.0000 | 13.1776 | 0.1147 | -0.0000 | 
22.4548 | 0.0113 | 0.0000 | 3.9587 | -0.0240 | 0.0000 | 13.1905 | -0.1278 | 0.0000 | 13.2229 | 0.1151 | -0.0000 | 
22.5322 | 0.0114 | 0.0000 | 3.9718 | -0.0240 | 0.0000 | 13.2357 | -0.1282 | 0.0000 | 13.2682 | 0.1155 | -0.0000 | 
22.6095 | 0.0114 | 0.0000 | 3.9850 | -0.0241 | 0.0000 | 13.2809 | -0.1286 | 0.0000 | 13.3136 | 0.1159 | -0.0000 | 
22.6869 | 0.0114 | 0.0000 | 3.9981 | -0.0241 | 0.0000 | 13.3261 | -0.1290 | 0.0000 | 13.3589 | 0.1163 | -0.0000 | 
22.7643 | 0.0114 | 0.0000 | 4.0112 | -0.0241 | 0.0000 | 13.3713 | -0.1294 | 0.0000 | 13.4042 | 0.1167 | -0.0000 | 
22.8417 | 0.0114 | 0.0000 | 4.0244 | -0.0241 | -0.0000 | 13.4165 | -0.1297 | 0.0000 | 13.4495 | 0.1170 | -0.0000 | 
22.9190 | 0.0115 | 0.0000 | 4.0375 | -0.0242 | -0.0000 | 13.4617 | -0.1301 | 0.0000 | 13.4948 | 0.1174 | -0.0000 | 
22.9964 | 0.0115 | 0.0000 | 4.0506 | -0.0242 | 0.0000 | 13.5069 | -0.1305 | 0.0000 | 13.5401 | 0.1178 | -0.0000 | 
23.0738 | 0.0115 | 0.0000 | 4.0638 | -0.0242 | 0.0000 | 13.5521 | -0.1309 | 0.0000 | 13.5854 | 0.1182 | -0.0000 | 
23.1512 | 0.0115 | 0.0000 | 4.0769 | -0.0243 | 0.0000 | 13.5973 | -0.1313 | 0.0000 | 13.6307 | 0.1186 | -0.0000 | 
23.2286 | 0.0115 | 0.0000 | 4.0900 | -0.0243 | 0.0000 | 13.6425 | -0.1317 | 0.0000 | 13.6760 | 0.1190 | -0.0000 | 
23.3060 | 0.0116 | 0.0000 | 4.1031 | -0.0243 | 0.0000 | 13.6877 | -0.1321 | 0.0000 | 13.7214 | 0.1193 | -0.0000 | 
23.3834 | 0.0116 | 0.0000 | 4.1162 | -0.0243 | 0.0000 | 13.7329 | -0.1325 | 0.0000 | 13.7667 | 0.1197 | -0.0000 | 
23.4608 | 0.0116 | 0.0000 | 4.1293 | -0.0244 | 0.0000 | 13.7782 | -0.1329 | 0.0000 | 13.8120 | 0.1201 | -0.0000 | 
23.5382 | 0.0116 | 0.0000 | 4.1424 | -0.0244 | 0.0000 | 13.8234 | -0.1333 | 0.0000 | 13.8573 | 0.1205 | -0.0000 | 
23.6156 | 0.0116 | 0.0000 | 4.1555 | -0.0244 | 0.0000 | 13.8686 | -0.1336 | 0.0000 | 13.9026 | 0.1209 | -0.0000 | 
23.6931 | 0.0117 | 0.0000 | 4.1686 | -0.0244 | 0.0000 | 13.9138 | -0.1340 | 0.0000 | 13.9479 | 0.1213 | -0.0000 | 
23.7705 | 0.0117 | 0.0000 | 4.1817 | -0.0245 | 0.0000 | 13.9590 | -0.1344 | 0.0000 | 13.9932 | 0.1216 | -0.0000 | 
23.8479 | 0.0117 | 0.0000 | 4.1948 | -0.0245 | 0.0000 | 14.0042 | -0.1348 | 0.0000 | 14.0385 | 0.1220 | -0.0000 | 
23.9253 | 0.0117 | 0.0000 | 4.2079 | -0.0245 | 0.0000 | 14.0494 | -0.1352 | 0.0000 | 14.0838 | 0.1224 | -0.0000 | 
24.0028 | 0.0117 | 0.0000 | 4.2209 | -0.0246 | 0.0000 | 14.0946 | -0.1356 | 0.0000 | 14.1292 | 0.1228 | -0.0000 | 
24.0802 | 0.0118 | 0.0000 | 4.2340 | -0.0246 | 0.0000 | 14.1398 | -0.1360 | 0.0000 | 14.1745 | 0.1232 | -0.0000 | 
24.1576 | 0.0118 | 0.0000 | 4.2471 | -0.0246 | 0.0000 | 14.1850 | -0.1364 | 0.0000 | 14.2198 | 0.1236 | -0.0000 | 
24.2351 | 0.0118 | 0.0000 | 4.2602 | -0.0246 | 0.0000 | 14.2302 | -0.1368 | 0.0000 | 14.2651 | 0.1239 | -0.0000 | 
24.3125 | 0.0118 | 0.0000 | 4.2732 | -0.0247 | 0.0000 | 14.2754 | -0.1371 | 0.0000 | 14.3104 | 0.1243 | -0.0000 | 
24.3900 | 0.0118 | 0.0000 | 4.2863 | -0.0247 | 0.0000 | 14.3206 | -0.1375 | 0.0000 | 14.3557 | 0.1247 | -0.0000 | 
24.4674 | 0.0119 | 0.0000 | 4.2993 | -0.0247 | 0.0000 | 14.3658 | -0.1379 | 0.0000 | 14.4010 | 0.1251 | -0.0000 | 
24.5449 | 0.0119 | 0.0000 | 4.3124 | -0.0247 | 0.0000 | 14.4110 | -0.1383 | 0.0000 | 14.4463 | 0.1255 | -0.0000 | 
24.6224 | 0.0119 | 0.0000 | 4.3254 | -0.0248 | 0.0000 | 14.4562 | -0.1387 | 0.0000 | 14.4916 | 0.1258 | -0.0000 | 
24.6998 | 0.0119 | 0.0000 | 4.3385 | -0.0248 | 0.0000 | 14.5014 | -0.1391 | 0.0000 | 14.5369 | 0.1262 | -0.0000 | 
24.7773 | 0.0119 | 0.0000 | 4.3515 | -0.0248 | 0.0000 | 14.5466 | -0.1395 | 0.0000 | 14.5823 | 0.1266 | -0.0000 | 
24.8548 | 0.0120 | 0.0000 | 4.3646 | -0.0248 | 0.0000 | 14.5918 | -0.1399 | 0.0000 | 14.6276 | 0.1270 | -0.0000 | 
24.9323 | 0.0120 | 0.0000 | 4.3776 | -0.0249 | 0.0000 | 14.6370 | -0.1402 | 0.0000 | 14.6729 | 0.1274 | -0.0000 | 
25.0097 | 0.0120 | 0.0000 | 4.3906 | -0.0249 | 0.0000 | 14.6822 | -0.1406 | 0.0000 | 14.7182 | 0.1278 | -0.0000 | 
25.0872 | 0.0120 | 0.0000 | 4.4036 | -0.0249 | 0.0000 | 14.7274 | -0.1410 | 0.0000 | 14.7635 | 0.1281 | -0.0000 | 
25.1647 | 0.0120 | 0.0000 | 4.4167 | -0.0249 | 0.0000 | 14.7726 | -0.1414 | 0.0000 | 14.8088 | 0.1285 | -0.0000 | 
25.2422 | 0.0121 | 0.0000 | 4.4297 | -0.0250 | 0.0000 | 14.8178 | -0.1418 | 0.0000 | 14.8541 | 0.1289 | -0.0000 | 
25.3197 | 0.0121 | 0.0000 | 4.4427 | -0.0250 | 0.0000 | 14.8630 | -0.1422 | 0.0000 | 14.8994 | 0.1293 | -0.0000 | 
25.3972 | 0.0121 | 0.0000 | 4.4557 | -0.0250 | 0.0000 | 14.9082 | -0.1426 | 0.0000 | 14.9447 | 0.1297 | -0.0000 | 
25.4747 | 0.0121 | 0.0000 | 4.4687 | -0.0250 | 0.0000 | 14.9534 | -0.1430 | 0.0000 | 14.9900 | 0.1300 | -0.0000 | 
25.5522 | 0.0121 | 0.0000 | 4.4817 | -0.0251 | 0.0000 | 14.9986 | -0.1433 | 0.0000 | 15.0354 | 0.1304 | -0.0000 | 
25.6297 | 0.0122 | 0.0000 | 4.4947 | -0.0251 | 0.0000 | 15.0438 | -0.1437 | 0.0000 | 15.0807 | 0.1308 | -0.0000 | 
25.6697 | 0.0122 | 0.0000 | 4.5014 | -0.0251 | 0.0000 | 15.0671 | -0.1439 | 0.0000 | 15.1040 | 0.1310 | -0.0000 | 
