Test angle: 60
Node_A_151 coordinates: initialX | initialY | initialZ 
75.0000 | 0.0000 | 0.0000 | 
Node_B_1051 coordinates: initialX | initialY | initialZ 
-75.0000 | 0.0000 | 0.0000 | 
Node_C_606 coordinates: initialX | initialY | initialZ 
0.0000 | 5.0000 | 0.0000 | 
Node_D_1256 coordinates: initialX | initialY | initialZ 
0.0000 | -5.0000 | 0.0000 | 
  UA1  |  UA2  |  UA3 | UB1 | UB2 | UB3 | UC1 | UC2 | UC3 | UD1 | UD2 | UD3 
0.0000 | 0.0000 | 0.0000 | 0.0000 | 0.0000 | 0.0000 | 0.0000 | 0.0000 | 0.0000 | 0.0000 | 0.0000 | 0.0000 | 
0.0014 | -0.0000 | 0.0000 | 0.0004 | -0.0000 | 0.0000 | 0.0009 | -0.0000 | 0.0000 | 0.0009 | -0.0000 | 0.0000 | 
0.0029 | -0.0000 | -0.0000 | 0.0007 | -0.0000 | -0.0000 | 0.0018 | -0.0001 | -0.0000 | 0.0018 | -0.0000 | -0.0000 | 
0.0051 | -0.0001 | 0.0000 | 0.0013 | -0.0001 | 0.0000 | 0.0032 | -0.0001 | 0.0000 | 0.0032 | -0.0000 | 0.0000 | 
0.0083 | -0.0001 | -0.0000 | 0.0021 | -0.0001 | -0.0000 | 0.0052 | -0.0002 | -0.0000 | 0.0052 | -0.0000 | -0.0000 | 
0.0132 | -0.0001 | 0.0000 | 0.0033 | -0.0001 | 0.0000 | 0.0083 | -0.0002 | 0.0000 | 0.0083 | -0.0000 | 0.0000 | 
0.0205 | -0.0002 | -0.0000 | 0.0052 | -0.0002 | -0.0000 | 0.0128 | -0.0004 | -0.0000 | 0.0128 | -0.0000 | -0.0000 | 
0.0314 | -0.0003 | 0.0000 | 0.0080 | -0.0003 | 0.0000 | 0.0197 | -0.0006 | 0.0000 | 0.0197 | -0.0001 | 0.0000 | 
0.0479 | -0.0005 | -0.0000 | 0.0122 | -0.0005 | -0.0000 | 0.0300 | -0.0009 | -0.0000 | 0.0300 | -0.0001 | -0.0000 | 
0.0726 | -0.0008 | 0.0000 | 0.0184 | -0.0008 | 0.0000 | 0.0455 | -0.0014 | 0.0000 | 0.0455 | -0.0002 | 0.0000 | 
0.1096 | -0.0012 | -0.0000 | 0.0278 | -0.0012 | -0.0000 | 0.0687 | -0.0021 | -0.0000 | 0.0687 | -0.0003 | -0.0000 | 
0.1651 | -0.0018 | 0.0000 | 0.0419 | -0.0018 | 0.0000 | 0.1035 | -0.0031 | 0.0000 | 0.1035 | -0.0004 | 0.0000 | 
0.2373 | -0.0025 | -0.0000 | 0.0602 | -0.0025 | -0.0000 | 0.1487 | -0.0045 | -0.0000 | 0.1487 | -0.0006 | -0.0000 | 
0.3111 | -0.0031 | -0.0000 | 0.0769 | -0.0032 | -0.0000 | 0.1940 | -0.0056 | 0.0000 | 0.1940 | -0.0006 | -0.0000 | 
0.3897 | -0.0030 | -0.0000 | 0.0888 | -0.0033 | -0.0000 | 0.2392 | -0.0062 | -0.0000 | 0.2393 | -0.0001 | 0.0000 | 
0.4679 | -0.0030 | -0.0000 | 0.1011 | -0.0035 | 0.0000 | 0.2844 | -0.0068 | -0.0000 | 0.2846 | 0.0004 | 0.0000 | 
0.5459 | -0.0030 | 0.0000 | 0.1136 | -0.0036 | 0.0000 | 0.3296 | -0.0074 | -0.0000 | 0.3299 | 0.0009 | 0.0000 | 
0.6238 | -0.0030 | -0.0000 | 0.1263 | -0.0037 | -0.0000 | 0.3748 | -0.0080 | -0.0000 | 0.3752 | 0.0013 | 0.0000 | 
0.7015 | -0.0029 | 0.0000 | 0.1391 | -0.0037 | -0.0000 | 0.4200 | -0.0085 | -0.0000 | 0.4205 | 0.0018 | 0.0000 | 
0.7791 | -0.0030 | 0.0000 | 0.1520 | -0.0039 | 0.0000 | 0.4653 | -0.0091 | -0.0000 | 0.4658 | 0.0023 | 0.0000 | 
0.8566 | -0.0030 | 0.0000 | 0.1650 | -0.0039 | -0.0000 | 0.5105 | -0.0096 | -0.0000 | 0.5111 | 0.0028 | 0.0000 | 
0.9341 | -0.0030 | 0.0000 | 0.1780 | -0.0039 | -0.0000 | 0.5557 | -0.0102 | -0.0000 | 0.5564 | 0.0033 | 0.0000 | 
1.0115 | -0.0031 | 0.0000 | 0.1911 | -0.0040 | -0.0000 | 0.6009 | -0.0108 | -0.0000 | 0.6017 | 0.0037 | 0.0000 | 
1.0888 | -0.0030 | -0.0000 | 0.2043 | -0.0040 | 0.0000 | 0.6461 | -0.0113 | -0.0000 | 0.6470 | 0.0043 | 0.0000 | 
1.1662 | -0.0031 | 0.0000 | 0.2175 | -0.0040 | -0.0000 | 0.6914 | -0.0118 | -0.0000 | 0.6923 | 0.0047 | 0.0000 | 
1.2434 | -0.0032 | 0.0000 | 0.2307 | -0.0041 | -0.0000 | 0.7366 | -0.0124 | -0.0000 | 0.7376 | 0.0052 | 0.0000 | 
1.3207 | -0.0032 | -0.0000 | 0.2440 | -0.0041 | 0.0000 | 0.7818 | -0.0130 | -0.0000 | 0.7829 | 0.0056 | 0.0000 | 
1.3979 | -0.0032 | -0.0000 | 0.2573 | -0.0041 | 0.0000 | 0.8270 | -0.0134 | -0.0000 | 0.8282 | 0.0062 | 0.0000 | 
1.4751 | -0.0033 | 0.0000 | 0.2706 | -0.0041 | 0.0000 | 0.8722 | -0.0140 | -0.0000 | 0.8735 | 0.0067 | 0.0000 | 
1.5522 | -0.0034 | 0.0000 | 0.2840 | -0.0041 | 0.0000 | 0.9174 | -0.0146 | -0.0000 | 0.9188 | 0.0071 | 0.0000 | 
1.6293 | -0.0035 | 0.0000 | 0.2973 | -0.0041 | -0.0000 | 0.9626 | -0.0151 | -0.0000 | 0.9641 | 0.0075 | 0.0000 | 
1.7065 | -0.0035 | 0.0000 | 0.3108 | -0.0041 | -0.0000 | 1.0079 | -0.0156 | -0.0000 | 1.0094 | 0.0081 | 0.0000 | 
1.7836 | -0.0035 | -0.0000 | 0.3242 | -0.0040 | -0.0000 | 1.0531 | -0.0161 | -0.0000 | 1.0547 | 0.0086 | 0.0000 | 
1.8607 | -0.0036 | 0.0000 | 0.3377 | -0.0040 | 0.0000 | 1.0984 | -0.0167 | -0.0000 | 1.1000 | 0.0091 | 0.0000 | 
1.9377 | -0.0037 | 0.0000 | 0.3511 | -0.0041 | -0.0000 | 1.1436 | -0.0172 | -0.0000 | 1.1453 | 0.0095 | 0.0000 | 
2.0147 | -0.0038 | -0.0000 | 0.3646 | -0.0041 | -0.0000 | 1.1888 | -0.0178 | -0.0000 | 1.1905 | 0.0099 | 0.0000 | 
2.0917 | -0.0039 | -0.0000 | 0.3780 | -0.0040 | 0.0000 | 1.2340 | -0.0183 | -0.0000 | 1.2358 | 0.0104 | 0.0000 | 
2.1688 | -0.0039 | -0.0000 | 0.3916 | -0.0040 | -0.0000 | 1.2792 | -0.0188 | -0.0000 | 1.2811 | 0.0109 | 0.0000 | 
2.2458 | -0.0040 | -0.0000 | 0.4051 | -0.0039 | 0.0000 | 1.3244 | -0.0193 | -0.0000 | 1.3264 | 0.0114 | 0.0000 | 
2.3228 | -0.0040 | 0.0000 | 0.4186 | -0.0039 | 0.0000 | 1.3697 | -0.0198 | -0.0000 | 1.3717 | 0.0119 | 0.0000 | 
2.3997 | -0.0042 | -0.0000 | 0.4322 | -0.0039 | -0.0000 | 1.4149 | -0.0204 | -0.0000 | 1.4170 | 0.0124 | 0.0000 | 
2.4767 | -0.0043 | 0.0000 | 0.4457 | -0.0039 | 0.0000 | 1.4601 | -0.0210 | -0.0000 | 1.4623 | 0.0128 | 0.0000 | 
2.5536 | -0.0043 | -0.0000 | 0.4593 | -0.0039 | -0.0000 | 1.5053 | -0.0215 | -0.0000 | 1.5076 | 0.0133 | 0.0000 | 
2.6306 | -0.0044 | -0.0000 | 0.4728 | -0.0038 | 0.0000 | 1.5505 | -0.0220 | -0.0000 | 1.5529 | 0.0138 | 0.0000 | 
2.7075 | -0.0045 | -0.0000 | 0.4864 | -0.0037 | -0.0000 | 1.5958 | -0.0225 | -0.0000 | 1.5982 | 0.0143 | 0.0000 | 
2.7845 | -0.0045 | -0.0000 | 0.5000 | -0.0037 | 0.0000 | 1.6410 | -0.0230 | -0.0000 | 1.6435 | 0.0148 | 0.0000 | 
2.8614 | -0.0046 | 0.0000 | 0.5136 | -0.0037 | -0.0000 | 1.6862 | -0.0235 | -0.0000 | 1.6888 | 0.0153 | 0.0000 | 
2.9383 | -0.0047 | -0.0000 | 0.5272 | -0.0036 | -0.0000 | 1.7315 | -0.0241 | -0.0000 | 1.7341 | 0.0157 | 0.0000 | 
3.0152 | -0.0048 | -0.0000 | 0.5408 | -0.0036 | 0.0000 | 1.7767 | -0.0246 | -0.0000 | 1.7794 | 0.0162 | 0.0000 | 
3.0921 | -0.0049 | -0.0000 | 0.5544 | -0.0035 | -0.0000 | 1.8219 | -0.0251 | -0.0000 | 1.8246 | 0.0167 | 0.0000 | 
3.1690 | -0.0050 | -0.0000 | 0.5680 | -0.0035 | -0.0000 | 1.8671 | -0.0256 | -0.0000 | 1.8699 | 0.0171 | 0.0000 | 
3.2459 | -0.0051 | 0.0000 | 0.5816 | -0.0035 | -0.0000 | 1.9123 | -0.0262 | -0.0000 | 1.9152 | 0.0176 | 0.0000 | 
3.3228 | -0.0052 | -0.0000 | 0.5952 | -0.0035 | -0.0000 | 1.9575 | -0.0267 | -0.0000 | 1.9605 | 0.0181 | 0.0000 | 
3.3997 | -0.0053 | -0.0000 | 0.6088 | -0.0034 | -0.0000 | 2.0028 | -0.0272 | -0.0000 | 2.0058 | 0.0186 | 0.0000 | 
3.4766 | -0.0053 | -0.0000 | 0.6225 | -0.0033 | 0.0000 | 2.0480 | -0.0277 | -0.0000 | 2.0511 | 0.0191 | 0.0000 | 
3.5535 | -0.0054 | -0.0000 | 0.6361 | -0.0033 | 0.0000 | 2.0932 | -0.0282 | -0.0000 | 2.0964 | 0.0196 | 0.0000 | 
3.6304 | -0.0054 | 0.0000 | 0.6498 | -0.0032 | -0.0000 | 2.1385 | -0.0287 | -0.0000 | 2.1417 | 0.0200 | 0.0000 | 
3.7073 | -0.0055 | 0.0000 | 0.6634 | -0.0032 | -0.0000 | 2.1837 | -0.0292 | -0.0000 | 2.1870 | 0.0205 | 0.0000 | 
3.7841 | -0.0057 | 0.0000 | 0.6771 | -0.0031 | 0.0000 | 2.2289 | -0.0298 | -0.0000 | 2.2323 | 0.0210 | 0.0000 | 
3.8610 | -0.0058 | -0.0000 | 0.6907 | -0.0031 | 0.0000 | 2.2741 | -0.0303 | -0.0000 | 2.2776 | 0.0214 | 0.0000 | 
3.9378 | -0.0058 | -0.0000 | 0.7043 | -0.0030 | -0.0000 | 2.3193 | -0.0308 | -0.0000 | 2.3228 | 0.0219 | 0.0000 | 
4.0147 | -0.0059 | 0.0000 | 0.7180 | -0.0030 | -0.0000 | 2.3645 | -0.0313 | -0.0000 | 2.3681 | 0.0224 | 0.0000 | 
4.0916 | -0.0060 | -0.0000 | 0.7316 | -0.0030 | -0.0000 | 2.4098 | -0.0318 | -0.0000 | 2.4134 | 0.0228 | 0.0000 | 
4.1684 | -0.0061 | -0.0000 | 0.7453 | -0.0029 | -0.0000 | 2.4550 | -0.0323 | -0.0000 | 2.4587 | 0.0233 | 0.0000 | 
4.2453 | -0.0062 | -0.0000 | 0.7589 | -0.0029 | 0.0000 | 2.5002 | -0.0328 | -0.0000 | 2.5040 | 0.0238 | 0.0000 | 
4.3222 | -0.0063 | -0.0000 | 0.7726 | -0.0028 | -0.0000 | 2.5454 | -0.0333 | -0.0000 | 2.5493 | 0.0243 | 0.0000 | 
4.3990 | -0.0063 | 0.0000 | 0.7863 | -0.0027 | 0.0000 | 2.5907 | -0.0338 | -0.0000 | 2.5946 | 0.0248 | 0.0000 | 
4.4759 | -0.0064 | -0.0000 | 0.7999 | -0.0027 | -0.0000 | 2.6359 | -0.0343 | -0.0000 | 2.6399 | 0.0253 | 0.0000 | 
4.5527 | -0.0065 | -0.0000 | 0.8136 | -0.0026 | 0.0000 | 2.6811 | -0.0348 | -0.0000 | 2.6852 | 0.0257 | 0.0000 | 
4.6296 | -0.0066 | -0.0000 | 0.8273 | -0.0026 | -0.0000 | 2.7263 | -0.0353 | -0.0000 | 2.7305 | 0.0262 | 0.0000 | 
4.7064 | -0.0067 | 0.0000 | 0.8409 | -0.0025 | 0.0000 | 2.7716 | -0.0359 | -0.0000 | 2.7758 | 0.0267 | 0.0000 | 
4.7833 | -0.0068 | -0.0000 | 0.8546 | -0.0025 | -0.0000 | 2.8168 | -0.0364 | -0.0000 | 2.8211 | 0.0271 | 0.0000 | 
4.8601 | -0.0069 | 0.0000 | 0.8683 | -0.0025 | -0.0000 | 2.8620 | -0.0369 | -0.0000 | 2.8664 | 0.0276 | 0.0000 | 
4.9370 | -0.0069 | 0.0000 | 0.8819 | -0.0024 | 0.0000 | 2.9072 | -0.0374 | -0.0000 | 2.9116 | 0.0281 | 0.0000 | 
5.0138 | -0.0070 | -0.0000 | 0.8956 | -0.0023 | 0.0000 | 2.9524 | -0.0379 | -0.0000 | 2.9569 | 0.0286 | 0.0000 | 
5.0906 | -0.0071 | 0.0000 | 0.9092 | -0.0023 | -0.0000 | 2.9977 | -0.0384 | -0.0000 | 3.0022 | 0.0290 | 0.0000 | 
5.1675 | -0.0072 | 0.0000 | 0.9229 | -0.0022 | 0.0000 | 3.0429 | -0.0389 | -0.0000 | 3.0475 | 0.0295 | 0.0000 | 
5.2443 | -0.0072 | 0.0000 | 0.9365 | -0.0022 | -0.0000 | 3.0881 | -0.0394 | -0.0000 | 3.0928 | 0.0300 | 0.0000 | 
5.3212 | -0.0073 | 0.0000 | 0.9502 | -0.0021 | -0.0000 | 3.1333 | -0.0399 | -0.0000 | 3.1381 | 0.0305 | 0.0000 | 
5.3981 | -0.0074 | -0.0000 | 0.9639 | -0.0021 | 0.0000 | 3.1786 | -0.0404 | -0.0000 | 3.1834 | 0.0309 | 0.0000 | 
5.4749 | -0.0075 | 0.0000 | 0.9776 | -0.0020 | 0.0000 | 3.2238 | -0.0409 | -0.0000 | 3.2287 | 0.0314 | 0.0000 | 
5.5518 | -0.0076 | 0.0000 | 0.9912 | -0.0019 | 0.0000 | 3.2690 | -0.0414 | -0.0000 | 3.2740 | 0.0319 | 0.0000 | 
5.6286 | -0.0076 | -0.0000 | 1.0049 | -0.0019 | 0.0000 | 3.3142 | -0.0419 | -0.0000 | 3.3193 | 0.0324 | 0.0000 | 
5.7055 | -0.0077 | 0.0000 | 1.0186 | -0.0018 | 0.0000 | 3.3595 | -0.0424 | -0.0000 | 3.3646 | 0.0329 | 0.0000 | 
5.7823 | -0.0078 | 0.0000 | 1.0322 | -0.0018 | 0.0000 | 3.4047 | -0.0429 | -0.0000 | 3.4099 | 0.0333 | 0.0000 | 
5.8591 | -0.0079 | 0.0000 | 1.0459 | -0.0017 | 0.0000 | 3.4499 | -0.0434 | -0.0000 | 3.4551 | 0.0338 | 0.0000 | 
5.9360 | -0.0080 | -0.0000 | 1.0596 | -0.0017 | -0.0000 | 3.4951 | -0.0439 | -0.0000 | 3.5004 | 0.0343 | 0.0000 | 
6.0128 | -0.0081 | -0.0000 | 1.0732 | -0.0016 | 0.0000 | 3.5403 | -0.0444 | -0.0000 | 3.5457 | 0.0347 | 0.0000 | 
6.0897 | -0.0081 | -0.0000 | 1.0869 | -0.0016 | -0.0000 | 3.5856 | -0.0449 | -0.0000 | 3.5910 | 0.0352 | 0.0000 | 
6.1665 | -0.0082 | 0.0000 | 1.1006 | -0.0016 | 0.0000 | 3.6308 | -0.0454 | -0.0000 | 3.6363 | 0.0356 | 0.0000 | 
6.2434 | -0.0083 | 0.0000 | 1.1142 | -0.0015 | 0.0000 | 3.6760 | -0.0459 | -0.0000 | 3.6816 | 0.0361 | 0.0000 | 
6.3202 | -0.0084 | 0.0000 | 1.1279 | -0.0014 | 0.0000 | 3.7212 | -0.0464 | -0.0000 | 3.7269 | 0.0366 | 0.0000 | 
6.3971 | -0.0084 | 0.0000 | 1.1415 | -0.0014 | 0.0000 | 3.7664 | -0.0469 | -0.0000 | 3.7722 | 0.0371 | 0.0000 | 
6.4739 | -0.0085 | 0.0000 | 1.1552 | -0.0013 | 0.0000 | 3.8117 | -0.0474 | -0.0000 | 3.8175 | 0.0376 | 0.0000 | 
6.5508 | -0.0086 | 0.0000 | 1.1688 | -0.0013 | 0.0000 | 3.8569 | -0.0479 | -0.0000 | 3.8627 | 0.0380 | 0.0000 | 
6.6277 | -0.0087 | -0.0000 | 1.1825 | -0.0012 | 0.0000 | 3.9021 | -0.0484 | -0.0000 | 3.9080 | 0.0385 | 0.0000 | 
6.7045 | -0.0087 | 0.0000 | 1.1961 | -0.0012 | -0.0000 | 3.9473 | -0.0489 | -0.0000 | 3.9533 | 0.0390 | 0.0000 | 
6.7814 | -0.0088 | 0.0000 | 1.2098 | -0.0011 | 0.0000 | 3.9926 | -0.0494 | -0.0000 | 3.9986 | 0.0395 | 0.0000 | 
6.8583 | -0.0089 | 0.0000 | 1.2235 | -0.0011 | 0.0000 | 4.0378 | -0.0499 | -0.0000 | 4.0439 | 0.0399 | 0.0000 | 
6.9351 | -0.0090 | 0.0000 | 1.2371 | -0.0010 | 0.0000 | 4.0830 | -0.0504 | -0.0000 | 4.0892 | 0.0404 | 0.0000 | 
7.0120 | -0.0090 | 0.0000 | 1.2508 | -0.0009 | 0.0000 | 4.1282 | -0.0509 | -0.0000 | 4.1345 | 0.0409 | 0.0000 | 
7.0889 | -0.0091 | 0.0000 | 1.2644 | -0.0009 | 0.0000 | 4.1735 | -0.0514 | -0.0000 | 4.1798 | 0.0414 | 0.0000 | 
7.1657 | -0.0092 | 0.0000 | 1.2781 | -0.0008 | 0.0000 | 4.2187 | -0.0518 | -0.0000 | 4.2251 | 0.0418 | 0.0000 | 
7.2426 | -0.0093 | 0.0000 | 1.2917 | -0.0008 | -0.0000 | 4.2639 | -0.0523 | -0.0000 | 4.2704 | 0.0423 | 0.0000 | 
7.3194 | -0.0093 | 0.0000 | 1.3054 | -0.0007 | 0.0000 | 4.3091 | -0.0528 | -0.0000 | 4.3157 | 0.0428 | 0.0000 | 
7.3963 | -0.0094 | 0.0000 | 1.3190 | -0.0007 | 0.0000 | 4.3543 | -0.0533 | -0.0000 | 4.3610 | 0.0432 | 0.0000 | 
7.4732 | -0.0095 | 0.0000 | 1.3326 | -0.0006 | 0.0000 | 4.3996 | -0.0538 | -0.0000 | 4.4063 | 0.0437 | 0.0000 | 
7.5501 | -0.0096 | 0.0000 | 1.3463 | -0.0006 | 0.0000 | 4.4448 | -0.0543 | -0.0000 | 4.4516 | 0.0442 | 0.0000 | 
7.6269 | -0.0097 | 0.0000 | 1.3599 | -0.0005 | 0.0000 | 4.4900 | -0.0548 | -0.0000 | 4.4969 | 0.0446 | 0.0000 | 
7.7038 | -0.0097 | 0.0000 | 1.3736 | -0.0005 | 0.0000 | 4.5352 | -0.0553 | -0.0000 | 4.5421 | 0.0451 | 0.0000 | 
7.7807 | -0.0098 | 0.0000 | 1.3872 | -0.0005 | 0.0000 | 4.5805 | -0.0558 | -0.0000 | 4.5874 | 0.0456 | 0.0000 | 
7.8576 | -0.0099 | 0.0000 | 1.4008 | -0.0004 | 0.0000 | 4.6257 | -0.0563 | -0.0000 | 4.6327 | 0.0460 | 0.0000 | 
7.9345 | -0.0100 | 0.0000 | 1.4145 | -0.0004 | 0.0000 | 4.6709 | -0.0568 | -0.0000 | 4.6780 | 0.0465 | 0.0000 | 
8.0113 | -0.0100 | 0.0000 | 1.4281 | -0.0003 | 0.0000 | 4.7161 | -0.0573 | -0.0000 | 4.7233 | 0.0470 | 0.0000 | 
8.0882 | -0.0101 | 0.0000 | 1.4417 | -0.0002 | 0.0000 | 4.7613 | -0.0578 | -0.0000 | 4.7686 | 0.0474 | 0.0000 | 
8.1651 | -0.0101 | 0.0000 | 1.4553 | -0.0002 | 0.0000 | 4.8066 | -0.0583 | -0.0000 | 4.8139 | 0.0479 | 0.0000 | 
8.2420 | -0.0102 | 0.0000 | 1.4689 | -0.0001 | 0.0000 | 4.8518 | -0.0587 | -0.0000 | 4.8592 | 0.0484 | 0.0000 | 
8.3189 | -0.0103 | 0.0000 | 1.4825 | -0.0001 | 0.0000 | 4.8970 | -0.0592 | -0.0000 | 4.9045 | 0.0489 | 0.0000 | 
8.3958 | -0.0103 | 0.0000 | 1.4962 | -0.0000 | 0.0000 | 4.9422 | -0.0597 | -0.0000 | 4.9498 | 0.0494 | 0.0000 | 
8.4727 | -0.0104 | 0.0000 | 1.5098 | 0.0000 | 0.0000 | 4.9874 | -0.0602 | -0.0000 | 4.9951 | 0.0498 | 0.0000 | 
8.5496 | -0.0105 | 0.0000 | 1.5234 | 0.0001 | 0.0000 | 5.0327 | -0.0607 | -0.0000 | 5.0403 | 0.0503 | 0.0000 | 
8.6265 | -0.0106 | 0.0000 | 1.5370 | 0.0001 | 0.0000 | 5.0779 | -0.0612 | -0.0000 | 5.0856 | 0.0508 | 0.0000 | 
8.7034 | -0.0106 | 0.0000 | 1.5506 | 0.0002 | 0.0000 | 5.1231 | -0.0617 | -0.0000 | 5.1309 | 0.0512 | 0.0000 | 
8.7803 | -0.0107 | 0.0000 | 1.5643 | 0.0002 | 0.0000 | 5.1684 | -0.0621 | -0.0000 | 5.1762 | 0.0517 | 0.0000 | 
8.8572 | -0.0108 | 0.0000 | 1.5779 | 0.0003 | -0.0000 | 5.2136 | -0.0626 | -0.0000 | 5.2215 | 0.0522 | 0.0000 | 
8.9341 | -0.0108 | 0.0000 | 1.5915 | 0.0003 | 0.0000 | 5.2588 | -0.0631 | -0.0000 | 5.2668 | 0.0526 | 0.0000 | 
9.0110 | -0.0109 | 0.0000 | 1.6051 | 0.0004 | -0.0000 | 5.3040 | -0.0636 | -0.0000 | 5.3121 | 0.0531 | 0.0000 | 
9.0880 | -0.0110 | 0.0000 | 1.6187 | 0.0004 | 0.0000 | 5.3492 | -0.0641 | -0.0000 | 5.3574 | 0.0536 | 0.0000 | 
9.1649 | -0.0111 | 0.0000 | 1.6323 | 0.0005 | 0.0000 | 5.3945 | -0.0646 | -0.0000 | 5.4027 | 0.0540 | 0.0000 | 
9.2418 | -0.0111 | 0.0000 | 1.6459 | 0.0006 | 0.0000 | 5.4397 | -0.0651 | -0.0000 | 5.4480 | 0.0545 | 0.0000 | 
9.3187 | -0.0112 | 0.0000 | 1.6595 | 0.0006 | -0.0000 | 5.4849 | -0.0656 | -0.0000 | 5.4933 | 0.0550 | 0.0000 | 
9.3956 | -0.0113 | -0.0000 | 1.6731 | 0.0007 | -0.0000 | 5.5301 | -0.0660 | -0.0000 | 5.5386 | 0.0554 | 0.0000 | 
9.4725 | -0.0113 | -0.0000 | 1.6867 | 0.0007 | 0.0000 | 5.5753 | -0.0665 | 0.0000 | 5.5839 | 0.0559 | -0.0000 | 
9.5494 | -0.0114 | 0.0000 | 1.7003 | 0.0007 | 0.0000 | 5.6206 | -0.0670 | -0.0000 | 5.6291 | 0.0564 | 0.0000 | 
9.6264 | -0.0115 | 0.0000 | 1.7138 | 0.0008 | 0.0000 | 5.6658 | -0.0675 | -0.0000 | 5.6744 | 0.0568 | 0.0000 | 
9.7033 | -0.0115 | 0.0000 | 1.7274 | 0.0008 | 0.0000 | 5.7110 | -0.0680 | -0.0000 | 5.7197 | 0.0573 | 0.0000 | 
9.7802 | -0.0116 | -0.0000 | 1.7410 | 0.0009 | -0.0000 | 5.7562 | -0.0685 | -0.0000 | 5.7650 | 0.0577 | 0.0000 | 
9.8572 | -0.0117 | -0.0000 | 1.7546 | 0.0009 | 0.0000 | 5.8014 | -0.0690 | 0.0000 | 5.8103 | 0.0582 | -0.0000 | 
9.9341 | -0.0117 | 0.0000 | 1.7682 | 0.0009 | 0.0000 | 5.8467 | -0.0695 | -0.0000 | 5.8556 | 0.0587 | 0.0000 | 
10.0111 | -0.0118 | 0.0000 | 1.7817 | 0.0010 | 0.0000 | 5.8919 | -0.0699 | -0.0000 | 5.9009 | 0.0591 | 0.0000 | 
10.0880 | -0.0119 | 0.0000 | 1.7953 | 0.0010 | -0.0000 | 5.9371 | -0.0704 | -0.0000 | 5.9462 | 0.0596 | 0.0000 | 
10.1650 | -0.0119 | -0.0000 | 1.8089 | 0.0011 | -0.0000 | 5.9823 | -0.0709 | -0.0000 | 5.9915 | 0.0601 | 0.0000 | 
10.2419 | -0.0120 | -0.0000 | 1.8224 | 0.0011 | 0.0000 | 6.0275 | -0.0714 | -0.0000 | 6.0368 | 0.0605 | 0.0000 | 
10.3189 | -0.0120 | 0.0000 | 1.8360 | 0.0012 | 0.0000 | 6.0728 | -0.0719 | -0.0000 | 6.0821 | 0.0610 | 0.0000 | 
10.3958 | -0.0121 | 0.0000 | 1.8495 | 0.0012 | 0.0000 | 6.1180 | -0.0723 | -0.0000 | 6.1274 | 0.0615 | 0.0000 | 
10.4728 | -0.0121 | 0.0000 | 1.8631 | 0.0013 | -0.0000 | 6.1632 | -0.0728 | -0.0000 | 6.1727 | 0.0619 | 0.0000 | 
10.5497 | -0.0122 | -0.0000 | 1.8767 | 0.0013 | -0.0000 | 6.2084 | -0.0733 | -0.0000 | 6.2179 | 0.0624 | 0.0000 | 
10.6267 | -0.0123 | -0.0000 | 1.8902 | 0.0014 | -0.0000 | 6.2536 | -0.0738 | -0.0000 | 6.2632 | 0.0629 | 0.0000 | 
10.7036 | -0.0123 | 0.0000 | 1.9038 | 0.0014 | -0.0000 | 6.2989 | -0.0742 | -0.0000 | 6.3085 | 0.0633 | 0.0000 | 
10.7806 | -0.0124 | 0.0000 | 1.9173 | 0.0015 | 0.0000 | 6.3441 | -0.0747 | -0.0000 | 6.3538 | 0.0638 | 0.0000 | 
10.8576 | -0.0125 | 0.0000 | 1.9308 | 0.0015 | 0.0000 | 6.3893 | -0.0752 | -0.0000 | 6.3991 | 0.0643 | 0.0000 | 
10.9346 | -0.0125 | -0.0000 | 1.9444 | 0.0016 | 0.0000 | 6.4345 | -0.0757 | -0.0000 | 6.4444 | 0.0647 | 0.0000 | 
11.0115 | -0.0126 | -0.0000 | 1.9579 | 0.0016 | -0.0000 | 6.4798 | -0.0762 | -0.0000 | 6.4897 | 0.0652 | 0.0000 | 
11.0885 | -0.0126 | 0.0000 | 1.9715 | 0.0017 | -0.0000 | 6.5250 | -0.0766 | -0.0000 | 6.5350 | 0.0657 | 0.0000 | 
11.1655 | -0.0127 | 0.0000 | 1.9850 | 0.0017 | 0.0000 | 6.5702 | -0.0771 | -0.0000 | 6.5803 | 0.0661 | 0.0000 | 
11.2425 | -0.0128 | 0.0000 | 1.9986 | 0.0018 | 0.0000 | 6.6154 | -0.0776 | -0.0000 | 6.6256 | 0.0666 | 0.0000 | 
11.3194 | -0.0128 | -0.0000 | 2.0121 | 0.0018 | 0.0000 | 6.6607 | -0.0781 | -0.0000 | 6.6709 | 0.0671 | 0.0000 | 
11.3964 | -0.0129 | -0.0000 | 2.0256 | 0.0019 | -0.0000 | 6.7059 | -0.0786 | -0.0000 | 6.7162 | 0.0675 | 0.0000 | 
11.4734 | -0.0130 | 0.0000 | 2.0392 | 0.0019 | -0.0000 | 6.7511 | -0.0790 | -0.0000 | 6.7615 | 0.0680 | 0.0000 | 
11.5504 | -0.0130 | 0.0000 | 2.0527 | 0.0020 | 0.0000 | 6.7963 | -0.0795 | -0.0000 | 6.8068 | 0.0684 | 0.0000 | 
11.6274 | -0.0131 | -0.0000 | 2.0662 | 0.0020 | 0.0000 | 6.8415 | -0.0800 | -0.0000 | 6.8521 | 0.0689 | 0.0000 | 
11.7044 | -0.0132 | -0.0000 | 2.0797 | 0.0020 | 0.0000 | 6.8868 | -0.0805 | -0.0000 | 6.8973 | 0.0694 | 0.0000 | 
11.7814 | -0.0132 | 0.0000 | 2.0933 | 0.0021 | -0.0000 | 6.9320 | -0.0810 | -0.0000 | 6.9426 | 0.0698 | 0.0000 | 
11.8584 | -0.0133 | 0.0000 | 2.1068 | 0.0021 | -0.0000 | 6.9772 | -0.0814 | -0.0000 | 6.9879 | 0.0703 | 0.0000 | 
11.9354 | -0.0133 | 0.0000 | 2.1203 | 0.0022 | 0.0000 | 7.0224 | -0.0819 | -0.0000 | 7.0332 | 0.0708 | 0.0000 | 
12.0124 | -0.0134 | -0.0000 | 2.1338 | 0.0022 | 0.0000 | 7.0676 | -0.0824 | -0.0000 | 7.0785 | 0.0712 | 0.0000 | 
12.0894 | -0.0134 | 0.0000 | 2.1473 | 0.0023 | 0.0000 | 7.1129 | -0.0829 | -0.0000 | 7.1238 | 0.0717 | 0.0000 | 
12.1664 | -0.0135 | 0.0000 | 2.1608 | 0.0023 | 0.0000 | 7.1581 | -0.0833 | -0.0000 | 7.1691 | 0.0721 | 0.0000 | 
12.2434 | -0.0136 | 0.0000 | 2.1743 | 0.0023 | -0.0000 | 7.2033 | -0.0838 | -0.0000 | 7.2144 | 0.0726 | 0.0000 | 
12.3204 | -0.0136 | -0.0000 | 2.1878 | 0.0024 | 0.0000 | 7.2485 | -0.0843 | -0.0000 | 7.2597 | 0.0731 | 0.0000 | 
12.3974 | -0.0137 | 0.0000 | 2.2013 | 0.0024 | 0.0000 | 7.2937 | -0.0848 | -0.0000 | 7.3050 | 0.0735 | 0.0000 | 
12.4745 | -0.0137 | 0.0000 | 2.2148 | 0.0025 | 0.0000 | 7.3390 | -0.0852 | -0.0000 | 7.3503 | 0.0740 | 0.0000 | 
12.5515 | -0.0138 | 0.0000 | 2.2282 | 0.0025 | 0.0000 | 7.3842 | -0.0857 | -0.0000 | 7.3956 | 0.0744 | 0.0000 | 
12.6285 | -0.0138 | 0.0000 | 2.2417 | 0.0025 | 0.0000 | 7.4294 | -0.0862 | -0.0000 | 7.4408 | 0.0749 | 0.0000 | 
12.7055 | -0.0139 | -0.0000 | 2.2552 | 0.0026 | 0.0000 | 7.4746 | -0.0867 | -0.0000 | 7.4861 | 0.0753 | 0.0000 | 
12.7826 | -0.0139 | 0.0000 | 2.2687 | 0.0026 | 0.0000 | 7.5198 | -0.0872 | -0.0000 | 7.5314 | 0.0758 | 0.0000 | 
12.8596 | -0.0140 | 0.0000 | 2.2822 | 0.0026 | 0.0000 | 7.5651 | -0.0876 | -0.0000 | 7.5767 | 0.0763 | 0.0000 | 
12.9367 | -0.0140 | 0.0000 | 2.2956 | 0.0027 | 0.0000 | 7.6103 | -0.0881 | -0.0000 | 7.6220 | 0.0767 | 0.0000 | 
13.0137 | -0.0141 | 0.0000 | 2.3091 | 0.0027 | 0.0000 | 7.6555 | -0.0886 | -0.0000 | 7.6673 | 0.0772 | 0.0000 | 
13.0908 | -0.0141 | -0.0000 | 2.3226 | 0.0028 | 0.0000 | 7.7007 | -0.0890 | -0.0000 | 7.7126 | 0.0777 | 0.0000 | 
13.1678 | -0.0142 | 0.0000 | 2.3360 | 0.0028 | 0.0000 | 7.7459 | -0.0895 | -0.0000 | 7.7579 | 0.0781 | 0.0000 | 
13.2449 | -0.0142 | 0.0000 | 2.3495 | 0.0028 | 0.0000 | 7.7912 | -0.0900 | -0.0000 | 7.8032 | 0.0786 | 0.0000 | 
13.3219 | -0.0143 | 0.0000 | 2.3630 | 0.0029 | 0.0000 | 7.8364 | -0.0904 | -0.0000 | 7.8485 | 0.0790 | 0.0000 | 
13.3990 | -0.0143 | 0.0000 | 2.3764 | 0.0029 | 0.0000 | 7.8816 | -0.0909 | -0.0000 | 7.8938 | 0.0795 | 0.0000 | 
13.4760 | -0.0144 | -0.0000 | 2.3899 | 0.0030 | 0.0000 | 7.9268 | -0.0914 | -0.0000 | 7.9391 | 0.0800 | 0.0000 | 
13.5531 | -0.0144 | 0.0000 | 2.4033 | 0.0030 | 0.0000 | 7.9720 | -0.0919 | -0.0000 | 7.9844 | 0.0804 | 0.0000 | 
13.6302 | -0.0145 | 0.0000 | 2.4168 | 0.0030 | 0.0000 | 8.0173 | -0.0923 | -0.0000 | 8.0297 | 0.0809 | 0.0000 | 
13.7072 | -0.0146 | 0.0000 | 2.4302 | 0.0031 | 0.0000 | 8.0625 | -0.0928 | -0.0000 | 8.0749 | 0.0813 | 0.0000 | 
13.7843 | -0.0146 | -0.0000 | 2.4436 | 0.0031 | 0.0000 | 8.1077 | -0.0933 | -0.0000 | 8.1202 | 0.0818 | 0.0000 | 
13.8614 | -0.0147 | -0.0000 | 2.4571 | 0.0032 | 0.0000 | 8.1529 | -0.0937 | -0.0000 | 8.1655 | 0.0823 | 0.0000 | 
13.9385 | -0.0147 | 0.0000 | 2.4705 | 0.0032 | 0.0000 | 8.1981 | -0.0942 | -0.0000 | 8.2108 | 0.0827 | 0.0000 | 
14.0155 | -0.0148 | 0.0000 | 2.4840 | 0.0033 | 0.0000 | 8.2434 | -0.0947 | -0.0000 | 8.2561 | 0.0832 | 0.0000 | 
14.0926 | -0.0148 | 0.0000 | 2.4974 | 0.0033 | 0.0000 | 8.2886 | -0.0951 | -0.0000 | 8.3014 | 0.0836 | 0.0000 | 
14.1697 | -0.0149 | -0.0000 | 2.5108 | 0.0034 | -0.0000 | 8.3338 | -0.0956 | -0.0000 | 8.3467 | 0.0841 | 0.0000 | 
14.2468 | -0.0149 | -0.0000 | 2.5242 | 0.0034 | 0.0000 | 8.3790 | -0.0961 | -0.0000 | 8.3920 | 0.0846 | 0.0000 | 
14.3239 | -0.0150 | 0.0000 | 2.5377 | 0.0035 | 0.0000 | 8.4243 | -0.0966 | -0.0000 | 8.4373 | 0.0850 | 0.0000 | 
14.4010 | -0.0150 | 0.0000 | 2.5511 | 0.0035 | 0.0000 | 8.4695 | -0.0970 | -0.0000 | 8.4826 | 0.0855 | 0.0000 | 
14.4781 | -0.0151 | 0.0000 | 2.5645 | 0.0035 | 0.0000 | 8.5147 | -0.0975 | -0.0000 | 8.5279 | 0.0859 | 0.0000 | 
14.5552 | -0.0151 | 0.0000 | 2.5779 | 0.0036 | 0.0000 | 8.5599 | -0.0980 | -0.0000 | 8.5732 | 0.0864 | 0.0000 | 
14.6323 | -0.0152 | 0.0000 | 2.5913 | 0.0036 | 0.0000 | 8.6051 | -0.0984 | -0.0000 | 8.6185 | 0.0868 | 0.0000 | 
14.7094 | -0.0153 | 0.0000 | 2.6047 | 0.0037 | 0.0000 | 8.6504 | -0.0989 | -0.0000 | 8.6638 | 0.0873 | 0.0000 | 
14.7865 | -0.0153 | 0.0000 | 2.6182 | 0.0037 | 0.0000 | 8.6956 | -0.0994 | -0.0000 | 8.7090 | 0.0878 | 0.0000 | 
14.8636 | -0.0154 | 0.0000 | 2.6316 | 0.0037 | 0.0000 | 8.7408 | -0.0998 | -0.0000 | 8.7543 | 0.0882 | 0.0000 | 
14.9407 | -0.0154 | 0.0000 | 2.6450 | 0.0038 | 0.0000 | 8.7860 | -0.1003 | -0.0000 | 8.7996 | 0.0887 | 0.0000 | 
15.0178 | -0.0155 | -0.0000 | 2.6584 | 0.0038 | 0.0000 | 8.8312 | -0.1008 | -0.0000 | 8.8449 | 0.0891 | 0.0000 | 
15.0949 | -0.0155 | 0.0000 | 2.6717 | 0.0038 | 0.0000 | 8.8765 | -0.1012 | -0.0000 | 8.8902 | 0.0896 | 0.0000 | 
15.1721 | -0.0156 | 0.0000 | 2.6851 | 0.0039 | 0.0000 | 8.9217 | -0.1017 | -0.0000 | 8.9355 | 0.0900 | 0.0000 | 
15.2492 | -0.0156 | -0.0000 | 2.6985 | 0.0039 | -0.0000 | 8.9669 | -0.1022 | -0.0000 | 8.9808 | 0.0905 | 0.0000 | 
15.3263 | -0.0157 | 0.0000 | 2.7119 | 0.0040 | 0.0000 | 9.0121 | -0.1026 | -0.0000 | 9.0261 | 0.0909 | 0.0000 | 
15.4034 | -0.0157 | 0.0000 | 2.7253 | 0.0040 | 0.0000 | 9.0573 | -0.1031 | -0.0000 | 9.0714 | 0.0914 | 0.0000 | 
15.4806 | -0.0158 | 0.0000 | 2.7387 | 0.0040 | 0.0000 | 9.1026 | -0.1036 | -0.0000 | 9.1167 | 0.0918 | 0.0000 | 
15.5577 | -0.0158 | 0.0000 | 2.7520 | 0.0041 | -0.0000 | 9.1478 | -0.1040 | -0.0000 | 9.1620 | 0.0923 | 0.0000 | 
15.6349 | -0.0158 | -0.0000 | 2.7654 | 0.0041 | -0.0000 | 9.1930 | -0.1045 | -0.0000 | 9.2073 | 0.0928 | 0.0000 | 
15.7120 | -0.0159 | 0.0000 | 2.7788 | 0.0041 | 0.0000 | 9.2382 | -0.1050 | -0.0000 | 9.2526 | 0.0932 | 0.0000 | 
15.7891 | -0.0159 | 0.0000 | 2.7921 | 0.0042 | 0.0000 | 9.2834 | -0.1054 | -0.0000 | 9.2978 | 0.0937 | 0.0000 | 
15.8663 | -0.0160 | 0.0000 | 2.8055 | 0.0042 | 0.0000 | 9.3287 | -0.1059 | -0.0000 | 9.3431 | 0.0941 | 0.0000 | 
15.9435 | -0.0160 | 0.0000 | 2.8189 | 0.0042 | -0.0000 | 9.3739 | -0.1064 | -0.0000 | 9.3884 | 0.0946 | 0.0000 | 
16.0206 | -0.0161 | 0.0000 | 2.8322 | 0.0043 | -0.0000 | 9.4191 | -0.1068 | -0.0000 | 9.4337 | 0.0950 | 0.0000 | 
16.0978 | -0.0161 | 0.0000 | 2.8456 | 0.0043 | 0.0000 | 9.4643 | -0.1073 | -0.0000 | 9.4790 | 0.0955 | 0.0000 | 
16.1749 | -0.0162 | 0.0000 | 2.8589 | 0.0043 | 0.0000 | 9.5095 | -0.1078 | -0.0000 | 9.5243 | 0.0959 | 0.0000 | 
16.2521 | -0.0162 | 0.0000 | 2.8722 | 0.0044 | 0.0000 | 9.5548 | -0.1082 | -0.0000 | 9.5696 | 0.0964 | 0.0000 | 
16.3293 | -0.0162 | 0.0000 | 2.8856 | 0.0044 | -0.0000 | 9.6000 | -0.1087 | -0.0000 | 9.6149 | 0.0968 | 0.0000 | 
16.4065 | -0.0163 | 0.0000 | 2.8989 | 0.0044 | -0.0000 | 9.6452 | -0.1092 | -0.0000 | 9.6602 | 0.0973 | 0.0000 | 
16.4836 | -0.0163 | 0.0000 | 2.9123 | 0.0045 | 0.0000 | 9.6904 | -0.1096 | -0.0000 | 9.7055 | 0.0977 | 0.0000 | 
16.5608 | -0.0164 | 0.0000 | 2.9256 | 0.0045 | 0.0000 | 9.7356 | -0.1101 | -0.0000 | 9.7508 | 0.0982 | 0.0000 | 
16.6380 | -0.0164 | 0.0000 | 2.9389 | 0.0045 | 0.0000 | 9.7809 | -0.1105 | -0.0000 | 9.7961 | 0.0986 | 0.0000 | 
16.7152 | -0.0165 | 0.0000 | 2.9522 | 0.0045 | -0.0000 | 9.8261 | -0.1110 | -0.0000 | 9.8414 | 0.0991 | 0.0000 | 
16.7924 | -0.0165 | 0.0000 | 2.9656 | 0.0046 | -0.0000 | 9.8713 | -0.1115 | -0.0000 | 9.8867 | 0.0995 | 0.0000 | 
16.8696 | -0.0165 | 0.0000 | 2.9789 | 0.0046 | 0.0000 | 9.9165 | -0.1119 | -0.0000 | 9.9320 | 0.1000 | 0.0000 | 
16.9468 | -0.0166 | 0.0000 | 2.9922 | 0.0046 | 0.0000 | 9.9617 | -0.1124 | -0.0000 | 9.9772 | 0.1005 | 0.0000 | 
17.0240 | -0.0166 | 0.0000 | 3.0055 | 0.0047 | 0.0000 | 10.0070 | -0.1129 | -0.0000 | 10.0225 | 0.1009 | 0.0000 | 
17.1012 | -0.0167 | 0.0000 | 3.0188 | 0.0047 | -0.0000 | 10.0522 | -0.1133 | -0.0000 | 10.0678 | 0.1014 | 0.0000 | 
17.1784 | -0.0167 | -0.0000 | 3.0321 | 0.0047 | 0.0000 | 10.0974 | -0.1138 | -0.0000 | 10.1131 | 0.1018 | 0.0000 | 
17.2556 | -0.0167 | 0.0000 | 3.0454 | 0.0048 | 0.0000 | 10.1426 | -0.1142 | -0.0000 | 10.1584 | 0.1023 | 0.0000 | 
17.3328 | -0.0168 | 0.0000 | 3.0587 | 0.0048 | 0.0000 | 10.1878 | -0.1147 | -0.0000 | 10.2037 | 0.1027 | 0.0000 | 
17.4100 | -0.0168 | -0.0000 | 3.0720 | 0.0048 | 0.0000 | 10.2331 | -0.1152 | -0.0000 | 10.2490 | 0.1032 | 0.0000 | 
17.4873 | -0.0169 | -0.0000 | 3.0853 | 0.0049 | 0.0000 | 10.2783 | -0.1156 | -0.0000 | 10.2943 | 0.1036 | 0.0000 | 
17.5645 | -0.0169 | -0.0000 | 3.0986 | 0.0049 | -0.0000 | 10.3235 | -0.1161 | -0.0000 | 10.3396 | 0.1041 | 0.0000 | 
17.6417 | -0.0170 | 0.0000 | 3.1119 | 0.0049 | 0.0000 | 10.3687 | -0.1165 | -0.0000 | 10.3849 | 0.1045 | 0.0000 | 
17.7189 | -0.0170 | 0.0000 | 3.1252 | 0.0050 | 0.0000 | 10.4139 | -0.1170 | -0.0000 | 10.4302 | 0.1050 | 0.0000 | 
17.7962 | -0.0170 | 0.0000 | 3.1385 | 0.0050 | 0.0000 | 10.4592 | -0.1175 | -0.0000 | 10.4755 | 0.1054 | 0.0000 | 
17.8734 | -0.0171 | -0.0000 | 3.1517 | 0.0050 | -0.0000 | 10.5044 | -0.1179 | -0.0000 | 10.5208 | 0.1059 | 0.0000 | 
17.9506 | -0.0171 | -0.0000 | 3.1650 | 0.0051 | 0.0000 | 10.5496 | -0.1184 | -0.0000 | 10.5661 | 0.1063 | 0.0000 | 
18.0279 | -0.0172 | -0.0000 | 3.1783 | 0.0051 | 0.0000 | 10.5948 | -0.1188 | -0.0000 | 10.6113 | 0.1068 | 0.0000 | 
18.1051 | -0.0172 | 0.0000 | 3.1916 | 0.0051 | 0.0000 | 10.6400 | -0.1193 | -0.0000 | 10.6566 | 0.1072 | 0.0000 | 
18.1824 | -0.0173 | -0.0000 | 3.2048 | 0.0052 | 0.0000 | 10.6853 | -0.1198 | -0.0000 | 10.7019 | 0.1077 | 0.0000 | 
18.2596 | -0.0173 | -0.0000 | 3.2181 | 0.0052 | 0.0000 | 10.7305 | -0.1202 | -0.0000 | 10.7472 | 0.1081 | 0.0000 | 
18.3369 | -0.0173 | -0.0000 | 3.2313 | 0.0052 | -0.0000 | 10.7757 | -0.1207 | -0.0000 | 10.7925 | 0.1086 | 0.0000 | 
18.4141 | -0.0174 | -0.0000 | 3.2446 | 0.0053 | 0.0000 | 10.8209 | -0.1211 | -0.0000 | 10.8378 | 0.1090 | 0.0000 | 
18.4914 | -0.0174 | -0.0000 | 3.2578 | 0.0053 | 0.0000 | 10.8661 | -0.1216 | -0.0000 | 10.8831 | 0.1095 | 0.0000 | 
18.5687 | -0.0175 | -0.0000 | 3.2711 | 0.0054 | 0.0000 | 10.9113 | -0.1220 | -0.0000 | 10.9284 | 0.1099 | 0.0000 | 
18.6459 | -0.0175 | -0.0000 | 3.2843 | 0.0054 | 0.0000 | 10.9566 | -0.1225 | -0.0000 | 10.9737 | 0.1104 | 0.0000 | 
18.7232 | -0.0176 | -0.0000 | 3.2976 | 0.0054 | 0.0000 | 11.0018 | -0.1229 | -0.0000 | 11.0190 | 0.1108 | 0.0000 | 
18.8005 | -0.0176 | -0.0000 | 3.3108 | 0.0055 | 0.0000 | 11.0470 | -0.1234 | -0.0000 | 11.0643 | 0.1113 | 0.0000 | 
18.8777 | -0.0176 | -0.0000 | 3.3241 | 0.0055 | 0.0000 | 11.0922 | -0.1239 | -0.0000 | 11.1096 | 0.1117 | 0.0000 | 
18.9550 | -0.0177 | -0.0000 | 3.3373 | 0.0055 | 0.0000 | 11.1374 | -0.1243 | -0.0000 | 11.1549 | 0.1122 | 0.0000 | 
19.0323 | -0.0177 | -0.0000 | 3.3505 | 0.0056 | -0.0000 | 11.1827 | -0.1248 | -0.0000 | 11.2001 | 0.1126 | 0.0000 | 
19.1096 | -0.0178 | -0.0000 | 3.3637 | 0.0056 | 0.0000 | 11.2279 | -0.1252 | -0.0000 | 11.2454 | 0.1131 | 0.0000 | 
19.1869 | -0.0178 | 0.0000 | 3.3770 | 0.0056 | 0.0000 | 11.2731 | -0.1257 | -0.0000 | 11.2907 | 0.1135 | 0.0000 | 
19.2642 | -0.0178 | 0.0000 | 3.3902 | 0.0057 | 0.0000 | 11.3183 | -0.1261 | -0.0000 | 11.3360 | 0.1140 | 0.0000 | 
19.3414 | -0.0179 | 0.0000 | 3.4034 | 0.0057 | 0.0000 | 11.3635 | -0.1266 | -0.0000 | 11.3813 | 0.1144 | 0.0000 | 
19.4187 | -0.0179 | 0.0000 | 3.4166 | 0.0057 | -0.0000 | 11.4088 | -0.1271 | -0.0000 | 11.4266 | 0.1149 | 0.0000 | 
19.4960 | -0.0180 | 0.0000 | 3.4298 | 0.0058 | 0.0000 | 11.4540 | -0.1275 | -0.0000 | 11.4719 | 0.1153 | 0.0000 | 
19.5734 | -0.0180 | 0.0000 | 3.4430 | 0.0058 | 0.0000 | 11.4992 | -0.1280 | -0.0000 | 11.5172 | 0.1158 | 0.0000 | 
19.6507 | -0.0180 | 0.0000 | 3.4562 | 0.0058 | 0.0000 | 11.5444 | -0.1284 | -0.0000 | 11.5625 | 0.1162 | 0.0000 | 
19.7280 | -0.0181 | 0.0000 | 3.4694 | 0.0058 | 0.0000 | 11.5896 | -0.1289 | -0.0000 | 11.6078 | 0.1167 | 0.0000 | 
19.8053 | -0.0181 | 0.0000 | 3.4826 | 0.0059 | 0.0000 | 11.6349 | -0.1293 | -0.0000 | 11.6531 | 0.1171 | 0.0000 | 
19.8826 | -0.0181 | 0.0000 | 3.4958 | 0.0059 | 0.0000 | 11.6801 | -0.1298 | -0.0000 | 11.6984 | 0.1175 | 0.0000 | 
19.9599 | -0.0182 | 0.0000 | 3.5090 | 0.0059 | 0.0000 | 11.7253 | -0.1302 | -0.0000 | 11.7437 | 0.1180 | 0.0000 | 
20.0373 | -0.0182 | 0.0000 | 3.5222 | 0.0060 | 0.0000 | 11.7705 | -0.1307 | -0.0000 | 11.7890 | 0.1184 | 0.0000 | 
20.1146 | -0.0183 | 0.0000 | 3.5354 | 0.0060 | 0.0000 | 11.8157 | -0.1311 | -0.0000 | 11.8342 | 0.1189 | 0.0000 | 
20.1919 | -0.0183 | 0.0000 | 3.5486 | 0.0060 | 0.0000 | 11.8610 | -0.1316 | -0.0000 | 11.8795 | 0.1193 | 0.0000 | 
20.2693 | -0.0183 | 0.0000 | 3.5617 | 0.0061 | 0.0000 | 11.9062 | -0.1321 | -0.0000 | 11.9248 | 0.1198 | 0.0000 | 
20.3466 | -0.0184 | 0.0000 | 3.5749 | 0.0061 | 0.0000 | 11.9514 | -0.1325 | -0.0000 | 11.9701 | 0.1202 | 0.0000 | 
20.4240 | -0.0184 | 0.0000 | 3.5881 | 0.0061 | 0.0000 | 11.9966 | -0.1330 | -0.0000 | 12.0154 | 0.1207 | 0.0000 | 
20.5013 | -0.0184 | 0.0000 | 3.6012 | 0.0061 | 0.0000 | 12.0418 | -0.1334 | -0.0000 | 12.0607 | 0.1211 | 0.0000 | 
20.5787 | -0.0185 | 0.0000 | 3.6144 | 0.0062 | 0.0000 | 12.0871 | -0.1339 | -0.0000 | 12.1060 | 0.1215 | 0.0000 | 
20.6560 | -0.0185 | 0.0000 | 3.6276 | 0.0062 | 0.0000 | 12.1323 | -0.1343 | -0.0000 | 12.1513 | 0.1220 | 0.0000 | 
20.7334 | -0.0185 | 0.0000 | 3.6407 | 0.0062 | 0.0000 | 12.1775 | -0.1348 | -0.0000 | 12.1966 | 0.1224 | 0.0000 | 
20.8107 | -0.0186 | 0.0000 | 3.6539 | 0.0062 | 0.0000 | 12.2227 | -0.1352 | -0.0000 | 12.2419 | 0.1229 | 0.0000 | 
20.8881 | -0.0186 | 0.0000 | 3.6670 | 0.0063 | 0.0000 | 12.2679 | -0.1357 | -0.0000 | 12.2872 | 0.1233 | 0.0000 | 
20.9655 | -0.0186 | 0.0000 | 3.6802 | 0.0063 | -0.0000 | 12.3131 | -0.1361 | -0.0000 | 12.3325 | 0.1238 | 0.0000 | 
21.0428 | -0.0187 | 0.0000 | 3.6933 | 0.0063 | 0.0000 | 12.3584 | -0.1366 | -0.0000 | 12.3778 | 0.1242 | 0.0000 | 
21.1202 | -0.0187 | 0.0000 | 3.7064 | 0.0063 | 0.0000 | 12.4036 | -0.1370 | -0.0000 | 12.4231 | 0.1247 | 0.0000 | 
21.1976 | -0.0187 | 0.0000 | 3.7196 | 0.0064 | 0.0000 | 12.4488 | -0.1375 | -0.0000 | 12.4683 | 0.1251 | 0.0000 | 
21.2750 | -0.0188 | 0.0000 | 3.7327 | 0.0064 | -0.0000 | 12.4940 | -0.1379 | -0.0000 | 12.5136 | 0.1256 | 0.0000 | 
21.3524 | -0.0188 | 0.0000 | 3.7458 | 0.0064 | -0.0000 | 12.5392 | -0.1384 | -0.0000 | 12.5589 | 0.1260 | 0.0000 | 
21.4297 | -0.0188 | 0.0000 | 3.7589 | 0.0064 | 0.0000 | 12.5845 | -0.1388 | -0.0000 | 12.6042 | 0.1264 | 0.0000 | 
21.5071 | -0.0189 | 0.0000 | 3.7721 | 0.0065 | 0.0000 | 12.6297 | -0.1393 | -0.0000 | 12.6495 | 0.1269 | 0.0000 | 
21.5845 | -0.0189 | 0.0000 | 3.7852 | 0.0065 | -0.0000 | 12.6749 | -0.1397 | -0.0000 | 12.6948 | 0.1273 | 0.0000 | 
21.6619 | -0.0189 | 0.0000 | 3.7983 | 0.0065 | -0.0000 | 12.7201 | -0.1402 | -0.0000 | 12.7401 | 0.1278 | 0.0000 | 
21.7393 | -0.0190 | 0.0000 | 3.8114 | 0.0065 | -0.0000 | 12.7653 | -0.1406 | -0.0000 | 12.7854 | 0.1282 | 0.0000 | 
21.8168 | -0.0190 | 0.0000 | 3.8245 | 0.0066 | -0.0000 | 12.8106 | -0.1411 | -0.0000 | 12.8307 | 0.1287 | 0.0000 | 
21.8942 | -0.0190 | 0.0000 | 3.8376 | 0.0066 | -0.0000 | 12.8558 | -0.1415 | -0.0000 | 12.8760 | 0.1291 | 0.0000 | 
21.9716 | -0.0191 | 0.0000 | 3.8507 | 0.0066 | -0.0000 | 12.9010 | -0.1420 | -0.0000 | 12.9213 | 0.1295 | 0.0000 | 
22.0490 | -0.0191 | 0.0000 | 3.8638 | 0.0066 | -0.0000 | 12.9462 | -0.1424 | -0.0000 | 12.9666 | 0.1300 | 0.0000 | 
22.1264 | -0.0191 | 0.0000 | 3.8769 | 0.0067 | -0.0000 | 12.9914 | -0.1429 | -0.0000 | 13.0119 | 0.1304 | 0.0000 | 
22.2039 | -0.0192 | 0.0000 | 3.8900 | 0.0067 | -0.0000 | 13.0366 | -0.1433 | -0.0000 | 13.0572 | 0.1309 | 0.0000 | 
22.2813 | -0.0192 | -0.0000 | 3.9030 | 0.0067 | -0.0000 | 13.0819 | -0.1438 | -0.0000 | 13.1025 | 0.1313 | 0.0000 | 
22.3587 | -0.0192 | -0.0000 | 3.9161 | 0.0067 | -0.0000 | 13.1271 | -0.1442 | -0.0000 | 13.1477 | 0.1317 | 0.0000 | 
22.4362 | -0.0192 | -0.0000 | 3.9292 | 0.0068 | -0.0000 | 13.1723 | -0.1447 | -0.0000 | 13.1930 | 0.1322 | 0.0000 | 
22.5136 | -0.0193 | -0.0000 | 3.9423 | 0.0068 | -0.0000 | 13.2175 | -0.1451 | -0.0000 | 13.2383 | 0.1326 | 0.0000 | 
22.5910 | -0.0193 | -0.0000 | 3.9553 | 0.0068 | -0.0000 | 13.2627 | -0.1456 | -0.0000 | 13.2836 | 0.1331 | 0.0000 | 
22.6685 | -0.0193 | -0.0000 | 3.9684 | 0.0068 | -0.0000 | 13.3080 | -0.1460 | -0.0000 | 13.3289 | 0.1335 | 0.0000 | 
22.7459 | -0.0194 | 0.0000 | 3.9815 | 0.0068 | -0.0000 | 13.3532 | -0.1465 | -0.0000 | 13.3742 | 0.1340 | 0.0000 | 
22.8234 | -0.0194 | 0.0000 | 3.9945 | 0.0069 | -0.0000 | 13.3984 | -0.1469 | -0.0000 | 13.4195 | 0.1344 | 0.0000 | 
22.9008 | -0.0194 | 0.0000 | 4.0076 | 0.0069 | -0.0000 | 13.4436 | -0.1474 | -0.0000 | 13.4648 | 0.1348 | 0.0000 | 
22.9783 | -0.0195 | 0.0000 | 4.0206 | 0.0069 | -0.0000 | 13.4888 | -0.1478 | -0.0000 | 13.5101 | 0.1353 | 0.0000 | 
23.0558 | -0.0195 | 0.0000 | 4.0337 | 0.0069 | -0.0000 | 13.5341 | -0.1483 | -0.0000 | 13.5554 | 0.1357 | 0.0000 | 
23.1332 | -0.0195 | 0.0000 | 4.0467 | 0.0070 | -0.0000 | 13.5793 | -0.1487 | -0.0000 | 13.6007 | 0.1362 | 0.0000 | 
23.2107 | -0.0195 | 0.0000 | 4.0597 | 0.0070 | -0.0000 | 13.6245 | -0.1492 | -0.0000 | 13.6460 | 0.1366 | 0.0000 | 
23.2882 | -0.0196 | 0.0000 | 4.0728 | 0.0070 | 0.0000 | 13.6697 | -0.1496 | -0.0000 | 13.6913 | 0.1370 | 0.0000 | 
23.3657 | -0.0196 | 0.0000 | 4.0858 | 0.0070 | 0.0000 | 13.7149 | -0.1500 | -0.0000 | 13.7366 | 0.1375 | 0.0000 | 
23.4431 | -0.0196 | 0.0000 | 4.0988 | 0.0070 | -0.0000 | 13.7601 | -0.1505 | -0.0000 | 13.7818 | 0.1379 | 0.0000 | 
23.5206 | -0.0197 | 0.0000 | 4.1119 | 0.0071 | 0.0000 | 13.8054 | -0.1509 | -0.0000 | 13.8271 | 0.1384 | 0.0000 | 
23.5981 | -0.0197 | 0.0000 | 4.1249 | 0.0071 | 0.0000 | 13.8506 | -0.1514 | -0.0000 | 13.8724 | 0.1388 | 0.0000 | 
23.6756 | -0.0197 | 0.0000 | 4.1379 | 0.0071 | 0.0000 | 13.8958 | -0.1518 | -0.0000 | 13.9177 | 0.1392 | 0.0000 | 
23.7531 | -0.0197 | 0.0000 | 4.1509 | 0.0071 | 0.0000 | 13.9410 | -0.1523 | -0.0000 | 13.9630 | 0.1397 | 0.0000 | 
23.8306 | -0.0198 | 0.0000 | 4.1639 | 0.0072 | 0.0000 | 13.9862 | -0.1527 | -0.0000 | 14.0083 | 0.1401 | 0.0000 | 
23.9081 | -0.0198 | 0.0000 | 4.1769 | 0.0072 | 0.0000 | 14.0315 | -0.1532 | -0.0000 | 14.0536 | 0.1405 | 0.0000 | 
23.9856 | -0.0198 | 0.0000 | 4.1899 | 0.0072 | 0.0000 | 14.0767 | -0.1536 | -0.0000 | 14.0989 | 0.1410 | 0.0000 | 
24.0631 | -0.0199 | 0.0000 | 4.2029 | 0.0072 | 0.0000 | 14.1219 | -0.1541 | -0.0000 | 14.1442 | 0.1414 | 0.0000 | 
24.1407 | -0.0199 | 0.0000 | 4.2159 | 0.0072 | 0.0000 | 14.1671 | -0.1545 | -0.0000 | 14.1895 | 0.1419 | 0.0000 | 
24.2182 | -0.0199 | 0.0000 | 4.2289 | 0.0073 | 0.0000 | 14.2123 | -0.1549 | -0.0000 | 14.2348 | 0.1423 | 0.0000 | 
24.2957 | -0.0200 | 0.0000 | 4.2419 | 0.0073 | 0.0000 | 14.2575 | -0.1554 | -0.0000 | 14.2801 | 0.1427 | 0.0000 | 
24.3732 | -0.0200 | 0.0000 | 4.2549 | 0.0073 | 0.0000 | 14.3028 | -0.1558 | -0.0000 | 14.3254 | 0.1432 | 0.0000 | 
24.4508 | -0.0200 | 0.0000 | 4.2679 | 0.0073 | 0.0000 | 14.3480 | -0.1563 | -0.0000 | 14.3707 | 0.1436 | 0.0000 | 
24.5283 | -0.0201 | 0.0000 | 4.2809 | 0.0074 | 0.0000 | 14.3932 | -0.1567 | -0.0000 | 14.4159 | 0.1440 | 0.0000 | 
24.6058 | -0.0201 | 0.0000 | 4.2938 | 0.0074 | 0.0000 | 14.4384 | -0.1572 | -0.0000 | 14.4612 | 0.1445 | 0.0000 | 
24.6834 | -0.0201 | 0.0000 | 4.3068 | 0.0074 | 0.0000 | 14.4836 | -0.1576 | -0.0000 | 14.5065 | 0.1449 | 0.0000 | 
24.7609 | -0.0201 | 0.0000 | 4.3198 | 0.0074 | 0.0000 | 14.5288 | -0.1581 | -0.0000 | 14.5518 | 0.1454 | 0.0000 | 
24.8385 | -0.0202 | 0.0000 | 4.3327 | 0.0075 | 0.0000 | 14.5741 | -0.1585 | -0.0000 | 14.5971 | 0.1458 | 0.0000 | 
24.9160 | -0.0202 | -0.0000 | 4.3457 | 0.0075 | 0.0000 | 14.6193 | -0.1589 | -0.0000 | 14.6424 | 0.1462 | 0.0000 | 
24.9936 | -0.0202 | -0.0000 | 4.3586 | 0.0075 | 0.0000 | 14.6645 | -0.1594 | -0.0000 | 14.6877 | 0.1467 | 0.0000 | 
25.0711 | -0.0202 | -0.0000 | 4.3716 | 0.0075 | 0.0000 | 14.7097 | -0.1598 | -0.0000 | 14.7330 | 0.1471 | 0.0000 | 
25.1487 | -0.0203 | 0.0000 | 4.3845 | 0.0076 | 0.0000 | 14.7549 | -0.1603 | -0.0000 | 14.7783 | 0.1475 | 0.0000 | 
25.2263 | -0.0203 | 0.0000 | 4.3975 | 0.0076 | 0.0000 | 14.8002 | -0.1607 | -0.0000 | 14.8236 | 0.1480 | 0.0000 | 
25.3038 | -0.0203 | 0.0000 | 4.4104 | 0.0076 | 0.0000 | 14.8454 | -0.1612 | -0.0000 | 14.8689 | 0.1484 | 0.0000 | 
25.3814 | -0.0204 | 0.0000 | 4.4234 | 0.0076 | 0.0000 | 14.8906 | -0.1616 | -0.0000 | 14.9142 | 0.1488 | 0.0000 | 
25.4590 | -0.0204 | 0.0000 | 4.4363 | 0.0076 | 0.0000 | 14.9358 | -0.1620 | -0.0000 | 14.9594 | 0.1493 | 0.0000 | 
25.5366 | -0.0204 | 0.0000 | 4.4492 | 0.0077 | 0.0000 | 14.9810 | -0.1625 | -0.0000 | 15.0047 | 0.1497 | 0.0000 | 
25.6141 | -0.0205 | 0.0000 | 4.4621 | 0.0077 | 0.0000 | 15.0262 | -0.1629 | -0.0000 | 15.0500 | 0.1502 | 0.0000 | 
25.6917 | -0.0205 | 0.0000 | 4.4751 | 0.0077 | 0.0000 | 15.0715 | -0.1634 | -0.0000 | 15.0953 | 0.1506 | 0.0000 | 
25.6953 | -0.0205 | 0.0000 | 4.4757 | 0.0077 | 0.0000 | 15.0736 | -0.1634 | -0.0000 | 15.0974 | 0.1506 | 0.0000 | 
