Test angle: 75
Node_A_151 coordinates: initialX | initialY | initialZ 
75.0000 | 0.0000 | 0.0000 | 
Node_B_1051 coordinates: initialX | initialY | initialZ 
-75.0000 | 0.0000 | 0.0000 | 
Node_C_606 coordinates: initialX | initialY | initialZ 
0.0000 | 5.0000 | 0.0000 | 
Node_D_1256 coordinates: initialX | initialY | initialZ 
0.0000 | -5.0000 | 0.0000 | 
  UA1  |  UA2  |  UA3 | UB1 | UB2 | UB3 | UC1 | UC2 | UC3 | UD1 | UD2 | UD3 
0.0000 | 0.0000 | 0.0000 | 0.0000 | 0.0000 | 0.0000 | 0.0000 | 0.0000 | 0.0000 | 0.0000 | 0.0000 | 0.0000 | 
0.0014 | -0.0000 | 0.0000 | 0.0004 | -0.0000 | 0.0000 | 0.0009 | -0.0000 | 0.0000 | 0.0009 | -0.0000 | 0.0000 | 
0.0029 | -0.0000 | -0.0000 | 0.0007 | -0.0000 | -0.0000 | 0.0018 | -0.0001 | -0.0000 | 0.0018 | -0.0000 | -0.0000 | 
0.0051 | -0.0001 | 0.0000 | 0.0013 | -0.0001 | 0.0000 | 0.0032 | -0.0001 | 0.0000 | 0.0032 | -0.0000 | 0.0000 | 
0.0083 | -0.0001 | -0.0000 | 0.0021 | -0.0001 | -0.0000 | 0.0052 | -0.0002 | -0.0000 | 0.0052 | -0.0000 | -0.0000 | 
0.0132 | -0.0001 | 0.0000 | 0.0033 | -0.0001 | 0.0000 | 0.0083 | -0.0002 | 0.0000 | 0.0083 | -0.0000 | 0.0000 | 
0.0205 | -0.0002 | -0.0000 | 0.0052 | -0.0002 | -0.0000 | 0.0128 | -0.0004 | -0.0000 | 0.0128 | -0.0000 | -0.0000 | 
0.0314 | -0.0003 | 0.0000 | 0.0080 | -0.0003 | 0.0000 | 0.0197 | -0.0006 | 0.0000 | 0.0197 | -0.0001 | 0.0000 | 
0.0479 | -0.0005 | -0.0000 | 0.0122 | -0.0005 | -0.0000 | 0.0300 | -0.0009 | -0.0000 | 0.0300 | -0.0001 | -0.0000 | 
0.0726 | -0.0008 | 0.0000 | 0.0184 | -0.0008 | 0.0000 | 0.0455 | -0.0014 | 0.0000 | 0.0455 | -0.0002 | 0.0000 | 
0.1096 | -0.0012 | -0.0000 | 0.0278 | -0.0012 | -0.0000 | 0.0687 | -0.0021 | -0.0000 | 0.0687 | -0.0003 | -0.0000 | 
0.1651 | -0.0018 | 0.0000 | 0.0419 | -0.0018 | 0.0000 | 0.1035 | -0.0031 | 0.0000 | 0.1035 | -0.0004 | 0.0000 | 
0.2373 | -0.0025 | -0.0000 | 0.0602 | -0.0025 | -0.0000 | 0.1487 | -0.0045 | -0.0000 | 0.1487 | -0.0006 | -0.0000 | 
0.3103 | -0.0042 | 0.0000 | 0.0777 | -0.0023 | 0.0000 | 0.1942 | -0.0057 | 0.0000 | 0.1938 | -0.0007 | -0.0000 | 
0.3300 | -0.0046 | 0.0000 | 0.0806 | -0.0018 | 0.0000 | 0.2057 | -0.0059 | 0.0000 | 0.2050 | -0.0005 | 0.0000 | 
0.3595 | -0.0053 | -0.0000 | 0.0850 | -0.0012 | 0.0000 | 0.2229 | -0.0062 | -0.0000 | 0.2217 | -0.0003 | 0.0000 | 
0.4037 | -0.0063 | 0.0000 | 0.0918 | -0.0002 | -0.0000 | 0.2487 | -0.0065 | -0.0000 | 0.2467 | -0.0000 | 0.0000 | 
0.4697 | -0.0079 | -0.0000 | 0.1022 | 0.0013 | 0.0000 | 0.2875 | -0.0071 | -0.0000 | 0.2843 | 0.0004 | 0.0000 | 
0.5477 | -0.0098 | -0.0000 | 0.1147 | 0.0030 | -0.0000 | 0.3335 | -0.0077 | -0.0000 | 0.3289 | 0.0010 | 0.0000 | 
0.6255 | -0.0116 | 0.0000 | 0.1274 | 0.0047 | 0.0000 | 0.3794 | -0.0084 | -0.0000 | 0.3735 | 0.0015 | 0.0000 | 
0.7033 | -0.0134 | -0.0000 | 0.1401 | 0.0064 | -0.0000 | 0.4253 | -0.0090 | -0.0000 | 0.4180 | 0.0021 | 0.0000 | 
0.7809 | -0.0151 | -0.0000 | 0.1530 | 0.0080 | -0.0000 | 0.4713 | -0.0097 | -0.0000 | 0.4627 | 0.0026 | 0.0000 | 
0.8585 | -0.0168 | 0.0000 | 0.1660 | 0.0097 | 0.0000 | 0.5172 | -0.0102 | -0.0000 | 0.5072 | 0.0031 | 0.0000 | 
0.9360 | -0.0184 | -0.0000 | 0.1790 | 0.0112 | 0.0000 | 0.5631 | -0.0109 | -0.0000 | 0.5518 | 0.0036 | 0.0000 | 
1.0134 | -0.0201 | 0.0000 | 0.1921 | 0.0127 | 0.0000 | 0.6090 | -0.0115 | -0.0000 | 0.5965 | 0.0042 | 0.0000 | 
1.0908 | -0.0215 | -0.0000 | 0.2052 | 0.0143 | -0.0000 | 0.6549 | -0.0120 | -0.0000 | 0.6411 | 0.0048 | 0.0000 | 
1.1681 | -0.0231 | -0.0000 | 0.2184 | 0.0156 | -0.0000 | 0.7008 | -0.0127 | -0.0000 | 0.6857 | 0.0053 | 0.0000 | 
1.2454 | -0.0246 | -0.0000 | 0.2316 | 0.0170 | -0.0000 | 0.7467 | -0.0134 | -0.0000 | 0.7303 | 0.0058 | 0.0000 | 
1.3227 | -0.0260 | -0.0000 | 0.2448 | 0.0185 | -0.0000 | 0.7926 | -0.0139 | -0.0000 | 0.7749 | 0.0064 | 0.0000 | 
1.3999 | -0.0273 | -0.0000 | 0.2581 | 0.0198 | 0.0000 | 0.8385 | -0.0145 | -0.0000 | 0.8196 | 0.0070 | 0.0000 | 
1.4772 | -0.0288 | -0.0000 | 0.2714 | 0.0210 | -0.0000 | 0.8843 | -0.0152 | -0.0000 | 0.8642 | 0.0074 | 0.0000 | 
1.5544 | -0.0301 | 0.0000 | 0.2847 | 0.0223 | 0.0000 | 0.9302 | -0.0158 | -0.0000 | 0.9088 | 0.0079 | 0.0000 | 
1.6315 | -0.0314 | 0.0000 | 0.2981 | 0.0236 | -0.0000 | 0.9761 | -0.0163 | -0.0000 | 0.9535 | 0.0085 | 0.0000 | 
1.7087 | -0.0326 | -0.0000 | 0.3114 | 0.0248 | -0.0000 | 1.0220 | -0.0169 | -0.0000 | 0.9981 | 0.0091 | 0.0000 | 
1.7858 | -0.0339 | 0.0000 | 0.3248 | 0.0260 | -0.0000 | 1.0678 | -0.0175 | -0.0000 | 1.0428 | 0.0096 | 0.0000 | 
1.8629 | -0.0351 | -0.0000 | 0.3382 | 0.0271 | -0.0000 | 1.1137 | -0.0182 | -0.0000 | 1.0874 | 0.0101 | 0.0000 | 
1.9400 | -0.0363 | -0.0000 | 0.3516 | 0.0281 | 0.0000 | 1.1596 | -0.0188 | -0.0000 | 1.1321 | 0.0106 | 0.0000 | 
2.0171 | -0.0375 | 0.0000 | 0.3651 | 0.0293 | -0.0000 | 1.2054 | -0.0194 | -0.0000 | 1.1767 | 0.0112 | 0.0000 | 
2.0941 | -0.0386 | -0.0000 | 0.3785 | 0.0304 | -0.0000 | 1.2513 | -0.0199 | -0.0000 | 1.2214 | 0.0118 | 0.0000 | 
2.1712 | -0.0396 | -0.0000 | 0.3920 | 0.0315 | -0.0000 | 1.2971 | -0.0204 | -0.0000 | 1.2660 | 0.0124 | 0.0000 | 
2.2482 | -0.0408 | -0.0000 | 0.4055 | 0.0325 | 0.0000 | 1.3430 | -0.0211 | -0.0000 | 1.3107 | 0.0129 | 0.0000 | 
2.3252 | -0.0419 | -0.0000 | 0.4190 | 0.0335 | -0.0000 | 1.3889 | -0.0217 | -0.0000 | 1.3554 | 0.0133 | 0.0000 | 
2.4023 | -0.0430 | 0.0000 | 0.4325 | 0.0345 | 0.0000 | 1.4347 | -0.0223 | -0.0000 | 1.4000 | 0.0138 | 0.0000 | 
2.4793 | -0.0440 | -0.0000 | 0.4460 | 0.0354 | 0.0000 | 1.4806 | -0.0229 | -0.0000 | 1.4447 | 0.0144 | 0.0000 | 
2.5563 | -0.0449 | 0.0000 | 0.4595 | 0.0365 | -0.0000 | 1.5264 | -0.0235 | -0.0000 | 1.4893 | 0.0150 | 0.0000 | 
2.6333 | -0.0459 | 0.0000 | 0.4730 | 0.0375 | 0.0000 | 1.5722 | -0.0240 | -0.0000 | 1.5340 | 0.0156 | 0.0000 | 
2.7102 | -0.0468 | 0.0000 | 0.4865 | 0.0384 | 0.0000 | 1.6181 | -0.0246 | -0.0000 | 1.5787 | 0.0161 | 0.0000 | 
2.7872 | -0.0478 | -0.0000 | 0.5001 | 0.0393 | 0.0000 | 1.6639 | -0.0252 | -0.0000 | 1.6233 | 0.0166 | 0.0000 | 
2.8642 | -0.0488 | 0.0000 | 0.5136 | 0.0402 | 0.0000 | 1.7098 | -0.0258 | -0.0000 | 1.6680 | 0.0171 | 0.0000 | 
2.9412 | -0.0498 | -0.0000 | 0.5272 | 0.0410 | 0.0000 | 1.7556 | -0.0264 | -0.0000 | 1.7127 | 0.0176 | 0.0000 | 
3.0181 | -0.0507 | -0.0000 | 0.5407 | 0.0419 | 0.0000 | 1.8015 | -0.0270 | -0.0000 | 1.7574 | 0.0182 | 0.0000 | 
3.0951 | -0.0516 | -0.0000 | 0.5543 | 0.0427 | -0.0000 | 1.8473 | -0.0276 | -0.0000 | 1.8020 | 0.0187 | 0.0000 | 
3.1720 | -0.0524 | 0.0000 | 0.5679 | 0.0436 | -0.0000 | 1.8931 | -0.0281 | -0.0000 | 1.8467 | 0.0193 | 0.0000 | 
3.2489 | -0.0533 | 0.0000 | 0.5814 | 0.0444 | 0.0000 | 1.9390 | -0.0287 | -0.0000 | 1.8914 | 0.0198 | 0.0000 | 
3.3259 | -0.0541 | 0.0000 | 0.5950 | 0.0453 | 0.0000 | 1.9848 | -0.0292 | -0.0000 | 1.9361 | 0.0204 | 0.0000 | 
3.4028 | -0.0550 | -0.0000 | 0.6086 | 0.0461 | 0.0000 | 2.0307 | -0.0298 | -0.0000 | 1.9807 | 0.0209 | 0.0000 | 
3.4798 | -0.0558 | -0.0000 | 0.6222 | 0.0469 | 0.0000 | 2.0765 | -0.0304 | -0.0000 | 2.0254 | 0.0215 | 0.0000 | 
3.5567 | -0.0567 | -0.0000 | 0.6358 | 0.0476 | 0.0000 | 2.1223 | -0.0310 | -0.0000 | 2.0701 | 0.0220 | 0.0000 | 
3.6336 | -0.0575 | 0.0000 | 0.6494 | 0.0484 | -0.0000 | 2.1682 | -0.0316 | -0.0000 | 2.1148 | 0.0225 | 0.0000 | 
3.7105 | -0.0583 | -0.0000 | 0.6630 | 0.0491 | 0.0000 | 2.2140 | -0.0322 | -0.0000 | 2.1595 | 0.0230 | 0.0000 | 
3.7875 | -0.0591 | -0.0000 | 0.6765 | 0.0499 | 0.0000 | 2.2598 | -0.0328 | -0.0000 | 2.2042 | 0.0236 | 0.0000 | 
3.8644 | -0.0598 | 0.0000 | 0.6901 | 0.0506 | 0.0000 | 2.3057 | -0.0333 | -0.0000 | 2.2488 | 0.0241 | 0.0000 | 
3.9413 | -0.0606 | -0.0000 | 0.7037 | 0.0514 | 0.0000 | 2.3515 | -0.0339 | -0.0000 | 2.2935 | 0.0246 | 0.0000 | 
4.0182 | -0.0613 | 0.0000 | 0.7173 | 0.0521 | 0.0000 | 2.3973 | -0.0345 | -0.0000 | 2.3382 | 0.0252 | 0.0000 | 
4.0951 | -0.0621 | -0.0000 | 0.7309 | 0.0527 | -0.0000 | 2.4431 | -0.0350 | -0.0000 | 2.3829 | 0.0257 | 0.0000 | 
4.1720 | -0.0628 | 0.0000 | 0.7445 | 0.0535 | -0.0000 | 2.4890 | -0.0356 | -0.0000 | 2.4276 | 0.0263 | 0.0000 | 
4.2489 | -0.0635 | 0.0000 | 0.7581 | 0.0542 | 0.0000 | 2.5348 | -0.0362 | -0.0000 | 2.4723 | 0.0268 | 0.0000 | 
4.3259 | -0.0643 | -0.0000 | 0.7717 | 0.0549 | 0.0000 | 2.5806 | -0.0367 | -0.0000 | 2.5170 | 0.0273 | 0.0000 | 
4.4028 | -0.0649 | 0.0000 | 0.7853 | 0.0555 | 0.0000 | 2.6265 | -0.0373 | -0.0000 | 2.5616 | 0.0279 | 0.0000 | 
4.4797 | -0.0656 | 0.0000 | 0.7990 | 0.0562 | 0.0000 | 2.6723 | -0.0378 | -0.0000 | 2.6063 | 0.0284 | 0.0000 | 
4.5566 | -0.0663 | 0.0000 | 0.8126 | 0.0569 | -0.0000 | 2.7181 | -0.0384 | -0.0000 | 2.6510 | 0.0290 | 0.0000 | 
4.6335 | -0.0670 | 0.0000 | 0.8262 | 0.0575 | -0.0000 | 2.7640 | -0.0390 | -0.0000 | 2.6957 | 0.0295 | 0.0000 | 
4.7104 | -0.0677 | 0.0000 | 0.8398 | 0.0582 | 0.0000 | 2.8098 | -0.0396 | -0.0000 | 2.7404 | 0.0300 | 0.0000 | 
4.7873 | -0.0684 | -0.0000 | 0.8534 | 0.0588 | -0.0000 | 2.8556 | -0.0401 | -0.0000 | 2.7851 | 0.0305 | 0.0000 | 
4.8642 | -0.0690 | -0.0000 | 0.8670 | 0.0594 | -0.0000 | 2.9014 | -0.0407 | -0.0000 | 2.8298 | 0.0311 | 0.0000 | 
4.9411 | -0.0697 | -0.0000 | 0.8806 | 0.0600 | 0.0000 | 2.9472 | -0.0413 | -0.0000 | 2.8745 | 0.0316 | 0.0000 | 
5.0180 | -0.0704 | 0.0000 | 0.8942 | 0.0606 | -0.0000 | 2.9930 | -0.0419 | -0.0000 | 2.9192 | 0.0321 | 0.0000 | 
5.0949 | -0.0710 | 0.0000 | 0.9078 | 0.0612 | 0.0000 | 3.0389 | -0.0425 | -0.0000 | 2.9639 | 0.0326 | 0.0000 | 
5.1718 | -0.0716 | 0.0000 | 0.9214 | 0.0618 | 0.0000 | 3.0847 | -0.0430 | -0.0000 | 3.0086 | 0.0332 | 0.0000 | 
5.2487 | -0.0722 | 0.0000 | 0.9350 | 0.0623 | 0.0000 | 3.1305 | -0.0436 | -0.0000 | 3.0532 | 0.0337 | 0.0000 | 
5.3256 | -0.0728 | 0.0000 | 0.9487 | 0.0629 | 0.0000 | 3.1763 | -0.0441 | -0.0000 | 3.0979 | 0.0343 | 0.0000 | 
5.4025 | -0.0734 | 0.0000 | 0.9623 | 0.0635 | 0.0000 | 3.2221 | -0.0447 | -0.0000 | 3.1426 | 0.0348 | 0.0000 | 
5.4794 | -0.0740 | 0.0000 | 0.9759 | 0.0641 | 0.0000 | 3.2680 | -0.0452 | -0.0000 | 3.1873 | 0.0354 | 0.0000 | 
5.5563 | -0.0745 | 0.0000 | 0.9895 | 0.0647 | 0.0000 | 3.3138 | -0.0458 | -0.0000 | 3.2320 | 0.0359 | 0.0000 | 
5.6332 | -0.0751 | 0.0000 | 1.0031 | 0.0653 | 0.0000 | 3.3596 | -0.0463 | -0.0000 | 3.2767 | 0.0365 | 0.0000 | 
5.7102 | -0.0757 | 0.0000 | 1.0167 | 0.0658 | 0.0000 | 3.4054 | -0.0469 | -0.0000 | 3.3214 | 0.0370 | 0.0000 | 
5.7871 | -0.0763 | 0.0000 | 1.0303 | 0.0664 | 0.0000 | 3.4513 | -0.0474 | -0.0000 | 3.3661 | 0.0375 | 0.0000 | 
5.8640 | -0.0769 | 0.0000 | 1.0439 | 0.0670 | 0.0000 | 3.4971 | -0.0480 | -0.0000 | 3.4108 | 0.0380 | 0.0000 | 
5.9409 | -0.0775 | 0.0000 | 1.0575 | 0.0675 | 0.0000 | 3.5429 | -0.0486 | -0.0000 | 3.4555 | 0.0386 | 0.0000 | 
6.0178 | -0.0781 | 0.0000 | 1.0711 | 0.0680 | 0.0000 | 3.5887 | -0.0491 | -0.0000 | 3.5002 | 0.0391 | 0.0000 | 
6.0947 | -0.0786 | 0.0000 | 1.0847 | 0.0685 | 0.0000 | 3.6345 | -0.0497 | -0.0000 | 3.5449 | 0.0396 | 0.0000 | 
6.1716 | -0.0792 | 0.0000 | 1.0983 | 0.0690 | 0.0000 | 3.6803 | -0.0503 | -0.0000 | 3.5896 | 0.0401 | 0.0000 | 
6.2485 | -0.0798 | 0.0000 | 1.1119 | 0.0695 | 0.0000 | 3.7261 | -0.0509 | -0.0000 | 3.6343 | 0.0406 | 0.0000 | 
6.3254 | -0.0803 | 0.0000 | 1.1255 | 0.0700 | 0.0000 | 3.7719 | -0.0514 | -0.0000 | 3.6790 | 0.0411 | 0.0000 | 
6.4023 | -0.0808 | 0.0000 | 1.1391 | 0.0705 | 0.0000 | 3.8178 | -0.0520 | -0.0000 | 3.7237 | 0.0417 | 0.0000 | 
6.4793 | -0.0813 | 0.0000 | 1.1527 | 0.0710 | 0.0000 | 3.8636 | -0.0526 | -0.0000 | 3.7684 | 0.0422 | 0.0000 | 
6.5562 | -0.0818 | 0.0000 | 1.1663 | 0.0715 | 0.0000 | 3.9094 | -0.0531 | -0.0000 | 3.8131 | 0.0428 | 0.0000 | 
6.6331 | -0.0823 | 0.0000 | 1.1799 | 0.0720 | -0.0000 | 3.9552 | -0.0536 | -0.0000 | 3.8578 | 0.0433 | 0.0000 | 
6.7100 | -0.0828 | 0.0000 | 1.1935 | 0.0725 | 0.0000 | 4.0010 | -0.0542 | -0.0000 | 3.9025 | 0.0438 | 0.0000 | 
6.7870 | -0.0833 | 0.0000 | 1.2071 | 0.0730 | -0.0000 | 4.0468 | -0.0547 | -0.0000 | 3.9472 | 0.0444 | 0.0000 | 
6.8639 | -0.0838 | 0.0000 | 1.2207 | 0.0735 | 0.0000 | 4.0926 | -0.0553 | -0.0000 | 3.9919 | 0.0449 | 0.0000 | 
6.9408 | -0.0843 | -0.0000 | 1.2343 | 0.0739 | 0.0000 | 4.1384 | -0.0558 | -0.0000 | 4.0366 | 0.0455 | 0.0000 | 
7.0177 | -0.0848 | 0.0000 | 1.2478 | 0.0744 | 0.0000 | 4.1842 | -0.0564 | -0.0000 | 4.0814 | 0.0460 | 0.0000 | 
7.0947 | -0.0853 | 0.0000 | 1.2614 | 0.0749 | 0.0000 | 4.2301 | -0.0569 | -0.0000 | 4.1261 | 0.0465 | 0.0000 | 
7.1716 | -0.0858 | 0.0000 | 1.2750 | 0.0754 | 0.0000 | 4.2759 | -0.0575 | -0.0000 | 4.1708 | 0.0471 | 0.0000 | 
7.2486 | -0.0863 | 0.0000 | 1.2886 | 0.0759 | 0.0000 | 4.3217 | -0.0580 | -0.0000 | 4.2155 | 0.0476 | 0.0000 | 
7.3255 | -0.0868 | -0.0000 | 1.3022 | 0.0764 | 0.0000 | 4.3675 | -0.0586 | -0.0000 | 4.2602 | 0.0481 | 0.0000 | 
7.4024 | -0.0873 | 0.0000 | 1.3158 | 0.0768 | 0.0000 | 4.4133 | -0.0591 | -0.0000 | 4.3049 | 0.0487 | 0.0000 | 
7.4794 | -0.0877 | -0.0000 | 1.3293 | 0.0772 | 0.0000 | 4.4591 | -0.0597 | -0.0000 | 4.3496 | 0.0492 | 0.0000 | 
7.5563 | -0.0882 | 0.0000 | 1.3429 | 0.0777 | 0.0000 | 4.5049 | -0.0602 | -0.0000 | 4.3943 | 0.0497 | 0.0000 | 
7.6332 | -0.0887 | 0.0000 | 1.3565 | 0.0781 | 0.0000 | 4.5507 | -0.0608 | -0.0000 | 4.4390 | 0.0502 | 0.0000 | 
7.7102 | -0.0892 | 0.0000 | 1.3701 | 0.0785 | -0.0000 | 4.5965 | -0.0614 | -0.0000 | 4.4837 | 0.0507 | 0.0000 | 
7.7871 | -0.0896 | 0.0000 | 1.3836 | 0.0789 | 0.0000 | 4.6423 | -0.0619 | -0.0000 | 4.5284 | 0.0512 | 0.0000 | 
7.8641 | -0.0901 | 0.0000 | 1.3972 | 0.0794 | 0.0000 | 4.6881 | -0.0625 | -0.0000 | 4.5731 | 0.0518 | 0.0000 | 
7.9410 | -0.0905 | 0.0000 | 1.4107 | 0.0798 | 0.0000 | 4.7339 | -0.0630 | -0.0000 | 4.6178 | 0.0523 | 0.0000 | 
8.0180 | -0.0910 | 0.0000 | 1.4243 | 0.0802 | 0.0000 | 4.7797 | -0.0636 | -0.0000 | 4.6625 | 0.0528 | 0.0000 | 
8.0949 | -0.0914 | 0.0000 | 1.4379 | 0.0806 | 0.0000 | 4.8255 | -0.0641 | -0.0000 | 4.7072 | 0.0533 | 0.0000 | 
8.1719 | -0.0918 | 0.0000 | 1.4514 | 0.0810 | 0.0000 | 4.8713 | -0.0647 | -0.0000 | 4.7519 | 0.0539 | 0.0000 | 
8.2488 | -0.0922 | 0.0000 | 1.4649 | 0.0814 | 0.0000 | 4.9171 | -0.0652 | -0.0000 | 4.7966 | 0.0544 | 0.0000 | 
8.3258 | -0.0926 | 0.0000 | 1.4785 | 0.0818 | 0.0000 | 4.9630 | -0.0658 | -0.0000 | 4.8413 | 0.0549 | 0.0000 | 
8.4028 | -0.0931 | 0.0000 | 1.4920 | 0.0822 | 0.0000 | 5.0088 | -0.0663 | -0.0000 | 4.8861 | 0.0555 | 0.0000 | 
8.4798 | -0.0935 | 0.0000 | 1.5056 | 0.0826 | 0.0000 | 5.0546 | -0.0669 | -0.0000 | 4.9308 | 0.0560 | 0.0000 | 
8.5567 | -0.0939 | 0.0000 | 1.5191 | 0.0830 | 0.0000 | 5.1004 | -0.0674 | -0.0000 | 4.9755 | 0.0565 | 0.0000 | 
8.6337 | -0.0943 | 0.0000 | 1.5327 | 0.0834 | 0.0000 | 5.1462 | -0.0679 | -0.0000 | 5.0202 | 0.0571 | 0.0000 | 
8.7107 | -0.0947 | 0.0000 | 1.5462 | 0.0838 | 0.0000 | 5.1920 | -0.0685 | -0.0000 | 5.0649 | 0.0576 | 0.0000 | 
8.7877 | -0.0951 | 0.0000 | 1.5597 | 0.0842 | 0.0000 | 5.2378 | -0.0690 | -0.0000 | 5.1096 | 0.0581 | 0.0000 | 
8.8647 | -0.0955 | 0.0000 | 1.5733 | 0.0846 | 0.0000 | 5.2836 | -0.0696 | -0.0000 | 5.1543 | 0.0587 | 0.0000 | 
8.9416 | -0.0959 | 0.0000 | 1.5868 | 0.0850 | 0.0000 | 5.3294 | -0.0701 | -0.0000 | 5.1991 | 0.0592 | 0.0000 | 
9.0186 | -0.0963 | 0.0000 | 1.6003 | 0.0854 | 0.0000 | 5.3752 | -0.0706 | -0.0000 | 5.2438 | 0.0597 | 0.0000 | 
9.0956 | -0.0967 | 0.0000 | 1.6139 | 0.0858 | 0.0000 | 5.4210 | -0.0712 | -0.0000 | 5.2885 | 0.0603 | 0.0000 | 
9.1726 | -0.0971 | 0.0000 | 1.6274 | 0.0862 | 0.0000 | 5.4668 | -0.0717 | -0.0000 | 5.3332 | 0.0608 | 0.0000 | 
9.2496 | -0.0976 | 0.0000 | 1.6409 | 0.0866 | 0.0000 | 5.5126 | -0.0723 | -0.0000 | 5.3779 | 0.0613 | 0.0000 | 
9.3266 | -0.0980 | 0.0000 | 1.6545 | 0.0869 | 0.0000 | 5.5584 | -0.0728 | -0.0000 | 5.4226 | 0.0618 | 0.0000 | 
9.4036 | -0.0984 | 0.0000 | 1.6680 | 0.0873 | 0.0000 | 5.6042 | -0.0734 | -0.0000 | 5.4673 | 0.0623 | 0.0000 | 
9.4806 | -0.0988 | 0.0000 | 1.6815 | 0.0877 | 0.0000 | 5.6500 | -0.0739 | -0.0000 | 5.5121 | 0.0628 | 0.0000 | 
9.5576 | -0.0991 | 0.0000 | 1.6950 | 0.0880 | 0.0000 | 5.6958 | -0.0745 | -0.0000 | 5.5568 | 0.0634 | 0.0000 | 
9.6346 | -0.0995 | 0.0000 | 1.7085 | 0.0884 | 0.0000 | 5.7416 | -0.0750 | -0.0000 | 5.6015 | 0.0639 | 0.0000 | 
9.7116 | -0.0999 | 0.0000 | 1.7220 | 0.0888 | 0.0000 | 5.7874 | -0.0756 | -0.0000 | 5.6462 | 0.0644 | 0.0000 | 
9.7886 | -0.1003 | -0.0000 | 1.7355 | 0.0891 | 0.0000 | 5.8332 | -0.0761 | -0.0000 | 5.6909 | 0.0649 | 0.0000 | 
9.8656 | -0.1006 | -0.0000 | 1.7490 | 0.0895 | 0.0000 | 5.8790 | -0.0766 | -0.0000 | 5.7356 | 0.0655 | 0.0000 | 
9.9426 | -0.1010 | -0.0000 | 1.7625 | 0.0898 | 0.0000 | 5.9248 | -0.0772 | -0.0000 | 5.7803 | 0.0660 | 0.0000 | 
10.0196 | -0.1014 | 0.0000 | 1.7760 | 0.0901 | 0.0000 | 5.9706 | -0.0777 | -0.0000 | 5.8250 | 0.0665 | 0.0000 | 
10.0966 | -0.1017 | 0.0000 | 1.7895 | 0.0905 | 0.0000 | 6.0164 | -0.0783 | -0.0000 | 5.8697 | 0.0670 | 0.0000 | 
10.1737 | -0.1021 | 0.0000 | 1.8030 | 0.0908 | 0.0000 | 6.0622 | -0.0788 | -0.0000 | 5.9145 | 0.0675 | 0.0000 | 
10.2507 | -0.1024 | 0.0000 | 1.8165 | 0.0912 | 0.0000 | 6.1080 | -0.0793 | -0.0000 | 5.9592 | 0.0681 | 0.0000 | 
10.3277 | -0.1028 | 0.0000 | 1.8300 | 0.0915 | 0.0000 | 6.1538 | -0.0799 | -0.0000 | 6.0039 | 0.0686 | 0.0000 | 
10.4048 | -0.1032 | -0.0000 | 1.8434 | 0.0918 | 0.0000 | 6.1996 | -0.0804 | -0.0000 | 6.0486 | 0.0691 | 0.0000 | 
10.4818 | -0.1035 | -0.0000 | 1.8569 | 0.0922 | 0.0000 | 6.2454 | -0.0810 | -0.0000 | 6.0933 | 0.0696 | 0.0000 | 
10.5588 | -0.1039 | -0.0000 | 1.8704 | 0.0925 | 0.0000 | 6.2912 | -0.0815 | -0.0000 | 6.1380 | 0.0701 | 0.0000 | 
10.6359 | -0.1042 | -0.0000 | 1.8839 | 0.0928 | 0.0000 | 6.3370 | -0.0821 | -0.0000 | 6.1828 | 0.0707 | 0.0000 | 
10.7129 | -0.1045 | -0.0000 | 1.8973 | 0.0931 | 0.0000 | 6.3828 | -0.0826 | -0.0000 | 6.2275 | 0.0712 | 0.0000 | 
10.7900 | -0.1049 | -0.0000 | 1.9108 | 0.0935 | 0.0000 | 6.4286 | -0.0831 | -0.0000 | 6.2722 | 0.0717 | 0.0000 | 
10.8670 | -0.1052 | 0.0000 | 1.9242 | 0.0938 | 0.0000 | 6.4744 | -0.0837 | -0.0000 | 6.3169 | 0.0722 | 0.0000 | 
10.9441 | -0.1055 | -0.0000 | 1.9377 | 0.0941 | 0.0000 | 6.5202 | -0.0842 | -0.0000 | 6.3616 | 0.0727 | 0.0000 | 
11.0211 | -0.1059 | -0.0000 | 1.9512 | 0.0944 | 0.0000 | 6.5660 | -0.0847 | -0.0000 | 6.4063 | 0.0733 | 0.0000 | 
11.0982 | -0.1062 | -0.0000 | 1.9646 | 0.0947 | -0.0000 | 6.6118 | -0.0853 | -0.0000 | 6.4511 | 0.0738 | 0.0000 | 
11.1753 | -0.1065 | 0.0000 | 1.9781 | 0.0951 | -0.0000 | 6.6576 | -0.0858 | -0.0000 | 6.4958 | 0.0743 | 0.0000 | 
11.2523 | -0.1069 | -0.0000 | 1.9915 | 0.0954 | -0.0000 | 6.7034 | -0.0863 | -0.0000 | 6.5405 | 0.0749 | 0.0000 | 
11.3294 | -0.1072 | -0.0000 | 2.0050 | 0.0957 | -0.0000 | 6.7492 | -0.0868 | -0.0000 | 6.5852 | 0.0754 | 0.0000 | 
11.4065 | -0.1075 | -0.0000 | 2.0184 | 0.0960 | -0.0000 | 6.7950 | -0.0874 | -0.0000 | 6.6299 | 0.0759 | 0.0000 | 
11.4836 | -0.1079 | -0.0000 | 2.0319 | 0.0963 | -0.0000 | 6.8408 | -0.0879 | -0.0000 | 6.6747 | 0.0764 | 0.0000 | 
11.5606 | -0.1082 | -0.0000 | 2.0453 | 0.0966 | -0.0000 | 6.8866 | -0.0885 | -0.0000 | 6.7194 | 0.0769 | 0.0000 | 
11.6377 | -0.1085 | -0.0000 | 2.0587 | 0.0970 | -0.0000 | 6.9324 | -0.0890 | -0.0000 | 6.7641 | 0.0774 | 0.0000 | 
11.7148 | -0.1088 | -0.0000 | 2.0722 | 0.0973 | -0.0000 | 6.9781 | -0.0895 | -0.0000 | 6.8088 | 0.0780 | 0.0000 | 
11.7919 | -0.1091 | -0.0000 | 2.0856 | 0.0976 | -0.0000 | 7.0239 | -0.0901 | -0.0000 | 6.8536 | 0.0785 | 0.0000 | 
11.8690 | -0.1095 | -0.0000 | 2.0990 | 0.0979 | -0.0000 | 7.0697 | -0.0906 | -0.0000 | 6.8983 | 0.0790 | 0.0000 | 
11.9460 | -0.1098 | -0.0000 | 2.1125 | 0.0982 | -0.0000 | 7.1155 | -0.0911 | -0.0000 | 6.9430 | 0.0795 | 0.0000 | 
12.0231 | -0.1101 | -0.0000 | 2.1259 | 0.0985 | -0.0000 | 7.1613 | -0.0917 | -0.0000 | 6.9877 | 0.0800 | 0.0000 | 
12.1002 | -0.1104 | -0.0000 | 2.1393 | 0.0988 | -0.0000 | 7.2071 | -0.0922 | -0.0000 | 7.0324 | 0.0806 | 0.0000 | 
12.1773 | -0.1107 | -0.0000 | 2.1527 | 0.0991 | -0.0000 | 7.2529 | -0.0927 | -0.0000 | 7.0771 | 0.0811 | 0.0000 | 
12.2544 | -0.1110 | -0.0000 | 2.1661 | 0.0994 | -0.0000 | 7.2987 | -0.0933 | -0.0000 | 7.1219 | 0.0816 | 0.0000 | 
12.3315 | -0.1113 | -0.0000 | 2.1795 | 0.0996 | -0.0000 | 7.3445 | -0.0938 | -0.0000 | 7.1666 | 0.0821 | 0.0000 | 
12.4086 | -0.1116 | -0.0000 | 2.1930 | 0.0999 | -0.0000 | 7.3903 | -0.0943 | -0.0000 | 7.2113 | 0.0826 | 0.0000 | 
12.4857 | -0.1119 | -0.0000 | 2.2064 | 0.1002 | -0.0000 | 7.4361 | -0.0948 | -0.0000 | 7.2560 | 0.0831 | 0.0000 | 
12.5629 | -0.1122 | -0.0000 | 2.2197 | 0.1005 | -0.0000 | 7.4819 | -0.0954 | -0.0000 | 7.3007 | 0.0837 | 0.0000 | 
12.6400 | -0.1125 | -0.0000 | 2.2331 | 0.1008 | -0.0000 | 7.5276 | -0.0959 | -0.0000 | 7.3455 | 0.0842 | 0.0000 | 
12.7171 | -0.1128 | -0.0000 | 2.2465 | 0.1011 | -0.0000 | 7.5734 | -0.0964 | -0.0000 | 7.3902 | 0.0847 | 0.0000 | 
12.7942 | -0.1131 | -0.0000 | 2.2599 | 0.1014 | -0.0000 | 7.6192 | -0.0970 | -0.0000 | 7.4349 | 0.0852 | 0.0000 | 
12.8713 | -0.1134 | -0.0000 | 2.2733 | 0.1016 | -0.0000 | 7.6650 | -0.0975 | -0.0000 | 7.4796 | 0.0857 | 0.0000 | 
12.9485 | -0.1137 | -0.0000 | 2.2867 | 0.1019 | -0.0000 | 7.7108 | -0.0980 | -0.0000 | 7.5244 | 0.0862 | 0.0000 | 
13.0256 | -0.1140 | -0.0000 | 2.3001 | 0.1022 | -0.0000 | 7.7566 | -0.0986 | -0.0000 | 7.5691 | 0.0868 | 0.0000 | 
13.1028 | -0.1143 | -0.0000 | 2.3134 | 0.1025 | -0.0000 | 7.8024 | -0.0991 | -0.0000 | 7.6138 | 0.0873 | 0.0000 | 
13.1799 | -0.1146 | -0.0000 | 2.3268 | 0.1027 | -0.0000 | 7.8482 | -0.0996 | -0.0000 | 7.6585 | 0.0878 | 0.0000 | 
13.2570 | -0.1149 | -0.0000 | 2.3402 | 0.1030 | -0.0000 | 7.8940 | -0.1002 | -0.0000 | 7.7032 | 0.0883 | 0.0000 | 
13.3342 | -0.1151 | -0.0000 | 2.3535 | 0.1033 | -0.0000 | 7.9398 | -0.1007 | -0.0000 | 7.7480 | 0.0888 | 0.0000 | 
13.4113 | -0.1154 | -0.0000 | 2.3669 | 0.1035 | -0.0000 | 7.9855 | -0.1012 | -0.0000 | 7.7927 | 0.0893 | 0.0000 | 
13.4885 | -0.1157 | -0.0000 | 2.3803 | 0.1038 | -0.0000 | 8.0313 | -0.1017 | -0.0000 | 7.8374 | 0.0898 | 0.0000 | 
13.5657 | -0.1160 | -0.0000 | 2.3936 | 0.1041 | -0.0000 | 8.0771 | -0.1023 | -0.0000 | 7.8821 | 0.0903 | 0.0000 | 
13.6428 | -0.1162 | -0.0000 | 2.4070 | 0.1043 | -0.0000 | 8.1229 | -0.1028 | -0.0000 | 7.9269 | 0.0909 | 0.0000 | 
13.7200 | -0.1165 | -0.0000 | 2.4203 | 0.1046 | -0.0000 | 8.1687 | -0.1033 | -0.0000 | 7.9716 | 0.0914 | 0.0000 | 
13.7972 | -0.1168 | -0.0000 | 2.4337 | 0.1048 | -0.0000 | 8.2145 | -0.1039 | -0.0000 | 8.0163 | 0.0919 | 0.0000 | 
13.8743 | -0.1171 | -0.0000 | 2.4470 | 0.1051 | -0.0000 | 8.2603 | -0.1044 | -0.0000 | 8.0610 | 0.0924 | 0.0000 | 
13.9515 | -0.1173 | -0.0000 | 2.4603 | 0.1053 | -0.0000 | 8.3061 | -0.1049 | -0.0000 | 8.1058 | 0.0929 | 0.0000 | 
14.0287 | -0.1176 | -0.0000 | 2.4737 | 0.1056 | -0.0000 | 8.3519 | -0.1054 | -0.0000 | 8.1505 | 0.0934 | 0.0000 | 
14.1059 | -0.1179 | -0.0000 | 2.4870 | 0.1058 | -0.0000 | 8.3976 | -0.1060 | -0.0000 | 8.1952 | 0.0939 | 0.0000 | 
14.1831 | -0.1181 | -0.0000 | 2.5003 | 0.1061 | -0.0000 | 8.4434 | -0.1065 | -0.0000 | 8.2399 | 0.0944 | 0.0000 | 
14.2602 | -0.1184 | -0.0000 | 2.5136 | 0.1064 | -0.0000 | 8.4892 | -0.1070 | -0.0000 | 8.2847 | 0.0950 | 0.0000 | 
14.3374 | -0.1187 | -0.0000 | 2.5270 | 0.1066 | -0.0000 | 8.5350 | -0.1075 | -0.0000 | 8.3294 | 0.0955 | 0.0000 | 
14.4146 | -0.1189 | -0.0000 | 2.5403 | 0.1069 | -0.0000 | 8.5808 | -0.1081 | -0.0000 | 8.3741 | 0.0960 | 0.0000 | 
14.4918 | -0.1192 | -0.0000 | 2.5536 | 0.1071 | -0.0000 | 8.6266 | -0.1086 | -0.0000 | 8.4189 | 0.0965 | 0.0000 | 
14.5690 | -0.1194 | -0.0000 | 2.5669 | 0.1073 | -0.0000 | 8.6724 | -0.1091 | -0.0000 | 8.4636 | 0.0970 | 0.0000 | 
14.6462 | -0.1197 | -0.0000 | 2.5802 | 0.1076 | -0.0000 | 8.7182 | -0.1096 | -0.0000 | 8.5083 | 0.0975 | 0.0000 | 
14.7234 | -0.1199 | -0.0000 | 2.5935 | 0.1078 | -0.0000 | 8.7640 | -0.1101 | -0.0000 | 8.5530 | 0.0980 | 0.0000 | 
14.8007 | -0.1202 | -0.0000 | 2.6069 | 0.1081 | -0.0000 | 8.8097 | -0.1107 | -0.0000 | 8.5978 | 0.0986 | 0.0000 | 
14.8779 | -0.1204 | -0.0000 | 2.6202 | 0.1083 | -0.0000 | 8.8555 | -0.1112 | -0.0000 | 8.6425 | 0.0991 | 0.0000 | 
14.9551 | -0.1207 | -0.0000 | 2.6335 | 0.1086 | -0.0000 | 8.9013 | -0.1117 | -0.0000 | 8.6872 | 0.0996 | 0.0000 | 
15.0323 | -0.1209 | -0.0000 | 2.6467 | 0.1088 | -0.0000 | 8.9471 | -0.1122 | -0.0000 | 8.7319 | 0.1001 | 0.0000 | 
15.1095 | -0.1212 | -0.0000 | 2.6600 | 0.1090 | 0.0000 | 8.9929 | -0.1127 | -0.0000 | 8.7767 | 0.1006 | 0.0000 | 
15.1867 | -0.1214 | -0.0000 | 2.6733 | 0.1093 | 0.0000 | 9.0387 | -0.1133 | -0.0000 | 8.8214 | 0.1011 | 0.0000 | 
15.2640 | -0.1217 | -0.0000 | 2.6866 | 0.1095 | -0.0000 | 9.0845 | -0.1138 | -0.0000 | 8.8661 | 0.1016 | 0.0000 | 
15.3412 | -0.1219 | -0.0000 | 2.6999 | 0.1097 | -0.0000 | 9.1302 | -0.1143 | -0.0000 | 8.9109 | 0.1021 | 0.0000 | 
15.4184 | -0.1222 | -0.0000 | 2.7132 | 0.1100 | 0.0000 | 9.1760 | -0.1148 | -0.0000 | 8.9556 | 0.1026 | 0.0000 | 
15.4957 | -0.1224 | -0.0000 | 2.7264 | 0.1102 | -0.0000 | 9.2218 | -0.1154 | -0.0000 | 9.0003 | 0.1032 | 0.0000 | 
15.5729 | -0.1227 | -0.0000 | 2.7397 | 0.1104 | -0.0000 | 9.2676 | -0.1159 | -0.0000 | 9.0450 | 0.1037 | 0.0000 | 
15.6502 | -0.1229 | -0.0000 | 2.7530 | 0.1107 | -0.0000 | 9.3134 | -0.1164 | -0.0000 | 9.0898 | 0.1042 | 0.0000 | 
15.7274 | -0.1232 | -0.0000 | 2.7662 | 0.1109 | -0.0000 | 9.3592 | -0.1169 | -0.0000 | 9.1345 | 0.1047 | 0.0000 | 
15.8047 | -0.1234 | -0.0000 | 2.7795 | 0.1112 | -0.0000 | 9.4050 | -0.1174 | -0.0000 | 9.1792 | 0.1052 | 0.0000 | 
15.8819 | -0.1236 | -0.0000 | 2.7928 | 0.1114 | -0.0000 | 9.4507 | -0.1179 | -0.0000 | 9.2239 | 0.1057 | 0.0000 | 
15.9592 | -0.1239 | -0.0000 | 2.8060 | 0.1116 | 0.0000 | 9.4965 | -0.1185 | -0.0000 | 9.2687 | 0.1062 | 0.0000 | 
16.0365 | -0.1241 | -0.0000 | 2.8193 | 0.1118 | -0.0000 | 9.5423 | -0.1190 | -0.0000 | 9.3134 | 0.1067 | 0.0000 | 
16.1137 | -0.1244 | -0.0000 | 2.8325 | 0.1121 | 0.0000 | 9.5881 | -0.1195 | -0.0000 | 9.3581 | 0.1072 | 0.0000 | 
16.1910 | -0.1246 | -0.0000 | 2.8457 | 0.1123 | -0.0000 | 9.6339 | -0.1200 | -0.0000 | 9.4029 | 0.1077 | 0.0000 | 
16.2683 | -0.1248 | -0.0000 | 2.8590 | 0.1125 | -0.0000 | 9.6797 | -0.1205 | -0.0000 | 9.4476 | 0.1082 | 0.0000 | 
16.3455 | -0.1251 | -0.0000 | 2.8722 | 0.1127 | -0.0000 | 9.7254 | -0.1211 | -0.0000 | 9.4923 | 0.1087 | 0.0000 | 
16.4228 | -0.1253 | -0.0000 | 2.8854 | 0.1130 | -0.0000 | 9.7712 | -0.1216 | -0.0000 | 9.5371 | 0.1092 | 0.0000 | 
16.5001 | -0.1255 | -0.0000 | 2.8987 | 0.1132 | -0.0000 | 9.8170 | -0.1221 | -0.0000 | 9.5818 | 0.1098 | 0.0000 | 
16.5774 | -0.1258 | 0.0000 | 2.9119 | 0.1134 | -0.0000 | 9.8628 | -0.1226 | -0.0000 | 9.6265 | 0.1103 | 0.0000 | 
16.6547 | -0.1260 | -0.0000 | 2.9251 | 0.1136 | -0.0000 | 9.9086 | -0.1231 | -0.0000 | 9.6712 | 0.1108 | 0.0000 | 
16.7320 | -0.1262 | -0.0000 | 2.9383 | 0.1138 | -0.0000 | 9.9544 | -0.1237 | -0.0000 | 9.7160 | 0.1113 | 0.0000 | 
16.8093 | -0.1264 | -0.0000 | 2.9515 | 0.1141 | -0.0000 | 10.0001 | -0.1242 | -0.0000 | 9.7607 | 0.1118 | 0.0000 | 
16.8866 | -0.1267 | -0.0000 | 2.9648 | 0.1143 | -0.0000 | 10.0459 | -0.1247 | -0.0000 | 9.8054 | 0.1123 | 0.0000 | 
16.9639 | -0.1269 | -0.0000 | 2.9780 | 0.1145 | -0.0000 | 10.0917 | -0.1252 | -0.0000 | 9.8502 | 0.1128 | 0.0000 | 
17.0412 | -0.1271 | 0.0000 | 2.9912 | 0.1147 | -0.0000 | 10.1375 | -0.1257 | -0.0000 | 9.8949 | 0.1133 | 0.0000 | 
17.1185 | -0.1273 | -0.0000 | 3.0044 | 0.1149 | -0.0000 | 10.1833 | -0.1262 | -0.0000 | 9.9396 | 0.1138 | 0.0000 | 
17.1959 | -0.1276 | -0.0000 | 3.0175 | 0.1151 | -0.0000 | 10.2290 | -0.1267 | 0.0000 | 9.9844 | 0.1143 | -0.0000 | 
17.2732 | -0.1278 | -0.0000 | 3.0307 | 0.1153 | -0.0000 | 10.2748 | -0.1273 | 0.0000 | 10.0291 | 0.1148 | -0.0000 | 
17.3505 | -0.1280 | 0.0000 | 3.0439 | 0.1155 | 0.0000 | 10.3206 | -0.1278 | 0.0000 | 10.0738 | 0.1153 | -0.0000 | 
17.4278 | -0.1282 | 0.0000 | 3.0571 | 0.1157 | 0.0000 | 10.3664 | -0.1283 | -0.0000 | 10.1186 | 0.1158 | 0.0000 | 
17.5052 | -0.1284 | 0.0000 | 3.0703 | 0.1159 | -0.0000 | 10.4122 | -0.1288 | 0.0000 | 10.1633 | 0.1163 | -0.0000 | 
17.5825 | -0.1286 | -0.0000 | 3.0835 | 0.1162 | -0.0000 | 10.4580 | -0.1293 | 0.0000 | 10.2080 | 0.1168 | -0.0000 | 
17.6598 | -0.1289 | 0.0000 | 3.0966 | 0.1164 | -0.0000 | 10.5037 | -0.1298 | 0.0000 | 10.2527 | 0.1173 | -0.0000 | 
17.7372 | -0.1291 | -0.0000 | 3.1098 | 0.1166 | -0.0000 | 10.5495 | -0.1303 | 0.0000 | 10.2975 | 0.1178 | -0.0000 | 
17.8145 | -0.1293 | -0.0000 | 3.1230 | 0.1168 | -0.0000 | 10.5953 | -0.1309 | 0.0000 | 10.3422 | 0.1183 | -0.0000 | 
17.8919 | -0.1295 | 0.0000 | 3.1361 | 0.1170 | -0.0000 | 10.6411 | -0.1314 | 0.0000 | 10.3869 | 0.1188 | -0.0000 | 
17.9692 | -0.1297 | 0.0000 | 3.1493 | 0.1172 | -0.0000 | 10.6869 | -0.1319 | 0.0000 | 10.4317 | 0.1193 | -0.0000 | 
18.0466 | -0.1299 | 0.0000 | 3.1624 | 0.1174 | 0.0000 | 10.7326 | -0.1324 | 0.0000 | 10.4764 | 0.1198 | -0.0000 | 
18.1240 | -0.1301 | 0.0000 | 3.1756 | 0.1176 | -0.0000 | 10.7784 | -0.1329 | 0.0000 | 10.5211 | 0.1203 | -0.0000 | 
18.2013 | -0.1303 | 0.0000 | 3.1887 | 0.1178 | -0.0000 | 10.8242 | -0.1334 | 0.0000 | 10.5659 | 0.1209 | -0.0000 | 
18.2787 | -0.1305 | 0.0000 | 3.2019 | 0.1180 | -0.0000 | 10.8700 | -0.1339 | 0.0000 | 10.6106 | 0.1214 | -0.0000 | 
18.3561 | -0.1307 | 0.0000 | 3.2150 | 0.1182 | -0.0000 | 10.9158 | -0.1345 | 0.0000 | 10.6553 | 0.1219 | -0.0000 | 
18.4335 | -0.1309 | 0.0000 | 3.2282 | 0.1183 | 0.0000 | 10.9615 | -0.1350 | 0.0000 | 10.7001 | 0.1224 | -0.0000 | 
18.5108 | -0.1311 | 0.0000 | 3.2413 | 0.1185 | -0.0000 | 11.0073 | -0.1355 | 0.0000 | 10.7448 | 0.1229 | -0.0000 | 
18.5882 | -0.1313 | 0.0000 | 3.2544 | 0.1187 | -0.0000 | 11.0531 | -0.1360 | 0.0000 | 10.7895 | 0.1234 | -0.0000 | 
18.6656 | -0.1315 | 0.0000 | 3.2675 | 0.1189 | -0.0000 | 11.0989 | -0.1365 | 0.0000 | 10.8343 | 0.1239 | -0.0000 | 
18.7430 | -0.1317 | 0.0000 | 3.2807 | 0.1191 | 0.0000 | 11.1447 | -0.1370 | 0.0000 | 10.8790 | 0.1244 | -0.0000 | 
18.8204 | -0.1319 | 0.0000 | 3.2938 | 0.1193 | -0.0000 | 11.1904 | -0.1375 | 0.0000 | 10.9237 | 0.1249 | -0.0000 | 
18.8978 | -0.1321 | 0.0000 | 3.3069 | 0.1195 | 0.0000 | 11.2362 | -0.1380 | 0.0000 | 10.9685 | 0.1254 | -0.0000 | 
18.9752 | -0.1323 | 0.0000 | 3.3200 | 0.1197 | -0.0000 | 11.2820 | -0.1385 | 0.0000 | 11.0132 | 0.1259 | -0.0000 | 
19.0526 | -0.1325 | 0.0000 | 3.3331 | 0.1198 | -0.0000 | 11.3278 | -0.1390 | 0.0000 | 11.0579 | 0.1264 | -0.0000 | 
19.1300 | -0.1327 | 0.0000 | 3.3462 | 0.1200 | 0.0000 | 11.3735 | -0.1395 | 0.0000 | 11.1027 | 0.1269 | -0.0000 | 
19.2074 | -0.1329 | 0.0000 | 3.3593 | 0.1202 | -0.0000 | 11.4193 | -0.1401 | 0.0000 | 11.1474 | 0.1274 | -0.0000 | 
19.2849 | -0.1331 | 0.0000 | 3.3724 | 0.1204 | -0.0000 | 11.4651 | -0.1406 | 0.0000 | 11.1922 | 0.1279 | -0.0000 | 
19.3623 | -0.1333 | 0.0000 | 3.3855 | 0.1206 | 0.0000 | 11.5109 | -0.1411 | 0.0000 | 11.2369 | 0.1284 | -0.0000 | 
19.4397 | -0.1335 | 0.0000 | 3.3986 | 0.1208 | -0.0000 | 11.5567 | -0.1416 | 0.0000 | 11.2816 | 0.1289 | -0.0000 | 
19.5171 | -0.1337 | 0.0000 | 3.4117 | 0.1210 | -0.0000 | 11.6024 | -0.1421 | 0.0000 | 11.3264 | 0.1294 | -0.0000 | 
19.5946 | -0.1338 | 0.0000 | 3.4247 | 0.1211 | 0.0000 | 11.6482 | -0.1426 | 0.0000 | 11.3711 | 0.1299 | -0.0000 | 
19.6720 | -0.1340 | 0.0000 | 3.4378 | 0.1213 | 0.0000 | 11.6940 | -0.1431 | 0.0000 | 11.4158 | 0.1304 | -0.0000 | 
19.7494 | -0.1342 | 0.0000 | 3.4509 | 0.1215 | 0.0000 | 11.7398 | -0.1436 | 0.0000 | 11.4606 | 0.1309 | -0.0000 | 
19.8269 | -0.1344 | 0.0000 | 3.4640 | 0.1217 | 0.0000 | 11.7855 | -0.1441 | 0.0000 | 11.5053 | 0.1314 | -0.0000 | 
19.9043 | -0.1346 | 0.0000 | 3.4770 | 0.1219 | 0.0000 | 11.8313 | -0.1446 | 0.0000 | 11.5500 | 0.1319 | -0.0000 | 
19.9818 | -0.1348 | 0.0000 | 3.4901 | 0.1220 | -0.0000 | 11.8771 | -0.1451 | 0.0000 | 11.5948 | 0.1324 | -0.0000 | 
20.0592 | -0.1350 | 0.0000 | 3.5031 | 0.1222 | 0.0000 | 11.9229 | -0.1456 | 0.0000 | 11.6395 | 0.1329 | -0.0000 | 
20.1367 | -0.1352 | 0.0000 | 3.5162 | 0.1224 | 0.0000 | 11.9687 | -0.1461 | 0.0000 | 11.6842 | 0.1334 | -0.0000 | 
20.2142 | -0.1354 | 0.0000 | 3.5293 | 0.1226 | 0.0000 | 12.0144 | -0.1467 | 0.0000 | 11.7290 | 0.1339 | -0.0000 | 
20.2916 | -0.1355 | 0.0000 | 3.5423 | 0.1227 | 0.0000 | 12.0602 | -0.1472 | 0.0000 | 11.7737 | 0.1344 | -0.0000 | 
20.3691 | -0.1357 | -0.0000 | 3.5553 | 0.1229 | 0.0000 | 12.1060 | -0.1477 | 0.0000 | 11.8185 | 0.1349 | -0.0000 | 
20.4466 | -0.1359 | 0.0000 | 3.5684 | 0.1231 | 0.0000 | 12.1518 | -0.1482 | 0.0000 | 11.8632 | 0.1354 | -0.0000 | 
20.5241 | -0.1361 | 0.0000 | 3.5814 | 0.1233 | 0.0000 | 12.1975 | -0.1487 | 0.0000 | 11.9079 | 0.1359 | -0.0000 | 
20.6015 | -0.1363 | 0.0000 | 3.5944 | 0.1234 | 0.0000 | 12.2433 | -0.1492 | 0.0000 | 11.9527 | 0.1364 | -0.0000 | 
20.6790 | -0.1364 | 0.0000 | 3.6075 | 0.1236 | 0.0000 | 12.2891 | -0.1497 | 0.0000 | 11.9974 | 0.1369 | -0.0000 | 
20.7565 | -0.1366 | 0.0000 | 3.6205 | 0.1238 | -0.0000 | 12.3349 | -0.1502 | 0.0000 | 12.0421 | 0.1373 | -0.0000 | 
20.8340 | -0.1368 | 0.0000 | 3.6335 | 0.1240 | 0.0000 | 12.3806 | -0.1507 | 0.0000 | 12.0869 | 0.1378 | -0.0000 | 
20.9115 | -0.1370 | 0.0000 | 3.6465 | 0.1241 | 0.0000 | 12.4264 | -0.1512 | 0.0000 | 12.1316 | 0.1383 | -0.0000 | 
20.9890 | -0.1372 | 0.0000 | 3.6595 | 0.1243 | 0.0000 | 12.4722 | -0.1517 | 0.0000 | 12.1764 | 0.1388 | -0.0000 | 
21.0665 | -0.1373 | 0.0000 | 3.6725 | 0.1245 | 0.0000 | 12.5180 | -0.1522 | 0.0000 | 12.2211 | 0.1393 | -0.0000 | 
21.1440 | -0.1375 | 0.0000 | 3.6855 | 0.1246 | 0.0000 | 12.5637 | -0.1527 | 0.0000 | 12.2658 | 0.1398 | -0.0000 | 
21.2215 | -0.1377 | 0.0000 | 3.6985 | 0.1248 | 0.0000 | 12.6095 | -0.1532 | 0.0000 | 12.3106 | 0.1403 | -0.0000 | 
21.2990 | -0.1379 | 0.0000 | 3.7115 | 0.1250 | 0.0000 | 12.6553 | -0.1537 | 0.0000 | 12.3553 | 0.1408 | -0.0000 | 
21.3766 | -0.1380 | -0.0000 | 3.7245 | 0.1251 | 0.0000 | 12.7011 | -0.1542 | 0.0000 | 12.4000 | 0.1413 | -0.0000 | 
21.4541 | -0.1382 | 0.0000 | 3.7375 | 0.1253 | 0.0000 | 12.7468 | -0.1547 | 0.0000 | 12.4448 | 0.1418 | -0.0000 | 
21.5316 | -0.1384 | 0.0000 | 3.7505 | 0.1255 | 0.0000 | 12.7926 | -0.1552 | 0.0000 | 12.4895 | 0.1423 | -0.0000 | 
21.6092 | -0.1386 | -0.0000 | 3.7635 | 0.1256 | 0.0000 | 12.8384 | -0.1557 | 0.0000 | 12.5343 | 0.1428 | -0.0000 | 
21.6867 | -0.1387 | 0.0000 | 3.7765 | 0.1258 | -0.0000 | 12.8842 | -0.1562 | 0.0000 | 12.5790 | 0.1433 | -0.0000 | 
21.7642 | -0.1389 | 0.0000 | 3.7894 | 0.1260 | 0.0000 | 12.9299 | -0.1567 | 0.0000 | 12.6237 | 0.1438 | -0.0000 | 
21.8418 | -0.1391 | -0.0000 | 3.8024 | 0.1261 | 0.0000 | 12.9757 | -0.1572 | 0.0000 | 12.6685 | 0.1443 | -0.0000 | 
21.9193 | -0.1393 | -0.0000 | 3.8154 | 0.1263 | 0.0000 | 13.0215 | -0.1577 | 0.0000 | 12.7132 | 0.1448 | -0.0000 | 
21.9969 | -0.1394 | 0.0000 | 3.8283 | 0.1265 | -0.0000 | 13.0672 | -0.1582 | 0.0000 | 12.7579 | 0.1453 | -0.0000 | 
22.0744 | -0.1396 | 0.0000 | 3.8413 | 0.1266 | 0.0000 | 13.1130 | -0.1587 | 0.0000 | 12.8027 | 0.1458 | -0.0000 | 
22.1520 | -0.1398 | -0.0000 | 3.8542 | 0.1268 | 0.0000 | 13.1588 | -0.1592 | 0.0000 | 12.8474 | 0.1463 | -0.0000 | 
22.2296 | -0.1399 | -0.0000 | 3.8672 | 0.1269 | 0.0000 | 13.2046 | -0.1597 | 0.0000 | 12.8922 | 0.1467 | -0.0000 | 
22.3071 | -0.1401 | 0.0000 | 3.8801 | 0.1271 | 0.0000 | 13.2503 | -0.1602 | -0.0000 | 12.9369 | 0.1472 | 0.0000 | 
22.3847 | -0.1403 | -0.0000 | 3.8930 | 0.1273 | 0.0000 | 13.2961 | -0.1607 | -0.0000 | 12.9816 | 0.1477 | 0.0000 | 
22.4623 | -0.1404 | -0.0000 | 3.9060 | 0.1274 | 0.0000 | 13.3419 | -0.1612 | -0.0000 | 13.0264 | 0.1482 | 0.0000 | 
22.5399 | -0.1406 | 0.0000 | 3.9189 | 0.1276 | 0.0000 | 13.3877 | -0.1617 | -0.0000 | 13.0711 | 0.1487 | 0.0000 | 
22.6174 | -0.1408 | -0.0000 | 3.9318 | 0.1277 | 0.0000 | 13.4334 | -0.1622 | -0.0000 | 13.1159 | 0.1492 | 0.0000 | 
22.6950 | -0.1409 | 0.0000 | 3.9448 | 0.1279 | 0.0000 | 13.4792 | -0.1627 | -0.0000 | 13.1606 | 0.1497 | 0.0000 | 
22.7726 | -0.1411 | 0.0000 | 3.9577 | 0.1280 | 0.0000 | 13.5250 | -0.1632 | -0.0000 | 13.2053 | 0.1502 | 0.0000 | 
22.8502 | -0.1413 | -0.0000 | 3.9706 | 0.1282 | 0.0000 | 13.5707 | -0.1637 | -0.0000 | 13.2501 | 0.1507 | 0.0000 | 
22.9278 | -0.1414 | -0.0000 | 3.9835 | 0.1284 | 0.0000 | 13.6165 | -0.1642 | -0.0000 | 13.2948 | 0.1512 | 0.0000 | 
23.0054 | -0.1416 | -0.0000 | 3.9964 | 0.1285 | 0.0000 | 13.6623 | -0.1647 | -0.0000 | 13.3396 | 0.1517 | -0.0000 | 
23.0830 | -0.1417 | -0.0000 | 4.0093 | 0.1287 | 0.0000 | 13.7081 | -0.1652 | -0.0000 | 13.3843 | 0.1522 | 0.0000 | 
23.1607 | -0.1419 | -0.0000 | 4.0222 | 0.1288 | 0.0000 | 13.7538 | -0.1657 | -0.0000 | 13.4290 | 0.1526 | 0.0000 | 
23.2383 | -0.1421 | -0.0000 | 4.0351 | 0.1290 | 0.0000 | 13.7996 | -0.1662 | -0.0000 | 13.4738 | 0.1531 | 0.0000 | 
23.3159 | -0.1422 | -0.0000 | 4.0480 | 0.1291 | 0.0000 | 13.8454 | -0.1667 | -0.0000 | 13.5185 | 0.1536 | 0.0000 | 
23.3935 | -0.1424 | -0.0000 | 4.0609 | 0.1293 | 0.0000 | 13.8912 | -0.1672 | -0.0000 | 13.5633 | 0.1541 | 0.0000 | 
23.4712 | -0.1425 | -0.0000 | 4.0738 | 0.1294 | 0.0000 | 13.9369 | -0.1677 | 0.0000 | 13.6080 | 0.1546 | -0.0000 | 
23.5488 | -0.1427 | -0.0000 | 4.0866 | 0.1296 | 0.0000 | 13.9827 | -0.1682 | -0.0000 | 13.6527 | 0.1551 | 0.0000 | 
23.6264 | -0.1428 | -0.0000 | 4.0995 | 0.1297 | 0.0000 | 14.0285 | -0.1687 | -0.0000 | 13.6975 | 0.1556 | 0.0000 | 
23.7041 | -0.1430 | -0.0000 | 4.1124 | 0.1299 | 0.0000 | 14.0742 | -0.1692 | -0.0000 | 13.7422 | 0.1561 | 0.0000 | 
23.7817 | -0.1432 | -0.0000 | 4.1252 | 0.1300 | 0.0000 | 14.1200 | -0.1697 | -0.0000 | 13.7870 | 0.1566 | 0.0000 | 
23.8594 | -0.1433 | -0.0000 | 4.1381 | 0.1302 | 0.0000 | 14.1658 | -0.1702 | -0.0000 | 13.8317 | 0.1571 | 0.0000 | 
23.9370 | -0.1435 | -0.0000 | 4.1510 | 0.1303 | 0.0000 | 14.2115 | -0.1707 | -0.0000 | 13.8765 | 0.1576 | 0.0000 | 
24.0147 | -0.1436 | -0.0000 | 4.1638 | 0.1305 | 0.0000 | 14.2573 | -0.1712 | -0.0000 | 13.9212 | 0.1580 | 0.0000 | 
24.0924 | -0.1438 | -0.0000 | 4.1767 | 0.1306 | 0.0000 | 14.3031 | -0.1717 | -0.0000 | 13.9659 | 0.1585 | 0.0000 | 
24.1700 | -0.1439 | -0.0000 | 4.1895 | 0.1308 | 0.0000 | 14.3489 | -0.1722 | -0.0000 | 14.0107 | 0.1590 | 0.0000 | 
24.2477 | -0.1441 | -0.0000 | 4.2023 | 0.1309 | 0.0000 | 14.3946 | -0.1727 | -0.0000 | 14.0554 | 0.1595 | 0.0000 | 
24.3254 | -0.1442 | -0.0000 | 4.2152 | 0.1310 | 0.0000 | 14.4404 | -0.1732 | -0.0000 | 14.1002 | 0.1600 | 0.0000 | 
24.4031 | -0.1444 | -0.0000 | 4.2280 | 0.1312 | 0.0000 | 14.4862 | -0.1737 | -0.0000 | 14.1449 | 0.1605 | 0.0000 | 
24.4807 | -0.1445 | -0.0000 | 4.2408 | 0.1313 | 0.0000 | 14.5319 | -0.1742 | -0.0000 | 14.1896 | 0.1610 | 0.0000 | 
24.5584 | -0.1447 | -0.0000 | 4.2537 | 0.1315 | 0.0000 | 14.5777 | -0.1747 | -0.0000 | 14.2344 | 0.1615 | 0.0000 | 
24.6361 | -0.1448 | -0.0000 | 4.2665 | 0.1316 | 0.0000 | 14.6235 | -0.1751 | -0.0000 | 14.2791 | 0.1620 | 0.0000 | 
24.7138 | -0.1449 | -0.0000 | 4.2793 | 0.1317 | 0.0000 | 14.6692 | -0.1756 | -0.0000 | 14.3239 | 0.1624 | 0.0000 | 
24.7915 | -0.1451 | -0.0000 | 4.2921 | 0.1319 | 0.0000 | 14.7150 | -0.1761 | 0.0000 | 14.3686 | 0.1629 | -0.0000 | 
24.8692 | -0.1452 | -0.0000 | 4.3049 | 0.1320 | 0.0000 | 14.7608 | -0.1766 | -0.0000 | 14.4134 | 0.1634 | 0.0000 | 
24.9469 | -0.1454 | -0.0000 | 4.3177 | 0.1322 | 0.0000 | 14.8066 | -0.1771 | -0.0000 | 14.4581 | 0.1639 | 0.0000 | 
25.0246 | -0.1455 | -0.0000 | 4.3305 | 0.1323 | 0.0000 | 14.8523 | -0.1776 | -0.0000 | 14.5028 | 0.1644 | 0.0000 | 
25.1024 | -0.1457 | -0.0000 | 4.3433 | 0.1324 | 0.0000 | 14.8981 | -0.1781 | -0.0000 | 14.5476 | 0.1649 | 0.0000 | 
25.1801 | -0.1458 | -0.0000 | 4.3561 | 0.1326 | 0.0000 | 14.9439 | -0.1786 | -0.0000 | 14.5923 | 0.1654 | 0.0000 | 
25.2578 | -0.1459 | -0.0000 | 4.3689 | 0.1327 | 0.0000 | 14.9896 | -0.1791 | -0.0000 | 14.6371 | 0.1659 | 0.0000 | 
25.3356 | -0.1461 | -0.0000 | 4.3817 | 0.1328 | 0.0000 | 15.0354 | -0.1796 | -0.0000 | 14.6818 | 0.1663 | 0.0000 | 
25.4133 | -0.1462 | -0.0000 | 4.3944 | 0.1330 | 0.0000 | 15.0812 | -0.1801 | -0.0000 | 14.7266 | 0.1668 | 0.0000 | 
25.4910 | -0.1464 | -0.0000 | 4.4072 | 0.1331 | 0.0000 | 15.1269 | -0.1806 | 0.0000 | 14.7713 | 0.1673 | -0.0000 | 
25.5688 | -0.1465 | -0.0000 | 4.4200 | 0.1333 | 0.0000 | 15.1727 | -0.1810 | -0.0000 | 14.8160 | 0.1678 | 0.0000 | 
25.6465 | -0.1466 | -0.0000 | 4.4327 | 0.1334 | 0.0000 | 15.2185 | -0.1815 | -0.0000 | 14.8608 | 0.1683 | 0.0000 | 
25.7243 | -0.1468 | -0.0000 | 4.4455 | 0.1335 | 0.0000 | 15.2642 | -0.1820 | -0.0000 | 14.9055 | 0.1688 | 0.0000 | 
25.7255 | -0.1468 | -0.0000 | 4.4457 | 0.1335 | 0.0000 | 15.2649 | -0.1820 | -0.0000 | 14.9062 | 0.1688 | 0.0000 | 
