Test angle: 45
Mesh element_496 : S11 | S22 | S33 | S12 | E11 | E22 | E33 | 2*E12 | EPbar 
0.000 | 0.000 | 0.000 | 0.000 | 0.0000 |0.0000 |0.0000 |0.0000 |0.0000 |
0.503 | 0.000 | 0.000 | -0.000 | 0.0000 |-0.0000 |0.0000 |-0.0000 |0.0000 |
1.005 | 0.000 | 0.000 | -0.000 | 0.0000 |-0.0000 |0.0000 |-0.0000 |0.0000 |
1.759 | 0.000 | 0.000 | -0.000 | 0.0000 |-0.0000 |0.0000 |-0.0000 |0.0000 |
2.891 | 0.000 | 0.000 | -0.000 | 0.0000 |-0.0000 |0.0000 |-0.0000 |0.0000 |
4.587 | 0.000 | 0.000 | -0.000 | 0.0001 |-0.0000 |0.0000 |-0.0000 |0.0000 |
7.132 | 0.000 | 0.000 | -0.000 | 0.0001 |-0.0000 |0.0000 |-0.0000 |0.0000 |
10.949 | 0.000 | 0.000 | -0.000 | 0.0002 |-0.0001 |0.0000 |-0.0000 |0.0000 |
16.675 | 0.000 | 0.000 | -0.000 | 0.0002 |-0.0001 |0.0000 |-0.0000 |0.0000 |
25.262 | -0.000 | 0.000 | -0.000 | 0.0004 |-0.0001 |0.0000 |-0.0000 |0.0000 |
38.142 | -0.000 | 0.000 | -0.000 | 0.0005 |-0.0002 |0.0000 |-0.0000 |0.0000 |
57.458 | 0.000 | 0.000 | -0.000 | 0.0008 |-0.0003 |0.0000 |-0.0000 |0.0000 |
82.576 | 0.000 | 0.000 | -0.000 | 0.0012 |-0.0004 |0.0000 |-0.0000 |0.0000 |
102.634 | 0.000 | 0.000 | -0.000 | 0.0016 |-0.0005 |0.0000 |-0.0000 |0.0001 |
103.046 | 0.000 | 0.000 | -0.000 | 0.0017 |-0.0005 |0.0000 |-0.0000 |0.0002 |
103.452 | 0.000 | 0.000 | -0.000 | 0.0018 |-0.0006 |0.0000 |-0.0000 |0.0003 |
103.853 | 0.000 | 0.000 | -0.000 | 0.0019 |-0.0006 |0.0000 |-0.0000 |0.0004 |
104.445 | -0.000 | 0.000 | -0.001 | 0.0021 |-0.0006 |0.0000 |-0.0000 |0.0005 |
105.315 | 0.000 | 0.000 | -0.001 | 0.0023 |-0.0007 |0.0000 |-0.0000 |0.0007 |
106.582 | 0.000 | 0.000 | -0.001 | 0.0027 |-0.0008 |0.0000 |-0.0000 |0.0010 |
108.031 | 0.000 | 0.000 | -0.002 | 0.0031 |-0.0008 |0.0000 |-0.0000 |0.0014 |
109.429 | 0.000 | 0.000 | -0.002 | 0.0035 |-0.0009 |0.0000 |-0.0000 |0.0018 |
110.782 | 0.000 | 0.000 | -0.003 | 0.0040 |-0.0010 |0.0000 |-0.0001 |0.0022 |
112.093 | 0.000 | 0.000 | -0.003 | 0.0044 |-0.0011 |0.0000 |-0.0001 |0.0025 |
113.366 | -0.000 | 0.000 | -0.004 | 0.0048 |-0.0012 |0.0000 |-0.0001 |0.0029 |
114.603 | 0.000 | 0.000 | -0.005 | 0.0052 |-0.0013 |0.0000 |-0.0001 |0.0033 |
115.806 | 0.000 | 0.000 | -0.005 | 0.0057 |-0.0014 |0.0000 |-0.0001 |0.0036 |
116.979 | 0.000 | 0.000 | -0.006 | 0.0061 |-0.0015 |0.0000 |-0.0001 |0.0040 |
118.123 | 0.000 | 0.000 | -0.006 | 0.0065 |-0.0016 |0.0000 |-0.0001 |0.0044 |
119.239 | 0.000 | 0.000 | -0.007 | 0.0069 |-0.0017 |0.0000 |-0.0001 |0.0048 |
120.330 | 0.000 | 0.000 | -0.008 | 0.0074 |-0.0018 |0.0000 |-0.0001 |0.0051 |
121.396 | 0.000 | 0.000 | -0.008 | 0.0078 |-0.0019 |0.0000 |-0.0001 |0.0055 |
122.440 | 0.000 | 0.000 | -0.009 | 0.0082 |-0.0020 |0.0000 |-0.0001 |0.0059 |
123.461 | 0.000 | 0.000 | -0.009 | 0.0086 |-0.0021 |0.0000 |-0.0002 |0.0062 |
124.461 | -0.000 | 0.000 | -0.010 | 0.0091 |-0.0022 |0.0000 |-0.0002 |0.0066 |
125.442 | 0.000 | 0.000 | -0.011 | 0.0095 |-0.0023 |0.0000 |-0.0002 |0.0070 |
126.404 | 0.000 | 0.000 | -0.011 | 0.0099 |-0.0024 |0.0000 |-0.0002 |0.0073 |
127.348 | 0.000 | 0.000 | -0.012 | 0.0103 |-0.0025 |0.0000 |-0.0002 |0.0077 |
128.275 | 0.000 | 0.000 | -0.013 | 0.0107 |-0.0025 |0.0000 |-0.0002 |0.0081 |
129.185 | 0.000 | 0.000 | -0.013 | 0.0111 |-0.0026 |0.0000 |-0.0002 |0.0084 |
130.080 | 0.000 | 0.000 | -0.014 | 0.0116 |-0.0027 |0.0000 |-0.0002 |0.0088 |
130.959 | 0.000 | 0.000 | -0.015 | 0.0120 |-0.0028 |0.0000 |-0.0002 |0.0092 |
131.824 | 0.000 | 0.000 | -0.016 | 0.0124 |-0.0029 |0.0000 |-0.0002 |0.0095 |
132.675 | 0.000 | 0.000 | -0.016 | 0.0128 |-0.0030 |0.0000 |-0.0002 |0.0099 |
133.512 | 0.000 | 0.000 | -0.017 | 0.0132 |-0.0031 |0.0000 |-0.0003 |0.0103 |
134.336 | 0.000 | 0.000 | -0.018 | 0.0136 |-0.0032 |0.0000 |-0.0003 |0.0106 |
135.148 | 0.000 | 0.000 | -0.018 | 0.0141 |-0.0033 |0.0000 |-0.0003 |0.0110 |
135.949 | 0.000 | 0.000 | -0.019 | 0.0145 |-0.0034 |0.0000 |-0.0003 |0.0114 |
136.737 | 0.000 | 0.000 | -0.020 | 0.0149 |-0.0035 |0.0000 |-0.0003 |0.0117 |
137.514 | 0.000 | 0.000 | -0.021 | 0.0153 |-0.0036 |0.0000 |-0.0003 |0.0121 |
138.280 | 0.000 | 0.000 | -0.021 | 0.0157 |-0.0036 |0.0000 |-0.0003 |0.0125 |
139.036 | 0.000 | 0.000 | -0.022 | 0.0161 |-0.0037 |0.0000 |-0.0003 |0.0128 |
139.782 | 0.000 | 0.000 | -0.023 | 0.0166 |-0.0038 |0.0000 |-0.0003 |0.0132 |
140.518 | 0.000 | 0.000 | -0.024 | 0.0170 |-0.0039 |0.0000 |-0.0003 |0.0136 |
141.244 | 0.000 | 0.000 | -0.024 | 0.0174 |-0.0040 |0.0000 |-0.0003 |0.0139 |
141.962 | 0.000 | 0.000 | -0.025 | 0.0178 |-0.0041 |0.0000 |-0.0004 |0.0143 |
142.670 | 0.000 | 0.000 | -0.026 | 0.0182 |-0.0042 |0.0000 |-0.0004 |0.0147 |
143.369 | 0.000 | 0.000 | -0.027 | 0.0186 |-0.0043 |0.0000 |-0.0004 |0.0150 |
144.060 | 0.000 | 0.000 | -0.027 | 0.0190 |-0.0044 |0.0000 |-0.0004 |0.0154 |
144.743 | 0.000 | 0.000 | -0.028 | 0.0194 |-0.0045 |0.0000 |-0.0004 |0.0158 |
145.418 | 0.000 | 0.000 | -0.029 | 0.0199 |-0.0046 |0.0000 |-0.0004 |0.0161 |
146.085 | 0.000 | 0.000 | -0.030 | 0.0203 |-0.0047 |0.0000 |-0.0004 |0.0165 |
146.744 | 0.000 | 0.000 | -0.031 | 0.0207 |-0.0047 |0.0000 |-0.0004 |0.0169 |
147.397 | 0.000 | 0.000 | -0.031 | 0.0211 |-0.0048 |0.0000 |-0.0004 |0.0172 |
148.041 | 0.000 | 0.000 | -0.032 | 0.0215 |-0.0049 |0.0000 |-0.0004 |0.0176 |
148.679 | 0.000 | 0.000 | -0.033 | 0.0219 |-0.0050 |0.0000 |-0.0005 |0.0180 |
149.311 | 0.000 | 0.000 | -0.034 | 0.0223 |-0.0051 |0.0000 |-0.0005 |0.0183 |
149.935 | 0.000 | 0.000 | -0.035 | 0.0227 |-0.0052 |0.0000 |-0.0005 |0.0187 |
150.553 | 0.000 | 0.000 | -0.036 | 0.0232 |-0.0053 |0.0000 |-0.0005 |0.0191 |
151.165 | 0.000 | 0.000 | -0.036 | 0.0236 |-0.0054 |0.0000 |-0.0005 |0.0194 |
151.771 | 0.000 | 0.000 | -0.037 | 0.0240 |-0.0055 |0.0000 |-0.0005 |0.0198 |
152.370 | 0.000 | 0.000 | -0.038 | 0.0244 |-0.0056 |0.0000 |-0.0005 |0.0201 |
152.964 | 0.000 | 0.000 | -0.039 | 0.0248 |-0.0056 |0.0000 |-0.0005 |0.0205 |
153.552 | 0.000 | 0.000 | -0.040 | 0.0252 |-0.0057 |0.0000 |-0.0005 |0.0209 |
154.134 | 0.000 | 0.000 | -0.041 | 0.0256 |-0.0058 |0.0000 |-0.0005 |0.0212 |
154.711 | 0.000 | 0.000 | -0.041 | 0.0260 |-0.0059 |0.0000 |-0.0005 |0.0216 |
155.283 | 0.000 | 0.000 | -0.042 | 0.0264 |-0.0060 |0.0000 |-0.0006 |0.0220 |
155.849 | 0.000 | 0.000 | -0.043 | 0.0268 |-0.0061 |0.0000 |-0.0006 |0.0223 |
156.410 | 0.000 | 0.000 | -0.044 | 0.0273 |-0.0062 |0.0000 |-0.0006 |0.0227 |
156.966 | 0.000 | 0.000 | -0.045 | 0.0277 |-0.0063 |0.0000 |-0.0006 |0.0231 |
157.517 | 0.000 | 0.000 | -0.046 | 0.0281 |-0.0064 |0.0000 |-0.0006 |0.0234 |
158.063 | 0.000 | 0.000 | -0.047 | 0.0285 |-0.0065 |0.0000 |-0.0006 |0.0238 |
158.605 | 0.000 | 0.000 | -0.047 | 0.0289 |-0.0065 |0.0000 |-0.0006 |0.0242 |
159.142 | 0.000 | 0.000 | -0.048 | 0.0293 |-0.0066 |0.0000 |-0.0006 |0.0245 |
159.674 | 0.000 | 0.000 | -0.049 | 0.0297 |-0.0067 |0.0000 |-0.0006 |0.0249 |
160.202 | 0.000 | 0.000 | -0.050 | 0.0301 |-0.0068 |0.0000 |-0.0006 |0.0252 |
160.725 | 0.000 | 0.000 | -0.051 | 0.0305 |-0.0069 |0.0000 |-0.0006 |0.0256 |
161.245 | 0.000 | 0.000 | -0.052 | 0.0309 |-0.0070 |0.0000 |-0.0007 |0.0260 |
161.760 | 0.000 | 0.000 | -0.053 | 0.0313 |-0.0071 |0.0000 |-0.0007 |0.0263 |
162.271 | 0.000 | 0.000 | -0.054 | 0.0317 |-0.0072 |0.0000 |-0.0007 |0.0267 |
162.778 | 0.000 | 0.000 | -0.055 | 0.0322 |-0.0073 |0.0000 |-0.0007 |0.0271 |
163.281 | 0.000 | 0.000 | -0.056 | 0.0326 |-0.0074 |0.0000 |-0.0007 |0.0274 |
163.780 | 0.000 | 0.000 | -0.056 | 0.0330 |-0.0074 |0.0000 |-0.0007 |0.0278 |
164.275 | 0.000 | 0.000 | -0.057 | 0.0334 |-0.0075 |0.0000 |-0.0007 |0.0281 |
164.766 | 0.000 | 0.000 | -0.058 | 0.0338 |-0.0076 |0.0000 |-0.0007 |0.0285 |
165.254 | 0.000 | 0.000 | -0.059 | 0.0342 |-0.0077 |0.0000 |-0.0007 |0.0289 |
165.738 | 0.000 | 0.000 | -0.060 | 0.0346 |-0.0078 |0.0000 |-0.0007 |0.0292 |
166.219 | 0.000 | 0.000 | -0.061 | 0.0350 |-0.0079 |0.0000 |-0.0007 |0.0296 |
166.696 | 0.000 | 0.000 | -0.062 | 0.0354 |-0.0080 |0.0000 |-0.0008 |0.0300 |
167.169 | 0.000 | 0.000 | -0.063 | 0.0358 |-0.0081 |0.0000 |-0.0008 |0.0303 |
167.640 | 0.000 | 0.000 | -0.064 | 0.0362 |-0.0082 |0.0000 |-0.0008 |0.0307 |
168.106 | 0.000 | 0.000 | -0.065 | 0.0366 |-0.0082 |0.0000 |-0.0008 |0.0310 |
168.570 | 0.000 | 0.000 | -0.066 | 0.0370 |-0.0083 |0.0000 |-0.0008 |0.0314 |
169.030 | 0.000 | 0.000 | -0.067 | 0.0374 |-0.0084 |0.0000 |-0.0008 |0.0318 |
169.488 | 0.000 | 0.000 | -0.068 | 0.0378 |-0.0085 |0.0000 |-0.0008 |0.0321 |
169.942 | 0.000 | 0.000 | -0.068 | 0.0382 |-0.0086 |0.0000 |-0.0008 |0.0325 |
170.393 | 0.000 | 0.000 | -0.069 | 0.0386 |-0.0087 |0.0000 |-0.0008 |0.0328 |
170.841 | 0.000 | 0.000 | -0.070 | 0.0391 |-0.0088 |0.0000 |-0.0008 |0.0332 |
171.286 | 0.000 | 0.000 | -0.071 | 0.0395 |-0.0089 |0.0000 |-0.0009 |0.0336 |
171.728 | 0.000 | 0.000 | -0.072 | 0.0399 |-0.0090 |0.0000 |-0.0009 |0.0339 |
172.167 | 0.000 | 0.000 | -0.073 | 0.0403 |-0.0090 |0.0000 |-0.0009 |0.0343 |
172.603 | 0.000 | 0.000 | -0.074 | 0.0407 |-0.0091 |0.0000 |-0.0009 |0.0347 |
173.037 | 0.000 | 0.000 | -0.075 | 0.0411 |-0.0092 |0.0000 |-0.0009 |0.0350 |
173.468 | 0.000 | 0.000 | -0.076 | 0.0415 |-0.0093 |0.0000 |-0.0009 |0.0354 |
173.896 | 0.000 | 0.000 | -0.077 | 0.0419 |-0.0094 |0.0000 |-0.0009 |0.0357 |
174.321 | 0.000 | 0.000 | -0.078 | 0.0423 |-0.0095 |0.0000 |-0.0009 |0.0361 |
174.744 | 0.000 | 0.000 | -0.079 | 0.0427 |-0.0096 |0.0000 |-0.0009 |0.0365 |
175.164 | 0.000 | 0.000 | -0.080 | 0.0431 |-0.0097 |0.0000 |-0.0009 |0.0368 |
175.581 | 0.000 | 0.000 | -0.081 | 0.0435 |-0.0098 |0.0000 |-0.0009 |0.0372 |
175.996 | 0.000 | 0.000 | -0.082 | 0.0439 |-0.0098 |0.0000 |-0.0010 |0.0375 |
176.409 | 0.000 | 0.000 | -0.083 | 0.0443 |-0.0099 |0.0000 |-0.0010 |0.0379 |
176.819 | 0.000 | 0.000 | -0.084 | 0.0447 |-0.0100 |0.0000 |-0.0010 |0.0383 |
177.227 | 0.000 | 0.000 | -0.085 | 0.0451 |-0.0101 |0.0000 |-0.0010 |0.0386 |
177.632 | 0.000 | 0.000 | -0.086 | 0.0455 |-0.0102 |0.0000 |-0.0010 |0.0390 |
178.035 | 0.000 | 0.000 | -0.087 | 0.0459 |-0.0103 |0.0000 |-0.0010 |0.0393 |
178.435 | 0.000 | 0.000 | -0.088 | 0.0463 |-0.0104 |0.0000 |-0.0010 |0.0397 |
178.834 | 0.000 | 0.000 | -0.089 | 0.0467 |-0.0105 |0.0000 |-0.0010 |0.0401 |
179.230 | 0.000 | 0.000 | -0.090 | 0.0471 |-0.0106 |0.0000 |-0.0010 |0.0404 |
179.623 | 0.000 | 0.000 | -0.091 | 0.0475 |-0.0106 |0.0000 |-0.0010 |0.0408 |
180.015 | 0.000 | 0.000 | -0.092 | 0.0479 |-0.0107 |0.0000 |-0.0011 |0.0411 |
180.404 | 0.000 | 0.000 | -0.093 | 0.0483 |-0.0108 |0.0000 |-0.0011 |0.0415 |
180.792 | 0.000 | 0.000 | -0.094 | 0.0487 |-0.0109 |0.0000 |-0.0011 |0.0419 |
181.177 | 0.000 | 0.000 | -0.095 | 0.0491 |-0.0110 |0.0000 |-0.0011 |0.0422 |
181.560 | 0.000 | 0.000 | -0.096 | 0.0495 |-0.0111 |0.0000 |-0.0011 |0.0426 |
181.941 | 0.000 | 0.000 | -0.097 | 0.0499 |-0.0112 |0.0000 |-0.0011 |0.0429 |
182.320 | 0.000 | 0.000 | -0.098 | 0.0503 |-0.0113 |0.0000 |-0.0011 |0.0433 |
182.696 | 0.000 | 0.000 | -0.099 | 0.0507 |-0.0113 |0.0000 |-0.0011 |0.0436 |
183.071 | 0.000 | 0.000 | -0.100 | 0.0511 |-0.0114 |0.0000 |-0.0011 |0.0440 |
183.444 | 0.000 | 0.000 | -0.101 | 0.0515 |-0.0115 |0.0000 |-0.0011 |0.0444 |
183.815 | 0.000 | 0.000 | -0.102 | 0.0519 |-0.0116 |0.0000 |-0.0011 |0.0447 |
184.184 | 0.000 | 0.000 | -0.103 | 0.0523 |-0.0117 |0.0000 |-0.0012 |0.0451 |
184.551 | 0.000 | 0.000 | -0.104 | 0.0527 |-0.0118 |0.0000 |-0.0012 |0.0454 |
184.917 | 0.000 | 0.000 | -0.105 | 0.0531 |-0.0119 |0.0000 |-0.0012 |0.0458 |
185.280 | 0.000 | 0.000 | -0.106 | 0.0535 |-0.0120 |0.0000 |-0.0012 |0.0462 |
185.642 | 0.000 | 0.000 | -0.107 | 0.0539 |-0.0120 |0.0000 |-0.0012 |0.0465 |
186.001 | 0.000 | 0.000 | -0.108 | 0.0543 |-0.0121 |0.0000 |-0.0012 |0.0469 |
186.359 | 0.000 | 0.000 | -0.109 | 0.0547 |-0.0122 |0.0000 |-0.0012 |0.0472 |
186.715 | 0.000 | 0.000 | -0.110 | 0.0551 |-0.0123 |0.0000 |-0.0012 |0.0476 |
187.070 | 0.000 | 0.000 | -0.111 | 0.0555 |-0.0124 |0.0000 |-0.0012 |0.0479 |
187.422 | 0.000 | 0.000 | -0.112 | 0.0559 |-0.0125 |0.0000 |-0.0012 |0.0483 |
187.773 | 0.000 | 0.000 | -0.113 | 0.0563 |-0.0126 |0.0000 |-0.0012 |0.0487 |
188.123 | 0.000 | 0.000 | -0.114 | 0.0567 |-0.0127 |0.0000 |-0.0013 |0.0490 |
188.470 | 0.000 | 0.000 | -0.115 | 0.0571 |-0.0127 |0.0000 |-0.0013 |0.0494 |
188.816 | 0.000 | 0.000 | -0.116 | 0.0575 |-0.0128 |0.0000 |-0.0013 |0.0497 |
189.160 | 0.000 | 0.000 | -0.118 | 0.0579 |-0.0129 |0.0000 |-0.0013 |0.0501 |
189.503 | 0.000 | 0.000 | -0.119 | 0.0583 |-0.0130 |0.0000 |-0.0013 |0.0504 |
189.844 | 0.000 | 0.000 | -0.120 | 0.0587 |-0.0131 |0.0000 |-0.0013 |0.0508 |
190.184 | 0.000 | 0.000 | -0.121 | 0.0591 |-0.0132 |0.0000 |-0.0013 |0.0512 |
190.522 | 0.000 | 0.000 | -0.122 | 0.0595 |-0.0133 |0.0000 |-0.0013 |0.0515 |
190.858 | 0.000 | 0.000 | -0.123 | 0.0599 |-0.0134 |0.0000 |-0.0013 |0.0519 |
191.193 | 0.000 | 0.000 | -0.124 | 0.0603 |-0.0134 |0.0000 |-0.0013 |0.0522 |
191.526 | 0.000 | 0.000 | -0.125 | 0.0607 |-0.0135 |0.0000 |-0.0014 |0.0526 |
191.858 | 0.000 | 0.000 | -0.126 | 0.0611 |-0.0136 |0.0000 |-0.0014 |0.0529 |
192.189 | 0.000 | 0.000 | -0.127 | 0.0615 |-0.0137 |0.0000 |-0.0014 |0.0533 |
192.517 | 0.000 | 0.000 | -0.128 | 0.0619 |-0.0138 |0.0000 |-0.0014 |0.0536 |
192.845 | 0.000 | 0.000 | -0.129 | 0.0623 |-0.0139 |0.0000 |-0.0014 |0.0540 |
193.171 | 0.000 | 0.000 | -0.130 | 0.0627 |-0.0140 |0.0000 |-0.0014 |0.0544 |
193.495 | 0.000 | 0.000 | -0.131 | 0.0631 |-0.0141 |0.0000 |-0.0014 |0.0547 |
193.818 | 0.000 | 0.000 | -0.132 | 0.0635 |-0.0141 |0.0000 |-0.0014 |0.0551 |
194.140 | 0.000 | 0.000 | -0.133 | 0.0639 |-0.0142 |0.0000 |-0.0014 |0.0554 |
194.460 | 0.000 | 0.000 | -0.135 | 0.0643 |-0.0143 |0.0000 |-0.0014 |0.0558 |
194.779 | 0.000 | 0.000 | -0.136 | 0.0647 |-0.0144 |0.0000 |-0.0014 |0.0561 |
195.097 | 0.000 | 0.000 | -0.137 | 0.0651 |-0.0145 |0.0000 |-0.0015 |0.0565 |
195.413 | 0.000 | 0.000 | -0.138 | 0.0655 |-0.0146 |0.0000 |-0.0015 |0.0568 |
195.728 | 0.000 | 0.000 | -0.139 | 0.0659 |-0.0147 |0.0000 |-0.0015 |0.0572 |
196.042 | 0.000 | 0.000 | -0.140 | 0.0663 |-0.0147 |0.0000 |-0.0015 |0.0576 |
196.354 | 0.000 | 0.000 | -0.141 | 0.0666 |-0.0148 |0.0000 |-0.0015 |0.0579 |
196.665 | 0.000 | 0.000 | -0.142 | 0.0670 |-0.0149 |0.0000 |-0.0015 |0.0583 |
196.975 | 0.000 | 0.000 | -0.143 | 0.0674 |-0.0150 |0.0000 |-0.0015 |0.0586 |
197.283 | 0.000 | 0.000 | -0.144 | 0.0678 |-0.0151 |0.0000 |-0.0015 |0.0590 |
197.590 | 0.000 | 0.000 | -0.145 | 0.0682 |-0.0152 |0.0000 |-0.0015 |0.0593 |
197.896 | 0.000 | 0.000 | -0.147 | 0.0686 |-0.0153 |0.0000 |-0.0015 |0.0597 |
198.201 | 0.000 | 0.000 | -0.148 | 0.0690 |-0.0154 |0.0000 |-0.0016 |0.0600 |
198.504 | 0.000 | 0.000 | -0.149 | 0.0694 |-0.0154 |0.0000 |-0.0016 |0.0604 |
198.806 | 0.000 | 0.000 | -0.150 | 0.0698 |-0.0155 |0.0000 |-0.0016 |0.0607 |
199.107 | 0.000 | 0.000 | -0.151 | 0.0702 |-0.0156 |0.0000 |-0.0016 |0.0611 |
199.407 | 0.000 | 0.000 | -0.152 | 0.0706 |-0.0157 |0.0000 |-0.0016 |0.0615 |
199.706 | 0.000 | 0.000 | -0.153 | 0.0710 |-0.0158 |0.0000 |-0.0016 |0.0618 |
200.003 | 0.000 | 0.000 | -0.154 | 0.0714 |-0.0159 |0.0000 |-0.0016 |0.0622 |
200.300 | 0.000 | 0.000 | -0.155 | 0.0718 |-0.0160 |0.0000 |-0.0016 |0.0625 |
200.595 | 0.000 | 0.000 | -0.156 | 0.0722 |-0.0160 |0.0000 |-0.0016 |0.0629 |
200.889 | 0.000 | 0.000 | -0.158 | 0.0726 |-0.0161 |0.0000 |-0.0016 |0.0632 |
201.182 | 0.000 | 0.000 | -0.159 | 0.0730 |-0.0162 |0.0000 |-0.0016 |0.0636 |
201.474 | 0.000 | 0.000 | -0.160 | 0.0734 |-0.0163 |0.0000 |-0.0017 |0.0639 |
201.764 | 0.000 | 0.000 | -0.161 | 0.0737 |-0.0164 |0.0000 |-0.0017 |0.0643 |
202.054 | 0.000 | 0.000 | -0.162 | 0.0741 |-0.0165 |0.0000 |-0.0017 |0.0646 |
202.342 | 0.000 | 0.000 | -0.163 | 0.0745 |-0.0166 |0.0000 |-0.0017 |0.0650 |
202.630 | 0.000 | 0.000 | -0.164 | 0.0749 |-0.0167 |0.0000 |-0.0017 |0.0653 |
202.916 | 0.000 | 0.000 | -0.165 | 0.0753 |-0.0167 |0.0000 |-0.0017 |0.0657 |
203.201 | 0.000 | 0.000 | -0.166 | 0.0757 |-0.0168 |0.0000 |-0.0017 |0.0660 |
203.486 | 0.000 | 0.000 | -0.168 | 0.0761 |-0.0169 |0.0000 |-0.0017 |0.0664 |
203.769 | 0.000 | 0.000 | -0.169 | 0.0765 |-0.0170 |0.0000 |-0.0017 |0.0668 |
204.051 | 0.000 | 0.000 | -0.170 | 0.0769 |-0.0171 |0.0000 |-0.0017 |0.0671 |
204.332 | 0.000 | 0.000 | -0.171 | 0.0773 |-0.0172 |0.0000 |-0.0018 |0.0675 |
204.612 | 0.000 | 0.000 | -0.172 | 0.0777 |-0.0173 |0.0000 |-0.0018 |0.0678 |
204.891 | 0.000 | 0.000 | -0.173 | 0.0781 |-0.0173 |0.0000 |-0.0018 |0.0682 |
205.170 | 0.000 | 0.000 | -0.174 | 0.0785 |-0.0174 |0.0000 |-0.0018 |0.0685 |
205.447 | 0.000 | 0.000 | -0.176 | 0.0789 |-0.0175 |0.0000 |-0.0018 |0.0689 |
205.723 | 0.000 | 0.000 | -0.177 | 0.0792 |-0.0176 |0.0000 |-0.0018 |0.0692 |
205.998 | 0.000 | 0.000 | -0.178 | 0.0796 |-0.0177 |0.0000 |-0.0018 |0.0696 |
206.272 | 0.000 | 0.000 | -0.179 | 0.0800 |-0.0178 |0.0000 |-0.0018 |0.0699 |
206.545 | 0.000 | 0.000 | -0.180 | 0.0804 |-0.0179 |0.0000 |-0.0018 |0.0703 |
206.817 | 0.000 | 0.000 | -0.181 | 0.0808 |-0.0179 |0.0000 |-0.0018 |0.0706 |
207.089 | 0.000 | 0.000 | -0.182 | 0.0812 |-0.0180 |0.0000 |-0.0018 |0.0710 |
207.359 | 0.000 | 0.000 | -0.183 | 0.0816 |-0.0181 |0.0000 |-0.0019 |0.0713 |
207.628 | 0.000 | 0.000 | -0.185 | 0.0820 |-0.0182 |0.0000 |-0.0019 |0.0717 |
207.897 | 0.000 | 0.000 | -0.186 | 0.0824 |-0.0183 |0.0000 |-0.0019 |0.0720 |
208.164 | 0.000 | 0.000 | -0.187 | 0.0828 |-0.0184 |0.0000 |-0.0019 |0.0724 |
208.431 | 0.000 | 0.000 | -0.188 | 0.0832 |-0.0185 |0.0000 |-0.0019 |0.0727 |
208.697 | 0.000 | 0.000 | -0.189 | 0.0835 |-0.0185 |0.0000 |-0.0019 |0.0731 |
208.962 | 0.000 | 0.000 | -0.190 | 0.0839 |-0.0186 |0.0000 |-0.0019 |0.0734 |
209.226 | 0.000 | 0.000 | -0.192 | 0.0843 |-0.0187 |0.0000 |-0.0019 |0.0738 |
209.489 | 0.000 | 0.000 | -0.193 | 0.0847 |-0.0188 |0.0000 |-0.0019 |0.0741 |
209.751 | 0.000 | 0.000 | -0.194 | 0.0851 |-0.0189 |0.0000 |-0.0019 |0.0745 |
210.012 | 0.000 | 0.000 | -0.195 | 0.0855 |-0.0190 |0.0000 |-0.0020 |0.0748 |
210.273 | 0.000 | 0.000 | -0.196 | 0.0859 |-0.0191 |0.0000 |-0.0020 |0.0752 |
210.532 | 0.000 | 0.000 | -0.197 | 0.0863 |-0.0191 |0.0000 |-0.0020 |0.0755 |
210.791 | 0.000 | 0.000 | -0.198 | 0.0867 |-0.0192 |0.0000 |-0.0020 |0.0759 |
211.049 | 0.000 | 0.000 | -0.200 | 0.0871 |-0.0193 |0.0000 |-0.0020 |0.0762 |
211.306 | 0.000 | 0.000 | -0.201 | 0.0874 |-0.0194 |0.0000 |-0.0020 |0.0766 |
211.562 | 0.000 | 0.000 | -0.202 | 0.0878 |-0.0195 |0.0000 |-0.0020 |0.0769 |
211.818 | 0.000 | 0.000 | -0.203 | 0.0882 |-0.0196 |0.0000 |-0.0020 |0.0773 |
212.072 | 0.000 | 0.000 | -0.204 | 0.0886 |-0.0196 |0.0000 |-0.0020 |0.0776 |
212.326 | 0.000 | 0.000 | -0.205 | 0.0890 |-0.0197 |0.0000 |-0.0020 |0.0780 |
212.579 | 0.000 | 0.000 | -0.207 | 0.0894 |-0.0198 |0.0000 |-0.0021 |0.0783 |
212.831 | 0.000 | 0.000 | -0.208 | 0.0898 |-0.0199 |0.0000 |-0.0021 |0.0787 |
213.083 | 0.000 | 0.000 | -0.209 | 0.0902 |-0.0200 |0.0000 |-0.0021 |0.0790 |
213.333 | 0.000 | 0.000 | -0.210 | 0.0906 |-0.0201 |0.0000 |-0.0021 |0.0794 |
213.583 | 0.000 | 0.000 | -0.211 | 0.0909 |-0.0202 |0.0000 |-0.0021 |0.0797 |
213.832 | 0.000 | 0.000 | -0.212 | 0.0913 |-0.0202 |0.0000 |-0.0021 |0.0801 |
214.080 | 0.000 | 0.000 | -0.214 | 0.0917 |-0.0203 |0.0000 |-0.0021 |0.0804 |
214.328 | 0.000 | 0.000 | -0.215 | 0.0921 |-0.0204 |0.0000 |-0.0021 |0.0808 |
214.574 | 0.000 | 0.000 | -0.216 | 0.0925 |-0.0205 |0.0000 |-0.0021 |0.0811 |
214.820 | 0.000 | 0.000 | -0.217 | 0.0929 |-0.0206 |0.0000 |-0.0021 |0.0815 |
215.066 | 0.000 | 0.000 | -0.218 | 0.0933 |-0.0207 |0.0000 |-0.0021 |0.0818 |
215.310 | 0.000 | 0.000 | -0.219 | 0.0937 |-0.0208 |0.0000 |-0.0022 |0.0822 |
215.554 | 0.000 | 0.000 | -0.221 | 0.0940 |-0.0208 |0.0000 |-0.0022 |0.0825 |
215.797 | 0.000 | 0.000 | -0.222 | 0.0944 |-0.0209 |0.0000 |-0.0022 |0.0829 |
216.039 | 0.000 | 0.000 | -0.223 | 0.0948 |-0.0210 |0.0000 |-0.0022 |0.0832 |
216.281 | 0.000 | 0.000 | -0.224 | 0.0952 |-0.0211 |0.0000 |-0.0022 |0.0836 |
216.521 | 0.000 | 0.000 | -0.225 | 0.0956 |-0.0212 |0.0000 |-0.0022 |0.0839 |
216.761 | 0.000 | 0.000 | -0.227 | 0.0960 |-0.0213 |0.0000 |-0.0022 |0.0843 |
217.001 | 0.000 | 0.000 | -0.228 | 0.0964 |-0.0213 |0.0000 |-0.0022 |0.0846 |
217.239 | 0.000 | 0.000 | -0.229 | 0.0968 |-0.0214 |0.0000 |-0.0022 |0.0850 |
217.477 | 0.000 | 0.000 | -0.230 | 0.0971 |-0.0215 |0.0000 |-0.0022 |0.0853 |
217.715 | 0.000 | 0.000 | -0.231 | 0.0975 |-0.0216 |0.0000 |-0.0023 |0.0857 |
217.951 | 0.000 | 0.000 | -0.233 | 0.0979 |-0.0217 |0.0000 |-0.0023 |0.0860 |
218.187 | 0.000 | 0.000 | -0.234 | 0.0983 |-0.0218 |0.0000 |-0.0023 |0.0863 |
218.422 | 0.000 | 0.000 | -0.235 | 0.0987 |-0.0219 |0.0000 |-0.0023 |0.0867 |
218.657 | 0.000 | 0.000 | -0.236 | 0.0991 |-0.0219 |0.0000 |-0.0023 |0.0870 |
218.891 | 0.000 | 0.000 | -0.237 | 0.0995 |-0.0220 |0.0000 |-0.0023 |0.0874 |
219.124 | 0.000 | 0.000 | -0.238 | 0.0998 |-0.0221 |0.0000 |-0.0023 |0.0877 |
219.356 | 0.000 | 0.000 | -0.240 | 0.1002 |-0.0222 |0.0000 |-0.0023 |0.0881 |
219.588 | 0.000 | 0.000 | -0.241 | 0.1006 |-0.0223 |0.0000 |-0.0023 |0.0884 |
219.819 | 0.000 | 0.000 | -0.242 | 0.1010 |-0.0224 |0.0000 |-0.0023 |0.0888 |
220.050 | 0.000 | 0.000 | -0.243 | 0.1014 |-0.0224 |0.0000 |-0.0024 |0.0891 |
220.280 | 0.000 | 0.000 | -0.244 | 0.1018 |-0.0225 |0.0000 |-0.0024 |0.0895 |
220.509 | 0.000 | 0.000 | -0.246 | 0.1022 |-0.0226 |0.0000 |-0.0024 |0.0898 |
220.738 | 0.000 | 0.000 | -0.247 | 0.1025 |-0.0227 |0.0000 |-0.0024 |0.0902 |
220.966 | 0.000 | 0.000 | -0.248 | 0.1029 |-0.0228 |0.0000 |-0.0024 |0.0905 |
221.193 | 0.000 | 0.000 | -0.249 | 0.1033 |-0.0229 |0.0000 |-0.0024 |0.0909 |
221.420 | 0.000 | 0.000 | -0.250 | 0.1037 |-0.0230 |0.0000 |-0.0024 |0.0912 |
221.646 | 0.000 | 0.000 | -0.252 | 0.1041 |-0.0230 |0.0000 |-0.0024 |0.0915 |
221.871 | 0.000 | 0.000 | -0.253 | 0.1045 |-0.0231 |0.0000 |-0.0024 |0.0919 |
222.096 | 0.000 | 0.000 | -0.254 | 0.1049 |-0.0232 |0.0000 |-0.0024 |0.0922 |
222.320 | 0.000 | 0.000 | -0.255 | 0.1052 |-0.0233 |0.0000 |-0.0024 |0.0926 |
222.544 | 0.000 | 0.000 | -0.257 | 0.1056 |-0.0234 |0.0000 |-0.0025 |0.0929 |
222.767 | 0.000 | 0.000 | -0.258 | 0.1060 |-0.0235 |0.0000 |-0.0025 |0.0933 |
222.989 | 0.000 | 0.000 | -0.259 | 0.1064 |-0.0235 |0.0000 |-0.0025 |0.0936 |
223.211 | 0.000 | 0.000 | -0.260 | 0.1068 |-0.0236 |0.0000 |-0.0025 |0.0940 |
223.432 | 0.000 | 0.000 | -0.261 | 0.1072 |-0.0237 |0.0000 |-0.0025 |0.0943 |
223.652 | 0.000 | 0.000 | -0.263 | 0.1075 |-0.0238 |0.0000 |-0.0025 |0.0947 |
223.872 | 0.000 | 0.000 | -0.264 | 0.1079 |-0.0239 |0.0000 |-0.0025 |0.0950 |
224.092 | 0.000 | 0.000 | -0.265 | 0.1083 |-0.0240 |0.0000 |-0.0025 |0.0953 |
224.311 | 0.000 | 0.000 | -0.266 | 0.1087 |-0.0240 |0.0000 |-0.0025 |0.0957 |
224.529 | 0.000 | 0.000 | -0.267 | 0.1091 |-0.0241 |0.0000 |-0.0025 |0.0960 |
224.747 | 0.000 | 0.000 | -0.269 | 0.1095 |-0.0242 |0.0000 |-0.0026 |0.0964 |
224.964 | 0.000 | 0.000 | -0.270 | 0.1098 |-0.0243 |0.0000 |-0.0026 |0.0967 |
225.180 | 0.000 | 0.000 | -0.271 | 0.1102 |-0.0244 |0.0000 |-0.0026 |0.0971 |
225.396 | 0.000 | 0.000 | -0.272 | 0.1106 |-0.0245 |0.0000 |-0.0026 |0.0974 |
225.612 | 0.000 | 0.000 | -0.274 | 0.1110 |-0.0245 |0.0000 |-0.0026 |0.0978 |
225.827 | 0.000 | 0.000 | -0.275 | 0.1114 |-0.0246 |0.0000 |-0.0026 |0.0981 |
226.041 | 0.000 | 0.000 | -0.276 | 0.1118 |-0.0247 |0.0000 |-0.0026 |0.0984 |
226.255 | 0.000 | 0.000 | -0.277 | 0.1121 |-0.0248 |0.0000 |-0.0026 |0.0988 |
226.468 | 0.000 | 0.000 | -0.278 | 0.1125 |-0.0249 |0.0000 |-0.0026 |0.0991 |
226.680 | 0.000 | 0.000 | -0.280 | 0.1129 |-0.0250 |0.0000 |-0.0026 |0.0995 |
226.893 | 0.000 | 0.000 | -0.281 | 0.1133 |-0.0250 |0.0000 |-0.0027 |0.0998 |
227.104 | 0.000 | 0.000 | -0.282 | 0.1137 |-0.0251 |0.0000 |-0.0027 |0.1002 |
227.315 | 0.000 | 0.000 | -0.283 | 0.1141 |-0.0252 |0.0000 |-0.0027 |0.1005 |
227.526 | 0.000 | 0.000 | -0.285 | 0.1144 |-0.0253 |0.0000 |-0.0027 |0.1009 |
227.736 | 0.000 | 0.000 | -0.286 | 0.1148 |-0.0254 |0.0000 |-0.0027 |0.1012 |
227.945 | 0.000 | 0.000 | -0.287 | 0.1152 |-0.0255 |0.0000 |-0.0027 |0.1015 |
228.154 | 0.000 | 0.000 | -0.288 | 0.1156 |-0.0255 |0.0000 |-0.0027 |0.1019 |
228.362 | 0.000 | 0.000 | -0.290 | 0.1160 |-0.0256 |0.0000 |-0.0027 |0.1022 |
228.570 | 0.000 | 0.000 | -0.291 | 0.1163 |-0.0257 |0.0000 |-0.0027 |0.1026 |
228.778 | 0.000 | 0.000 | -0.292 | 0.1167 |-0.0258 |0.0000 |-0.0027 |0.1029 |
228.984 | 0.000 | 0.000 | -0.293 | 0.1171 |-0.0259 |0.0000 |-0.0027 |0.1033 |
229.191 | 0.000 | 0.000 | -0.295 | 0.1175 |-0.0260 |0.0000 |-0.0028 |0.1036 |
229.396 | 0.000 | 0.000 | -0.296 | 0.1179 |-0.0260 |0.0000 |-0.0028 |0.1039 |
229.602 | 0.000 | 0.000 | -0.297 | 0.1182 |-0.0261 |0.0000 |-0.0028 |0.1043 |
229.807 | 0.000 | 0.000 | -0.298 | 0.1186 |-0.0262 |0.0000 |-0.0028 |0.1046 |
230.011 | 0.000 | 0.000 | -0.299 | 0.1190 |-0.0263 |0.0000 |-0.0028 |0.1050 |
230.215 | 0.000 | 0.000 | -0.301 | 0.1194 |-0.0264 |0.0000 |-0.0028 |0.1053 |
230.418 | 0.000 | 0.000 | -0.302 | 0.1198 |-0.0265 |0.0000 |-0.0028 |0.1057 |
230.621 | 0.000 | 0.000 | -0.303 | 0.1201 |-0.0265 |0.0000 |-0.0028 |0.1060 |
230.823 | 0.000 | 0.000 | -0.304 | 0.1205 |-0.0266 |0.0000 |-0.0028 |0.1063 |
231.025 | 0.000 | 0.000 | -0.306 | 0.1209 |-0.0267 |0.0000 |-0.0028 |0.1067 |
231.227 | 0.000 | 0.000 | -0.307 | 0.1213 |-0.0268 |0.0000 |-0.0029 |0.1070 |
231.428 | 0.000 | 0.000 | -0.308 | 0.1217 |-0.0269 |0.0000 |-0.0029 |0.1074 |
231.628 | 0.000 | 0.000 | -0.309 | 0.1221 |-0.0270 |0.0000 |-0.0029 |0.1077 |
231.828 | 0.000 | 0.000 | -0.311 | 0.1224 |-0.0270 |0.0000 |-0.0029 |0.1081 |
232.027 | 0.000 | 0.000 | -0.312 | 0.1228 |-0.0271 |0.0000 |-0.0029 |0.1084 |
232.226 | 0.000 | 0.000 | -0.313 | 0.1232 |-0.0272 |0.0000 |-0.0029 |0.1087 |
232.425 | 0.000 | 0.000 | -0.314 | 0.1236 |-0.0273 |0.0000 |-0.0029 |0.1091 |
232.623 | 0.000 | 0.000 | -0.316 | 0.1239 |-0.0274 |0.0000 |-0.0029 |0.1094 |
232.821 | 0.000 | 0.000 | -0.317 | 0.1243 |-0.0275 |0.0000 |-0.0029 |0.1098 |
233.018 | 0.000 | 0.000 | -0.318 | 0.1247 |-0.0275 |0.0000 |-0.0029 |0.1101 |
233.215 | 0.000 | 0.000 | -0.319 | 0.1251 |-0.0276 |0.0000 |-0.0030 |0.1104 |
233.411 | 0.000 | 0.000 | -0.321 | 0.1255 |-0.0277 |0.0000 |-0.0030 |0.1108 |
233.607 | 0.000 | 0.000 | -0.322 | 0.1258 |-0.0278 |0.0000 |-0.0030 |0.1111 |
233.802 | 0.000 | 0.000 | -0.323 | 0.1262 |-0.0279 |0.0000 |-0.0030 |0.1115 |
233.997 | 0.000 | 0.000 | -0.324 | 0.1266 |-0.0280 |0.0000 |-0.0030 |0.1118 |
234.191 | 0.000 | 0.000 | -0.326 | 0.1270 |-0.0280 |0.0000 |-0.0030 |0.1121 |
234.385 | 0.000 | 0.000 | -0.327 | 0.1274 |-0.0281 |0.0000 |-0.0030 |0.1125 |
234.579 | 0.000 | 0.000 | -0.328 | 0.1277 |-0.0282 |0.0000 |-0.0030 |0.1128 |
234.772 | 0.000 | 0.000 | -0.329 | 0.1281 |-0.0283 |0.0000 |-0.0030 |0.1132 |
234.965 | 0.000 | 0.000 | -0.331 | 0.1285 |-0.0284 |0.0000 |-0.0030 |0.1135 |
235.157 | 0.000 | 0.000 | -0.332 | 0.1289 |-0.0285 |0.0000 |-0.0031 |0.1139 |
235.349 | 0.000 | 0.000 | -0.333 | 0.1292 |-0.0285 |0.0000 |-0.0031 |0.1142 |
235.540 | 0.000 | 0.000 | -0.335 | 0.1296 |-0.0286 |0.0000 |-0.0031 |0.1145 |
235.731 | 0.000 | 0.000 | -0.336 | 0.1300 |-0.0287 |0.0000 |-0.0031 |0.1149 |
235.922 | 0.000 | 0.000 | -0.337 | 0.1304 |-0.0288 |0.0000 |-0.0031 |0.1152 |
236.112 | 0.000 | 0.000 | -0.338 | 0.1308 |-0.0289 |0.0000 |-0.0031 |0.1156 |
236.302 | 0.000 | 0.000 | -0.340 | 0.1311 |-0.0290 |0.0000 |-0.0031 |0.1159 |
236.491 | 0.000 | 0.000 | -0.341 | 0.1315 |-0.0290 |0.0000 |-0.0031 |0.1162 |
236.680 | 0.000 | 0.000 | -0.342 | 0.1319 |-0.0291 |0.0000 |-0.0031 |0.1166 |
236.777 | 0.000 | 0.000 | -0.343 | 0.1321 |-0.0292 |0.0000 |-0.0031 |0.1167 |
