Test angle: 15
Node_A_151 coordinates: initialX | initialY | initialZ 
75.0000 | 0.0000 | 0.0000 | 
Node_B_1051 coordinates: initialX | initialY | initialZ 
-75.0000 | 0.0000 | 0.0000 | 
Node_C_606 coordinates: initialX | initialY | initialZ 
0.0000 | 5.0000 | 0.0000 | 
Node_D_1256 coordinates: initialX | initialY | initialZ 
0.0000 | -5.0000 | 0.0000 | 
  UA1  |  UA2  |  UA3 | UB1 | UB2 | UB3 | UC1 | UC2 | UC3 | UD1 | UD2 | UD3 
0.0000 | 0.0000 | 0.0000 | 0.0000 | 0.0000 | 0.0000 | 0.0000 | 0.0000 | 0.0000 | 0.0000 | 0.0000 | 0.0000 | 
0.0014 | -0.0000 | 0.0000 | 0.0004 | -0.0000 | 0.0000 | 0.0009 | -0.0000 | 0.0000 | 0.0009 | -0.0000 | 0.0000 | 
0.0029 | -0.0000 | -0.0000 | 0.0007 | -0.0000 | -0.0000 | 0.0018 | -0.0001 | -0.0000 | 0.0018 | -0.0000 | -0.0000 | 
0.0051 | -0.0001 | 0.0000 | 0.0013 | -0.0001 | 0.0000 | 0.0032 | -0.0001 | 0.0000 | 0.0032 | -0.0000 | 0.0000 | 
0.0083 | -0.0001 | -0.0000 | 0.0021 | -0.0001 | -0.0000 | 0.0052 | -0.0002 | -0.0000 | 0.0052 | -0.0000 | -0.0000 | 
0.0132 | -0.0001 | 0.0000 | 0.0033 | -0.0001 | 0.0000 | 0.0083 | -0.0002 | 0.0000 | 0.0083 | -0.0000 | 0.0000 | 
0.0205 | -0.0002 | -0.0000 | 0.0052 | -0.0002 | -0.0000 | 0.0128 | -0.0004 | -0.0000 | 0.0128 | -0.0000 | -0.0000 | 
0.0314 | -0.0003 | 0.0000 | 0.0080 | -0.0003 | 0.0000 | 0.0197 | -0.0006 | 0.0000 | 0.0197 | -0.0001 | 0.0000 | 
0.0479 | -0.0005 | -0.0000 | 0.0122 | -0.0005 | -0.0000 | 0.0300 | -0.0009 | -0.0000 | 0.0300 | -0.0001 | -0.0000 | 
0.0726 | -0.0008 | 0.0000 | 0.0184 | -0.0008 | 0.0000 | 0.0455 | -0.0014 | 0.0000 | 0.0455 | -0.0002 | 0.0000 | 
0.1096 | -0.0012 | -0.0000 | 0.0278 | -0.0012 | -0.0000 | 0.0687 | -0.0021 | -0.0000 | 0.0687 | -0.0003 | -0.0000 | 
0.1651 | -0.0018 | 0.0000 | 0.0419 | -0.0018 | 0.0000 | 0.1035 | -0.0031 | 0.0000 | 0.1035 | -0.0004 | 0.0000 | 
0.2373 | -0.0025 | -0.0000 | 0.0602 | -0.0025 | -0.0000 | 0.1487 | -0.0045 | -0.0000 | 0.1487 | -0.0006 | -0.0000 | 
0.3095 | -0.0024 | -0.0000 | 0.0785 | -0.0042 | 0.0000 | 0.1939 | -0.0058 | 0.0000 | 0.1941 | -0.0007 | -0.0000 | 
0.3293 | -0.0021 | -0.0000 | 0.0814 | -0.0045 | 0.0000 | 0.2051 | -0.0060 | -0.0000 | 0.2056 | -0.0006 | 0.0000 | 
0.3490 | -0.0017 | -0.0000 | 0.0843 | -0.0050 | 0.0000 | 0.2162 | -0.0061 | -0.0000 | 0.2171 | -0.0005 | 0.0000 | 
0.3686 | -0.0013 | 0.0000 | 0.0873 | -0.0054 | 0.0000 | 0.2273 | -0.0063 | 0.0000 | 0.2286 | -0.0003 | 0.0000 | 
0.3980 | -0.0006 | 0.0000 | 0.0918 | -0.0061 | -0.0000 | 0.2440 | -0.0065 | -0.0000 | 0.2458 | -0.0001 | 0.0000 | 
0.4420 | 0.0004 | -0.0000 | 0.0987 | -0.0071 | -0.0000 | 0.2691 | -0.0069 | -0.0000 | 0.2716 | 0.0002 | 0.0000 | 
0.5079 | 0.0019 | 0.0000 | 0.1092 | -0.0087 | 0.0000 | 0.3067 | -0.0074 | -0.0000 | 0.3104 | 0.0006 | 0.0000 | 
0.5858 | 0.0036 | -0.0000 | 0.1219 | -0.0105 | 0.0000 | 0.3513 | -0.0081 | -0.0000 | 0.3564 | 0.0011 | 0.0000 | 
0.6635 | 0.0053 | 0.0000 | 0.1346 | -0.0123 | 0.0000 | 0.3958 | -0.0087 | -0.0000 | 0.4023 | 0.0016 | 0.0000 | 
0.7412 | 0.0069 | -0.0000 | 0.1475 | -0.0140 | 0.0000 | 0.4404 | -0.0093 | -0.0000 | 0.4482 | 0.0022 | 0.0000 | 
0.8187 | 0.0086 | -0.0000 | 0.1604 | -0.0158 | 0.0000 | 0.4850 | -0.0099 | -0.0000 | 0.4941 | 0.0027 | 0.0000 | 
0.8962 | 0.0101 | 0.0000 | 0.1735 | -0.0174 | 0.0000 | 0.5296 | -0.0105 | -0.0000 | 0.5400 | 0.0033 | 0.0000 | 
0.9736 | 0.0117 | -0.0000 | 0.1866 | -0.0190 | -0.0000 | 0.5743 | -0.0111 | -0.0000 | 0.5860 | 0.0038 | 0.0000 | 
1.0510 | 0.0131 | -0.0000 | 0.1997 | -0.0206 | -0.0000 | 0.6189 | -0.0118 | -0.0000 | 0.6318 | 0.0042 | 0.0000 | 
1.1283 | 0.0145 | -0.0000 | 0.2129 | -0.0221 | -0.0000 | 0.6635 | -0.0124 | -0.0000 | 0.6777 | 0.0048 | 0.0000 | 
1.2056 | 0.0160 | 0.0000 | 0.2262 | -0.0235 | -0.0000 | 0.7081 | -0.0129 | -0.0000 | 0.7236 | 0.0054 | 0.0000 | 
1.2828 | 0.0173 | 0.0000 | 0.2394 | -0.0251 | -0.0000 | 0.7527 | -0.0136 | -0.0000 | 0.7695 | 0.0058 | 0.0000 | 
1.3600 | 0.0186 | 0.0000 | 0.2527 | -0.0265 | -0.0000 | 0.7974 | -0.0142 | -0.0000 | 0.8154 | 0.0063 | 0.0000 | 
1.4372 | 0.0200 | -0.0000 | 0.2661 | -0.0277 | -0.0000 | 0.8420 | -0.0147 | -0.0000 | 0.8613 | 0.0070 | 0.0000 | 
1.5144 | 0.0213 | 0.0000 | 0.2795 | -0.0290 | 0.0000 | 0.8867 | -0.0153 | -0.0000 | 0.9072 | 0.0075 | 0.0000 | 
1.5915 | 0.0224 | 0.0000 | 0.2928 | -0.0304 | -0.0000 | 0.9313 | -0.0160 | -0.0000 | 0.9530 | 0.0080 | 0.0000 | 
1.6686 | 0.0236 | 0.0000 | 0.3062 | -0.0317 | -0.0000 | 0.9759 | -0.0166 | -0.0000 | 0.9989 | 0.0084 | 0.0000 | 
1.7457 | 0.0248 | 0.0000 | 0.3197 | -0.0329 | 0.0000 | 1.0206 | -0.0171 | -0.0000 | 1.0448 | 0.0090 | 0.0000 | 
1.8227 | 0.0260 | 0.0000 | 0.3332 | -0.0341 | -0.0000 | 1.0652 | -0.0176 | -0.0000 | 1.0906 | 0.0096 | 0.0000 | 
1.8998 | 0.0272 | 0.0000 | 0.3466 | -0.0352 | -0.0000 | 1.1099 | -0.0182 | -0.0000 | 1.1365 | 0.0101 | 0.0000 | 
1.9768 | 0.0282 | 0.0000 | 0.3601 | -0.0365 | -0.0000 | 1.1545 | -0.0189 | -0.0000 | 1.1823 | 0.0106 | 0.0000 | 
2.0538 | 0.0292 | -0.0000 | 0.3736 | -0.0376 | -0.0000 | 1.1992 | -0.0195 | -0.0000 | 1.2282 | 0.0111 | 0.0000 | 
2.1308 | 0.0303 | 0.0000 | 0.3871 | -0.0387 | -0.0000 | 1.2439 | -0.0201 | -0.0000 | 1.2741 | 0.0116 | 0.0000 | 
2.2078 | 0.0314 | 0.0000 | 0.4006 | -0.0398 | 0.0000 | 1.2885 | -0.0206 | -0.0000 | 1.3199 | 0.0122 | 0.0000 | 
2.2848 | 0.0324 | 0.0000 | 0.4142 | -0.0408 | 0.0000 | 1.3332 | -0.0211 | -0.0000 | 1.3658 | 0.0128 | 0.0000 | 
2.3618 | 0.0334 | -0.0000 | 0.4277 | -0.0419 | -0.0000 | 1.3779 | -0.0217 | -0.0000 | 1.4116 | 0.0133 | 0.0000 | 
2.4387 | 0.0343 | -0.0000 | 0.4412 | -0.0429 | -0.0000 | 1.4225 | -0.0223 | -0.0000 | 1.4574 | 0.0138 | 0.0000 | 
2.5156 | 0.0353 | 0.0000 | 0.4548 | -0.0439 | -0.0000 | 1.4672 | -0.0229 | -0.0000 | 1.5033 | 0.0143 | 0.0000 | 
2.5926 | 0.0362 | -0.0000 | 0.4684 | -0.0450 | -0.0000 | 1.5118 | -0.0235 | -0.0000 | 1.5491 | 0.0148 | 0.0000 | 
2.6695 | 0.0372 | -0.0000 | 0.4820 | -0.0459 | -0.0000 | 1.5565 | -0.0241 | -0.0000 | 1.5950 | 0.0153 | 0.0000 | 
2.7465 | 0.0381 | -0.0000 | 0.4956 | -0.0469 | -0.0000 | 1.6012 | -0.0247 | -0.0000 | 1.6409 | 0.0159 | 0.0000 | 
2.8234 | 0.0390 | -0.0000 | 0.5092 | -0.0478 | -0.0000 | 1.6459 | -0.0252 | -0.0000 | 1.6867 | 0.0164 | 0.0000 | 
2.9003 | 0.0399 | -0.0000 | 0.5228 | -0.0487 | -0.0000 | 1.6906 | -0.0258 | -0.0000 | 1.7325 | 0.0169 | 0.0000 | 
2.9772 | 0.0407 | -0.0000 | 0.5364 | -0.0496 | 0.0000 | 1.7352 | -0.0263 | -0.0000 | 1.7784 | 0.0175 | 0.0000 | 
3.0541 | 0.0416 | -0.0000 | 0.5500 | -0.0505 | -0.0000 | 1.7799 | -0.0269 | -0.0000 | 1.8242 | 0.0180 | 0.0000 | 
3.1310 | 0.0424 | -0.0000 | 0.5636 | -0.0514 | -0.0000 | 1.8245 | -0.0275 | -0.0000 | 1.8700 | 0.0185 | 0.0000 | 
3.2079 | 0.0432 | -0.0000 | 0.5772 | -0.0523 | -0.0000 | 1.8692 | -0.0281 | -0.0000 | 1.9159 | 0.0190 | 0.0000 | 
3.2848 | 0.0441 | -0.0000 | 0.5908 | -0.0532 | -0.0000 | 1.9139 | -0.0286 | -0.0000 | 1.9617 | 0.0195 | 0.0000 | 
3.3617 | 0.0448 | -0.0000 | 0.6045 | -0.0540 | -0.0000 | 1.9586 | -0.0292 | -0.0000 | 2.0076 | 0.0200 | 0.0000 | 
3.4386 | 0.0456 | -0.0000 | 0.6181 | -0.0548 | -0.0000 | 2.0033 | -0.0298 | -0.0000 | 2.0534 | 0.0206 | 0.0000 | 
3.5154 | 0.0464 | -0.0000 | 0.6318 | -0.0556 | -0.0000 | 2.0480 | -0.0303 | -0.0000 | 2.0992 | 0.0211 | 0.0000 | 
3.5923 | 0.0472 | -0.0000 | 0.6454 | -0.0564 | -0.0000 | 2.0927 | -0.0309 | -0.0000 | 2.1451 | 0.0216 | 0.0000 | 
3.6692 | 0.0479 | -0.0000 | 0.6590 | -0.0572 | -0.0000 | 2.1373 | -0.0315 | -0.0000 | 2.1909 | 0.0222 | 0.0000 | 
3.7460 | 0.0487 | -0.0000 | 0.6727 | -0.0580 | -0.0000 | 2.1820 | -0.0320 | -0.0000 | 2.2367 | 0.0227 | 0.0000 | 
3.8229 | 0.0494 | 0.0000 | 0.6863 | -0.0588 | -0.0000 | 2.2267 | -0.0326 | -0.0000 | 2.2825 | 0.0232 | 0.0000 | 
3.8998 | 0.0502 | -0.0000 | 0.7000 | -0.0595 | -0.0000 | 2.2714 | -0.0331 | -0.0000 | 2.3284 | 0.0238 | 0.0000 | 
3.9766 | 0.0509 | -0.0000 | 0.7136 | -0.0603 | -0.0000 | 2.3161 | -0.0337 | -0.0000 | 2.3742 | 0.0243 | 0.0000 | 
4.0535 | 0.0516 | -0.0000 | 0.7272 | -0.0610 | -0.0000 | 2.3607 | -0.0343 | -0.0000 | 2.4200 | 0.0248 | 0.0000 | 
4.1304 | 0.0522 | -0.0000 | 0.7409 | -0.0618 | -0.0000 | 2.4054 | -0.0348 | -0.0000 | 2.4658 | 0.0253 | 0.0000 | 
4.2072 | 0.0529 | -0.0000 | 0.7546 | -0.0625 | -0.0000 | 2.4501 | -0.0354 | -0.0000 | 2.5117 | 0.0258 | 0.0000 | 
4.2841 | 0.0536 | -0.0000 | 0.7683 | -0.0632 | -0.0000 | 2.4948 | -0.0360 | -0.0000 | 2.5575 | 0.0263 | 0.0000 | 
4.3610 | 0.0542 | -0.0000 | 0.7819 | -0.0639 | -0.0000 | 2.5395 | -0.0365 | -0.0000 | 2.6034 | 0.0269 | 0.0000 | 
4.4378 | 0.0549 | -0.0000 | 0.7956 | -0.0646 | -0.0000 | 2.5842 | -0.0371 | -0.0000 | 2.6492 | 0.0274 | 0.0000 | 
4.5146 | 0.0556 | -0.0000 | 0.8092 | -0.0653 | -0.0000 | 2.6289 | -0.0377 | -0.0000 | 2.6950 | 0.0279 | 0.0000 | 
4.5915 | 0.0562 | -0.0000 | 0.8229 | -0.0660 | -0.0000 | 2.6736 | -0.0382 | -0.0000 | 2.7408 | 0.0284 | 0.0000 | 
4.6683 | 0.0569 | -0.0000 | 0.8365 | -0.0667 | -0.0000 | 2.7183 | -0.0387 | -0.0000 | 2.7866 | 0.0290 | 0.0000 | 
4.7452 | 0.0575 | -0.0000 | 0.8502 | -0.0673 | -0.0000 | 2.7629 | -0.0393 | -0.0000 | 2.8324 | 0.0295 | 0.0000 | 
4.8220 | 0.0582 | -0.0000 | 0.8639 | -0.0679 | -0.0000 | 2.8076 | -0.0398 | -0.0000 | 2.8783 | 0.0301 | 0.0000 | 
4.8989 | 0.0588 | -0.0000 | 0.8775 | -0.0686 | -0.0000 | 2.8523 | -0.0404 | -0.0000 | 2.9241 | 0.0306 | 0.0000 | 
4.9757 | 0.0594 | -0.0000 | 0.8912 | -0.0692 | -0.0000 | 2.8970 | -0.0409 | -0.0000 | 2.9699 | 0.0311 | 0.0000 | 
5.0526 | 0.0599 | -0.0000 | 0.9048 | -0.0699 | -0.0000 | 2.9417 | -0.0415 | -0.0000 | 3.0157 | 0.0316 | 0.0000 | 
5.1295 | 0.0605 | -0.0000 | 0.9185 | -0.0705 | -0.0000 | 2.9864 | -0.0421 | -0.0000 | 3.0615 | 0.0321 | 0.0000 | 
5.2063 | 0.0611 | -0.0000 | 0.9322 | -0.0711 | -0.0000 | 3.0311 | -0.0426 | -0.0000 | 3.1074 | 0.0326 | 0.0000 | 
5.2832 | 0.0617 | -0.0000 | 0.9458 | -0.0717 | -0.0000 | 3.0758 | -0.0432 | -0.0000 | 3.1532 | 0.0331 | 0.0000 | 
5.3600 | 0.0622 | -0.0000 | 0.9595 | -0.0723 | -0.0000 | 3.1205 | -0.0438 | -0.0000 | 3.1990 | 0.0336 | 0.0000 | 
5.4369 | 0.0628 | -0.0000 | 0.9732 | -0.0730 | -0.0000 | 3.1652 | -0.0443 | -0.0000 | 3.2449 | 0.0342 | 0.0000 | 
5.5137 | 0.0634 | -0.0000 | 0.9868 | -0.0736 | -0.0000 | 3.2099 | -0.0449 | -0.0000 | 3.2907 | 0.0347 | 0.0000 | 
5.5906 | 0.0639 | -0.0000 | 1.0005 | -0.0742 | -0.0000 | 3.2546 | -0.0454 | -0.0000 | 3.3365 | 0.0352 | 0.0000 | 
5.6674 | 0.0645 | -0.0000 | 1.0142 | -0.0748 | -0.0000 | 3.2993 | -0.0460 | -0.0000 | 3.3823 | 0.0357 | 0.0000 | 
5.7443 | 0.0651 | -0.0000 | 1.0278 | -0.0753 | -0.0000 | 3.3440 | -0.0465 | -0.0000 | 3.4281 | 0.0363 | 0.0000 | 
5.8211 | 0.0656 | -0.0000 | 1.0415 | -0.0759 | -0.0000 | 3.3887 | -0.0470 | -0.0000 | 3.4739 | 0.0368 | 0.0000 | 
5.8980 | 0.0662 | -0.0000 | 1.0551 | -0.0764 | -0.0000 | 3.4334 | -0.0476 | -0.0000 | 3.5197 | 0.0373 | 0.0000 | 
5.9749 | 0.0667 | -0.0000 | 1.0688 | -0.0769 | -0.0000 | 3.4781 | -0.0481 | -0.0000 | 3.5655 | 0.0379 | 0.0000 | 
6.0517 | 0.0672 | -0.0000 | 1.0824 | -0.0775 | -0.0000 | 3.5228 | -0.0486 | -0.0000 | 3.6114 | 0.0384 | 0.0000 | 
6.1286 | 0.0677 | -0.0000 | 1.0961 | -0.0780 | -0.0000 | 3.5675 | -0.0492 | -0.0000 | 3.6572 | 0.0389 | 0.0000 | 
6.2054 | 0.0682 | -0.0000 | 1.1097 | -0.0786 | -0.0000 | 3.6122 | -0.0498 | -0.0000 | 3.7030 | 0.0394 | 0.0000 | 
6.2823 | 0.0687 | -0.0000 | 1.1233 | -0.0791 | -0.0000 | 3.6569 | -0.0503 | -0.0000 | 3.7488 | 0.0399 | 0.0000 | 
6.3592 | 0.0692 | -0.0000 | 1.1370 | -0.0797 | -0.0000 | 3.7016 | -0.0509 | -0.0000 | 3.7946 | 0.0404 | 0.0000 | 
6.4361 | 0.0697 | -0.0000 | 1.1507 | -0.0802 | -0.0000 | 3.7463 | -0.0514 | -0.0000 | 3.8404 | 0.0410 | 0.0000 | 
6.5129 | 0.0702 | -0.0000 | 1.1643 | -0.0807 | -0.0000 | 3.7910 | -0.0520 | -0.0000 | 3.8863 | 0.0415 | 0.0000 | 
6.5898 | 0.0707 | -0.0000 | 1.1780 | -0.0812 | -0.0000 | 3.8357 | -0.0525 | -0.0000 | 3.9321 | 0.0420 | 0.0000 | 
6.6667 | 0.0712 | -0.0000 | 1.1916 | -0.0817 | -0.0000 | 3.8804 | -0.0531 | -0.0000 | 3.9779 | 0.0425 | 0.0000 | 
6.7436 | 0.0716 | -0.0000 | 1.2053 | -0.0822 | -0.0000 | 3.9251 | -0.0536 | -0.0000 | 4.0237 | 0.0430 | 0.0000 | 
6.8204 | 0.0721 | -0.0000 | 1.2189 | -0.0828 | -0.0000 | 3.9698 | -0.0542 | -0.0000 | 4.0695 | 0.0435 | 0.0000 | 
6.8973 | 0.0726 | -0.0000 | 1.2325 | -0.0833 | -0.0000 | 4.0145 | -0.0547 | -0.0000 | 4.1153 | 0.0440 | 0.0000 | 
6.9742 | 0.0731 | -0.0000 | 1.2462 | -0.0838 | -0.0000 | 4.0592 | -0.0553 | -0.0000 | 4.1611 | 0.0445 | 0.0000 | 
7.0510 | 0.0735 | -0.0000 | 1.2598 | -0.0843 | -0.0000 | 4.1039 | -0.0558 | -0.0000 | 4.2069 | 0.0451 | 0.0000 | 
7.1279 | 0.0740 | -0.0000 | 1.2734 | -0.0848 | -0.0000 | 4.1486 | -0.0563 | -0.0000 | 4.2528 | 0.0456 | 0.0000 | 
7.2048 | 0.0745 | -0.0000 | 1.2871 | -0.0852 | -0.0000 | 4.1933 | -0.0569 | -0.0000 | 4.2986 | 0.0461 | 0.0000 | 
7.2817 | 0.0750 | -0.0000 | 1.3007 | -0.0857 | -0.0000 | 4.2380 | -0.0574 | -0.0000 | 4.3444 | 0.0467 | 0.0000 | 
7.3586 | 0.0754 | -0.0000 | 1.3143 | -0.0862 | -0.0000 | 4.2827 | -0.0579 | -0.0000 | 4.3902 | 0.0472 | 0.0000 | 
7.4355 | 0.0759 | -0.0000 | 1.3279 | -0.0866 | -0.0000 | 4.3274 | -0.0585 | -0.0000 | 4.4360 | 0.0477 | 0.0000 | 
7.5123 | 0.0763 | -0.0000 | 1.3416 | -0.0871 | -0.0000 | 4.3721 | -0.0590 | -0.0000 | 4.4818 | 0.0482 | 0.0000 | 
7.5892 | 0.0767 | -0.0000 | 1.3552 | -0.0875 | -0.0000 | 4.4168 | -0.0595 | -0.0000 | 4.5276 | 0.0487 | 0.0000 | 
7.6661 | 0.0772 | -0.0000 | 1.3688 | -0.0880 | -0.0000 | 4.4615 | -0.0601 | -0.0000 | 4.5734 | 0.0493 | 0.0000 | 
7.7430 | 0.0776 | -0.0000 | 1.3824 | -0.0884 | -0.0000 | 4.5062 | -0.0606 | -0.0000 | 4.6192 | 0.0498 | 0.0000 | 
7.8199 | 0.0780 | -0.0000 | 1.3960 | -0.0889 | -0.0000 | 4.5509 | -0.0612 | -0.0000 | 4.6650 | 0.0503 | 0.0000 | 
7.8968 | 0.0784 | -0.0000 | 1.4096 | -0.0893 | -0.0000 | 4.5956 | -0.0617 | -0.0000 | 4.7108 | 0.0508 | 0.0000 | 
7.9738 | 0.0788 | -0.0000 | 1.4232 | -0.0898 | -0.0000 | 4.6404 | -0.0622 | -0.0000 | 4.7566 | 0.0513 | 0.0000 | 
8.0507 | 0.0793 | -0.0000 | 1.4369 | -0.0902 | -0.0000 | 4.6851 | -0.0628 | -0.0000 | 4.8025 | 0.0518 | 0.0000 | 
8.1276 | 0.0797 | -0.0000 | 1.4505 | -0.0906 | -0.0000 | 4.7298 | -0.0633 | -0.0000 | 4.8483 | 0.0523 | 0.0000 | 
8.2045 | 0.0801 | -0.0000 | 1.4641 | -0.0911 | -0.0000 | 4.7745 | -0.0639 | -0.0000 | 4.8941 | 0.0529 | 0.0000 | 
8.2814 | 0.0805 | -0.0000 | 1.4777 | -0.0915 | -0.0000 | 4.8192 | -0.0644 | -0.0000 | 4.9399 | 0.0534 | 0.0000 | 
8.3583 | 0.0809 | -0.0000 | 1.4913 | -0.0919 | -0.0000 | 4.8639 | -0.0649 | -0.0000 | 4.9857 | 0.0539 | 0.0000 | 
8.4352 | 0.0813 | -0.0000 | 1.5049 | -0.0923 | -0.0000 | 4.9086 | -0.0655 | -0.0000 | 5.0315 | 0.0544 | 0.0000 | 
8.5121 | 0.0816 | -0.0000 | 1.5185 | -0.0928 | -0.0000 | 4.9533 | -0.0660 | -0.0000 | 5.0773 | 0.0549 | 0.0000 | 
8.5891 | 0.0820 | -0.0000 | 1.5321 | -0.0932 | -0.0000 | 4.9980 | -0.0666 | -0.0000 | 5.1231 | 0.0554 | 0.0000 | 
8.6660 | 0.0824 | -0.0000 | 1.5456 | -0.0936 | -0.0000 | 5.0427 | -0.0671 | -0.0000 | 5.1689 | 0.0559 | 0.0000 | 
8.7429 | 0.0828 | -0.0000 | 1.5592 | -0.0940 | -0.0000 | 5.0874 | -0.0676 | -0.0000 | 5.2147 | 0.0564 | 0.0000 | 
8.8199 | 0.0832 | -0.0000 | 1.5728 | -0.0944 | -0.0000 | 5.1321 | -0.0682 | -0.0000 | 5.2605 | 0.0570 | 0.0000 | 
8.8968 | 0.0836 | -0.0000 | 1.5864 | -0.0948 | -0.0000 | 5.1769 | -0.0687 | -0.0000 | 5.3063 | 0.0575 | 0.0000 | 
8.9737 | 0.0840 | -0.0000 | 1.6000 | -0.0952 | -0.0000 | 5.2216 | -0.0692 | -0.0000 | 5.3521 | 0.0580 | 0.0000 | 
9.0506 | 0.0844 | -0.0000 | 1.6136 | -0.0956 | -0.0000 | 5.2663 | -0.0698 | -0.0000 | 5.3979 | 0.0585 | 0.0000 | 
9.1276 | 0.0848 | -0.0000 | 1.6271 | -0.0960 | -0.0000 | 5.3110 | -0.0703 | -0.0000 | 5.4437 | 0.0590 | 0.0000 | 
9.2045 | 0.0851 | -0.0000 | 1.6407 | -0.0964 | -0.0000 | 5.3557 | -0.0708 | -0.0000 | 5.4895 | 0.0595 | 0.0000 | 
9.2815 | 0.0855 | -0.0000 | 1.6543 | -0.0968 | -0.0000 | 5.4004 | -0.0714 | -0.0000 | 5.5353 | 0.0601 | 0.0000 | 
9.3584 | 0.0859 | -0.0000 | 1.6678 | -0.0972 | -0.0000 | 5.4451 | -0.0719 | -0.0000 | 5.5811 | 0.0606 | 0.0000 | 
9.4354 | 0.0862 | -0.0000 | 1.6814 | -0.0976 | -0.0000 | 5.4898 | -0.0724 | -0.0000 | 5.6269 | 0.0611 | 0.0000 | 
9.5123 | 0.0866 | -0.0000 | 1.6950 | -0.0980 | -0.0000 | 5.5345 | -0.0730 | -0.0000 | 5.6727 | 0.0616 | 0.0000 | 
9.5893 | 0.0870 | -0.0000 | 1.7085 | -0.0983 | -0.0000 | 5.5792 | -0.0735 | -0.0000 | 5.7185 | 0.0621 | 0.0000 | 
9.6662 | 0.0873 | -0.0000 | 1.7221 | -0.0987 | -0.0000 | 5.6239 | -0.0740 | -0.0000 | 5.7643 | 0.0626 | 0.0000 | 
9.7432 | 0.0877 | -0.0000 | 1.7356 | -0.0991 | -0.0000 | 5.6686 | -0.0745 | -0.0000 | 5.8102 | 0.0632 | 0.0000 | 
9.8202 | 0.0880 | -0.0000 | 1.7492 | -0.0994 | -0.0000 | 5.7134 | -0.0751 | -0.0000 | 5.8560 | 0.0637 | 0.0000 | 
9.8971 | 0.0884 | -0.0000 | 1.7627 | -0.0998 | -0.0000 | 5.7581 | -0.0756 | -0.0000 | 5.9018 | 0.0642 | 0.0000 | 
9.9741 | 0.0887 | -0.0000 | 1.7763 | -0.1002 | -0.0000 | 5.8028 | -0.0761 | -0.0000 | 5.9476 | 0.0647 | 0.0000 | 
10.0511 | 0.0891 | -0.0000 | 1.7898 | -0.1005 | -0.0000 | 5.8475 | -0.0767 | -0.0000 | 5.9934 | 0.0652 | 0.0000 | 
10.1281 | 0.0894 | -0.0000 | 1.8034 | -0.1009 | -0.0000 | 5.8922 | -0.0772 | -0.0000 | 6.0392 | 0.0657 | 0.0000 | 
10.2050 | 0.0897 | -0.0000 | 1.8169 | -0.1013 | -0.0000 | 5.9369 | -0.0777 | -0.0000 | 6.0850 | 0.0662 | 0.0000 | 
10.2820 | 0.0901 | -0.0000 | 1.8304 | -0.1016 | -0.0000 | 5.9817 | -0.0783 | -0.0000 | 6.1308 | 0.0667 | 0.0000 | 
10.3590 | 0.0904 | -0.0000 | 1.8440 | -0.1020 | -0.0000 | 6.0264 | -0.0788 | -0.0000 | 6.1766 | 0.0672 | 0.0000 | 
10.4360 | 0.0907 | -0.0000 | 1.8575 | -0.1023 | -0.0000 | 6.0711 | -0.0793 | -0.0000 | 6.2224 | 0.0677 | 0.0000 | 
10.5130 | 0.0911 | -0.0000 | 1.8710 | -0.1027 | -0.0000 | 6.1158 | -0.0799 | -0.0000 | 6.2682 | 0.0682 | 0.0000 | 
10.5899 | 0.0914 | -0.0000 | 1.8845 | -0.1030 | -0.0000 | 6.1605 | -0.0804 | -0.0000 | 6.3140 | 0.0687 | 0.0000 | 
10.6669 | 0.0917 | -0.0000 | 1.8981 | -0.1034 | -0.0000 | 6.2052 | -0.0809 | -0.0000 | 6.3598 | 0.0693 | 0.0000 | 
10.7439 | 0.0920 | -0.0000 | 1.9116 | -0.1037 | -0.0000 | 6.2499 | -0.0814 | -0.0000 | 6.4056 | 0.0698 | 0.0000 | 
10.8209 | 0.0924 | -0.0000 | 1.9251 | -0.1040 | -0.0000 | 6.2946 | -0.0819 | -0.0000 | 6.4514 | 0.0703 | 0.0000 | 
10.8979 | 0.0927 | -0.0000 | 1.9386 | -0.1044 | -0.0000 | 6.3394 | -0.0825 | -0.0000 | 6.4972 | 0.0708 | 0.0000 | 
10.9750 | 0.0930 | -0.0000 | 1.9521 | -0.1047 | -0.0000 | 6.3841 | -0.0830 | -0.0000 | 6.5430 | 0.0713 | 0.0000 | 
11.0520 | 0.0933 | -0.0000 | 1.9656 | -0.1050 | -0.0000 | 6.4288 | -0.0835 | -0.0000 | 6.5888 | 0.0718 | 0.0000 | 
11.1290 | 0.0936 | -0.0000 | 1.9791 | -0.1054 | -0.0000 | 6.4735 | -0.0841 | -0.0000 | 6.6346 | 0.0723 | 0.0000 | 
11.2060 | 0.0939 | -0.0000 | 1.9926 | -0.1057 | -0.0000 | 6.5182 | -0.0846 | -0.0000 | 6.6804 | 0.0728 | 0.0000 | 
11.2830 | 0.0942 | -0.0000 | 2.0061 | -0.1060 | -0.0000 | 6.5629 | -0.0851 | -0.0000 | 6.7262 | 0.0733 | 0.0000 | 
11.3600 | 0.0946 | -0.0000 | 2.0196 | -0.1064 | -0.0000 | 6.6076 | -0.0856 | -0.0000 | 6.7720 | 0.0738 | 0.0000 | 
11.4370 | 0.0949 | -0.0000 | 2.0331 | -0.1067 | -0.0000 | 6.6524 | -0.0862 | -0.0000 | 6.8178 | 0.0744 | 0.0000 | 
11.5141 | 0.0952 | -0.0000 | 2.0466 | -0.1070 | -0.0000 | 6.6971 | -0.0867 | -0.0000 | 6.8636 | 0.0749 | 0.0000 | 
11.5911 | 0.0955 | -0.0000 | 2.0601 | -0.1073 | -0.0000 | 6.7418 | -0.0872 | -0.0000 | 6.9094 | 0.0754 | 0.0000 | 
11.6681 | 0.0958 | -0.0000 | 2.0735 | -0.1076 | -0.0000 | 6.7865 | -0.0877 | -0.0000 | 6.9552 | 0.0759 | 0.0000 | 
11.7452 | 0.0961 | -0.0000 | 2.0870 | -0.1080 | -0.0000 | 6.8312 | -0.0882 | -0.0000 | 7.0010 | 0.0764 | 0.0000 | 
11.8222 | 0.0964 | -0.0000 | 2.1005 | -0.1083 | -0.0000 | 6.8759 | -0.0888 | -0.0000 | 7.0468 | 0.0769 | 0.0000 | 
11.8992 | 0.0967 | -0.0000 | 2.1140 | -0.1086 | -0.0000 | 6.9206 | -0.0893 | -0.0000 | 7.0926 | 0.0774 | 0.0000 | 
11.9763 | 0.0970 | -0.0000 | 2.1274 | -0.1089 | -0.0000 | 6.9654 | -0.0898 | -0.0000 | 7.1384 | 0.0779 | 0.0000 | 
12.0533 | 0.0973 | -0.0000 | 2.1409 | -0.1092 | -0.0000 | 7.0101 | -0.0903 | -0.0000 | 7.1842 | 0.0784 | 0.0000 | 
12.1304 | 0.0976 | -0.0000 | 2.1544 | -0.1095 | -0.0000 | 7.0548 | -0.0908 | -0.0000 | 7.2300 | 0.0789 | 0.0000 | 
12.2075 | 0.0979 | -0.0000 | 2.1678 | -0.1098 | -0.0000 | 7.0995 | -0.0914 | -0.0000 | 7.2757 | 0.0794 | 0.0000 | 
12.2845 | 0.0982 | -0.0000 | 2.1813 | -0.1101 | -0.0000 | 7.1442 | -0.0919 | -0.0000 | 7.3215 | 0.0799 | 0.0000 | 
12.3616 | 0.0985 | -0.0000 | 2.1947 | -0.1104 | -0.0000 | 7.1890 | -0.0924 | -0.0000 | 7.3673 | 0.0805 | 0.0000 | 
12.4386 | 0.0987 | -0.0000 | 2.2082 | -0.1107 | -0.0000 | 7.2337 | -0.0929 | -0.0000 | 7.4131 | 0.0810 | 0.0000 | 
12.5157 | 0.0990 | -0.0000 | 2.2216 | -0.1110 | -0.0000 | 7.2784 | -0.0934 | -0.0000 | 7.4589 | 0.0815 | 0.0000 | 
12.5928 | 0.0993 | -0.0000 | 2.2351 | -0.1113 | -0.0000 | 7.3231 | -0.0940 | -0.0000 | 7.5047 | 0.0820 | 0.0000 | 
12.6698 | 0.0996 | -0.0000 | 2.2485 | -0.1116 | -0.0000 | 7.3678 | -0.0945 | -0.0000 | 7.5505 | 0.0825 | 0.0000 | 
12.7469 | 0.0999 | -0.0000 | 2.2619 | -0.1119 | -0.0000 | 7.4125 | -0.0950 | -0.0000 | 7.5963 | 0.0830 | 0.0000 | 
12.8240 | 0.1001 | -0.0000 | 2.2754 | -0.1122 | -0.0000 | 7.4573 | -0.0955 | -0.0000 | 7.6421 | 0.0835 | 0.0000 | 
12.9011 | 0.1004 | -0.0000 | 2.2888 | -0.1125 | -0.0000 | 7.5020 | -0.0961 | -0.0000 | 7.6879 | 0.0840 | 0.0000 | 
12.9782 | 0.1007 | -0.0000 | 2.3022 | -0.1128 | -0.0000 | 7.5467 | -0.0966 | -0.0000 | 7.7337 | 0.0845 | 0.0000 | 
13.0553 | 0.1009 | -0.0000 | 2.3157 | -0.1131 | -0.0000 | 7.5914 | -0.0971 | -0.0000 | 7.7795 | 0.0850 | 0.0000 | 
13.1324 | 0.1012 | -0.0000 | 2.3291 | -0.1133 | -0.0000 | 7.6361 | -0.0976 | -0.0000 | 7.8253 | 0.0855 | 0.0000 | 
13.2095 | 0.1015 | -0.0000 | 2.3425 | -0.1136 | -0.0000 | 7.6809 | -0.0981 | -0.0000 | 7.8711 | 0.0860 | 0.0000 | 
13.2865 | 0.1017 | -0.0000 | 2.3559 | -0.1139 | -0.0000 | 7.7256 | -0.0987 | -0.0000 | 7.9169 | 0.0865 | 0.0000 | 
13.3637 | 0.1020 | -0.0000 | 2.3693 | -0.1142 | -0.0000 | 7.7703 | -0.0992 | -0.0000 | 7.9627 | 0.0870 | 0.0000 | 
13.4408 | 0.1023 | -0.0000 | 2.3827 | -0.1145 | -0.0000 | 7.8150 | -0.0997 | -0.0000 | 8.0085 | 0.0875 | 0.0000 | 
13.5179 | 0.1025 | -0.0000 | 2.3961 | -0.1147 | -0.0000 | 7.8597 | -0.1002 | -0.0000 | 8.0543 | 0.0880 | 0.0000 | 
13.5950 | 0.1028 | -0.0000 | 2.4095 | -0.1150 | -0.0000 | 7.9044 | -0.1007 | -0.0000 | 8.1001 | 0.0885 | 0.0000 | 
13.6721 | 0.1031 | -0.0000 | 2.4229 | -0.1153 | -0.0000 | 7.9492 | -0.1012 | -0.0000 | 8.1459 | 0.0890 | 0.0000 | 
13.7492 | 0.1033 | -0.0000 | 2.4363 | -0.1156 | -0.0000 | 7.9939 | -0.1017 | -0.0000 | 8.1917 | 0.0895 | 0.0000 | 
13.8263 | 0.1036 | -0.0000 | 2.4497 | -0.1158 | -0.0000 | 8.0386 | -0.1023 | -0.0000 | 8.2375 | 0.0900 | 0.0000 | 
13.9035 | 0.1038 | -0.0000 | 2.4631 | -0.1161 | -0.0000 | 8.0833 | -0.1028 | -0.0000 | 8.2832 | 0.0905 | 0.0000 | 
13.9806 | 0.1041 | -0.0000 | 2.4765 | -0.1164 | -0.0000 | 8.1280 | -0.1033 | -0.0000 | 8.3290 | 0.0910 | 0.0000 | 
14.0577 | 0.1043 | -0.0000 | 2.4899 | -0.1166 | -0.0000 | 8.1728 | -0.1038 | -0.0000 | 8.3748 | 0.0915 | 0.0000 | 
14.1349 | 0.1046 | -0.0000 | 2.5033 | -0.1169 | -0.0000 | 8.2175 | -0.1043 | -0.0000 | 8.4206 | 0.0920 | 0.0000 | 
14.2120 | 0.1048 | -0.0000 | 2.5166 | -0.1171 | -0.0000 | 8.2622 | -0.1048 | -0.0000 | 8.4664 | 0.0925 | 0.0000 | 
14.2891 | 0.1051 | -0.0000 | 2.5300 | -0.1174 | -0.0000 | 8.3069 | -0.1054 | -0.0000 | 8.5122 | 0.0930 | 0.0000 | 
14.3663 | 0.1053 | -0.0000 | 2.5434 | -0.1177 | -0.0000 | 8.3516 | -0.1059 | -0.0000 | 8.5580 | 0.0935 | 0.0000 | 
14.4434 | 0.1056 | -0.0000 | 2.5567 | -0.1179 | -0.0000 | 8.3964 | -0.1064 | -0.0000 | 8.6038 | 0.0940 | 0.0000 | 
14.5206 | 0.1058 | -0.0000 | 2.5701 | -0.1182 | -0.0000 | 8.4411 | -0.1069 | -0.0000 | 8.6496 | 0.0945 | 0.0000 | 
14.5977 | 0.1061 | -0.0000 | 2.5834 | -0.1184 | -0.0000 | 8.4858 | -0.1074 | -0.0000 | 8.6954 | 0.0950 | 0.0000 | 
14.6749 | 0.1063 | -0.0000 | 2.5968 | -0.1187 | -0.0000 | 8.5305 | -0.1079 | -0.0000 | 8.7412 | 0.0955 | 0.0000 | 
14.7521 | 0.1065 | -0.0000 | 2.6101 | -0.1189 | -0.0000 | 8.5752 | -0.1084 | -0.0000 | 8.7870 | 0.0960 | 0.0000 | 
14.8292 | 0.1068 | -0.0000 | 2.6235 | -0.1192 | -0.0000 | 8.6200 | -0.1089 | -0.0000 | 8.8328 | 0.0965 | 0.0000 | 
14.9064 | 0.1070 | -0.0000 | 2.6368 | -0.1195 | -0.0000 | 8.6647 | -0.1095 | -0.0000 | 8.8786 | 0.0970 | 0.0000 | 
14.9836 | 0.1073 | -0.0000 | 2.6502 | -0.1197 | -0.0000 | 8.7094 | -0.1100 | -0.0000 | 8.9243 | 0.0975 | 0.0000 | 
15.0608 | 0.1075 | -0.0000 | 2.6635 | -0.1199 | -0.0000 | 8.7541 | -0.1105 | -0.0000 | 8.9701 | 0.0980 | 0.0000 | 
15.1379 | 0.1078 | -0.0000 | 2.6768 | -0.1202 | -0.0000 | 8.7989 | -0.1110 | -0.0000 | 9.0159 | 0.0985 | 0.0000 | 
15.2151 | 0.1080 | -0.0000 | 2.6902 | -0.1204 | -0.0000 | 8.8436 | -0.1115 | -0.0000 | 9.0617 | 0.0990 | 0.0000 | 
15.2923 | 0.1082 | -0.0000 | 2.7035 | -0.1207 | -0.0000 | 8.8883 | -0.1120 | -0.0000 | 9.1075 | 0.0995 | 0.0000 | 
15.3695 | 0.1085 | -0.0000 | 2.7168 | -0.1209 | -0.0000 | 8.9330 | -0.1125 | -0.0000 | 9.1533 | 0.1000 | 0.0000 | 
15.4467 | 0.1087 | -0.0000 | 2.7301 | -0.1212 | -0.0000 | 8.9777 | -0.1130 | -0.0000 | 9.1991 | 0.1005 | 0.0000 | 
15.5239 | 0.1089 | -0.0000 | 2.7435 | -0.1214 | -0.0000 | 9.0225 | -0.1135 | -0.0000 | 9.2449 | 0.1010 | 0.0000 | 
15.6011 | 0.1092 | -0.0000 | 2.7568 | -0.1217 | -0.0000 | 9.0672 | -0.1140 | -0.0000 | 9.2907 | 0.1015 | 0.0000 | 
15.6783 | 0.1094 | -0.0000 | 2.7701 | -0.1219 | -0.0000 | 9.1119 | -0.1146 | -0.0000 | 9.3365 | 0.1020 | 0.0000 | 
15.7555 | 0.1096 | -0.0000 | 2.7834 | -0.1221 | -0.0000 | 9.1566 | -0.1151 | -0.0000 | 9.3823 | 0.1025 | 0.0000 | 
15.8327 | 0.1098 | -0.0000 | 2.7967 | -0.1224 | -0.0000 | 9.2014 | -0.1156 | -0.0000 | 9.4281 | 0.1030 | 0.0000 | 
15.9099 | 0.1101 | -0.0000 | 2.8100 | -0.1226 | -0.0000 | 9.2461 | -0.1161 | -0.0000 | 9.4738 | 0.1035 | 0.0000 | 
15.9871 | 0.1103 | -0.0000 | 2.8233 | -0.1228 | -0.0000 | 9.2908 | -0.1166 | -0.0000 | 9.5196 | 0.1040 | 0.0000 | 
16.0644 | 0.1105 | -0.0000 | 2.8366 | -0.1231 | -0.0000 | 9.3355 | -0.1171 | -0.0000 | 9.5654 | 0.1045 | 0.0000 | 
16.1416 | 0.1107 | -0.0000 | 2.8499 | -0.1233 | -0.0000 | 9.3802 | -0.1176 | -0.0000 | 9.6112 | 0.1050 | 0.0000 | 
16.2188 | 0.1110 | -0.0000 | 2.8632 | -0.1235 | -0.0000 | 9.4250 | -0.1181 | -0.0000 | 9.6570 | 0.1055 | 0.0000 | 
16.2960 | 0.1112 | -0.0000 | 2.8764 | -0.1238 | -0.0000 | 9.4697 | -0.1186 | -0.0000 | 9.7028 | 0.1060 | 0.0000 | 
16.3733 | 0.1114 | -0.0000 | 2.8897 | -0.1240 | -0.0000 | 9.5144 | -0.1191 | -0.0000 | 9.7486 | 0.1065 | 0.0000 | 
16.4505 | 0.1116 | -0.0000 | 2.9030 | -0.1242 | -0.0000 | 9.5591 | -0.1196 | -0.0000 | 9.7944 | 0.1070 | 0.0000 | 
16.5278 | 0.1118 | -0.0000 | 2.9163 | -0.1245 | -0.0000 | 9.6039 | -0.1201 | -0.0000 | 9.8402 | 0.1075 | 0.0000 | 
16.6050 | 0.1120 | -0.0000 | 2.9295 | -0.1247 | -0.0000 | 9.6486 | -0.1207 | -0.0000 | 9.8859 | 0.1080 | 0.0000 | 
16.6823 | 0.1123 | -0.0000 | 2.9428 | -0.1249 | -0.0000 | 9.6933 | -0.1212 | -0.0000 | 9.9317 | 0.1085 | 0.0000 | 
16.7595 | 0.1125 | -0.0000 | 2.9560 | -0.1252 | -0.0000 | 9.7380 | -0.1217 | -0.0000 | 9.9775 | 0.1090 | 0.0000 | 
16.8368 | 0.1127 | -0.0000 | 2.9693 | -0.1254 | -0.0000 | 9.7828 | -0.1222 | -0.0000 | 10.0233 | 0.1095 | 0.0000 | 
16.9140 | 0.1129 | -0.0000 | 2.9825 | -0.1256 | -0.0000 | 9.8275 | -0.1227 | -0.0000 | 10.0691 | 0.1100 | 0.0000 | 
16.9913 | 0.1131 | -0.0000 | 2.9958 | -0.1258 | -0.0000 | 9.8722 | -0.1232 | -0.0000 | 10.1149 | 0.1105 | 0.0000 | 
17.0686 | 0.1133 | -0.0000 | 3.0090 | -0.1261 | -0.0000 | 9.9169 | -0.1237 | -0.0000 | 10.1607 | 0.1110 | 0.0000 | 
17.1458 | 0.1135 | -0.0000 | 3.0223 | -0.1263 | -0.0000 | 9.9617 | -0.1242 | -0.0000 | 10.2065 | 0.1115 | 0.0000 | 
17.2231 | 0.1137 | -0.0000 | 3.0355 | -0.1265 | -0.0000 | 10.0064 | -0.1247 | -0.0000 | 10.2523 | 0.1120 | 0.0000 | 
17.3004 | 0.1140 | -0.0000 | 3.0488 | -0.1267 | -0.0000 | 10.0511 | -0.1252 | -0.0000 | 10.2981 | 0.1125 | 0.0000 | 
17.3777 | 0.1142 | -0.0000 | 3.0620 | -0.1269 | -0.0000 | 10.0958 | -0.1257 | -0.0000 | 10.3438 | 0.1129 | 0.0000 | 
17.4550 | 0.1144 | -0.0000 | 3.0752 | -0.1271 | -0.0000 | 10.1406 | -0.1262 | -0.0000 | 10.3896 | 0.1134 | 0.0000 | 
17.5323 | 0.1146 | -0.0000 | 3.0884 | -0.1274 | -0.0000 | 10.1853 | -0.1267 | -0.0000 | 10.4354 | 0.1139 | 0.0000 | 
17.6096 | 0.1148 | -0.0000 | 3.1017 | -0.1276 | -0.0000 | 10.2300 | -0.1272 | -0.0000 | 10.4812 | 0.1144 | 0.0000 | 
17.6869 | 0.1150 | -0.0000 | 3.1149 | -0.1278 | -0.0000 | 10.2747 | -0.1277 | -0.0000 | 10.5270 | 0.1149 | 0.0000 | 
17.7642 | 0.1152 | -0.0000 | 3.1281 | -0.1280 | -0.0000 | 10.3195 | -0.1282 | -0.0000 | 10.5728 | 0.1154 | 0.0000 | 
17.8415 | 0.1154 | -0.0000 | 3.1413 | -0.1282 | -0.0000 | 10.3642 | -0.1287 | -0.0000 | 10.6186 | 0.1159 | 0.0000 | 
17.9188 | 0.1156 | -0.0000 | 3.1545 | -0.1284 | -0.0000 | 10.4089 | -0.1292 | -0.0000 | 10.6644 | 0.1164 | 0.0000 | 
17.9961 | 0.1158 | -0.0000 | 3.1677 | -0.1286 | -0.0000 | 10.4536 | -0.1297 | -0.0000 | 10.7101 | 0.1169 | 0.0000 | 
18.0734 | 0.1160 | -0.0000 | 3.1809 | -0.1288 | -0.0000 | 10.4984 | -0.1302 | -0.0000 | 10.7559 | 0.1174 | 0.0000 | 
18.1507 | 0.1162 | -0.0000 | 3.1941 | -0.1290 | -0.0000 | 10.5431 | -0.1307 | -0.0000 | 10.8017 | 0.1179 | 0.0000 | 
18.2280 | 0.1164 | -0.0000 | 3.2073 | -0.1292 | -0.0000 | 10.5878 | -0.1312 | -0.0000 | 10.8475 | 0.1184 | 0.0000 | 
18.3054 | 0.1166 | -0.0000 | 3.2205 | -0.1294 | -0.0000 | 10.6325 | -0.1317 | -0.0000 | 10.8933 | 0.1189 | 0.0000 | 
18.3827 | 0.1168 | -0.0000 | 3.2336 | -0.1296 | -0.0000 | 10.6773 | -0.1323 | -0.0000 | 10.9391 | 0.1194 | 0.0000 | 
18.4600 | 0.1169 | -0.0000 | 3.2468 | -0.1299 | -0.0000 | 10.7220 | -0.1328 | -0.0000 | 10.9849 | 0.1198 | 0.0000 | 
18.5374 | 0.1171 | -0.0000 | 3.2600 | -0.1301 | -0.0000 | 10.7667 | -0.1333 | -0.0000 | 11.0307 | 0.1203 | 0.0000 | 
18.6147 | 0.1173 | -0.0000 | 3.2732 | -0.1303 | -0.0000 | 10.8114 | -0.1338 | -0.0000 | 11.0764 | 0.1208 | 0.0000 | 
18.6921 | 0.1175 | -0.0000 | 3.2863 | -0.1305 | -0.0000 | 10.8562 | -0.1343 | -0.0000 | 11.1222 | 0.1213 | 0.0000 | 
18.7694 | 0.1177 | -0.0000 | 3.2995 | -0.1307 | -0.0000 | 10.9009 | -0.1348 | -0.0000 | 11.1680 | 0.1218 | 0.0000 | 
18.8468 | 0.1179 | -0.0000 | 3.3126 | -0.1308 | -0.0000 | 10.9456 | -0.1353 | -0.0000 | 11.2138 | 0.1223 | 0.0000 | 
18.9241 | 0.1181 | -0.0000 | 3.3258 | -0.1310 | -0.0000 | 10.9903 | -0.1358 | -0.0000 | 11.2596 | 0.1228 | 0.0000 | 
19.0015 | 0.1183 | -0.0000 | 3.3389 | -0.1312 | -0.0000 | 11.0351 | -0.1363 | -0.0000 | 11.3054 | 0.1233 | 0.0000 | 
19.0789 | 0.1184 | -0.0000 | 3.3521 | -0.1314 | -0.0000 | 11.0798 | -0.1368 | -0.0000 | 11.3512 | 0.1238 | 0.0000 | 
19.1562 | 0.1186 | -0.0000 | 3.3652 | -0.1316 | -0.0000 | 11.1245 | -0.1373 | -0.0000 | 11.3969 | 0.1243 | 0.0000 | 
19.2336 | 0.1188 | -0.0000 | 3.3784 | -0.1318 | -0.0000 | 11.1693 | -0.1378 | -0.0000 | 11.4427 | 0.1248 | 0.0000 | 
19.3110 | 0.1190 | -0.0000 | 3.3915 | -0.1320 | -0.0000 | 11.2140 | -0.1383 | -0.0000 | 11.4885 | 0.1252 | 0.0000 | 
19.3884 | 0.1192 | -0.0000 | 3.4046 | -0.1322 | -0.0000 | 11.2587 | -0.1388 | -0.0000 | 11.5343 | 0.1257 | 0.0000 | 
19.4657 | 0.1193 | -0.0000 | 3.4178 | -0.1324 | -0.0000 | 11.3034 | -0.1392 | -0.0000 | 11.5801 | 0.1262 | 0.0000 | 
19.5431 | 0.1195 | -0.0000 | 3.4309 | -0.1325 | -0.0000 | 11.3482 | -0.1397 | -0.0000 | 11.6259 | 0.1267 | 0.0000 | 
19.6205 | 0.1197 | -0.0000 | 3.4440 | -0.1327 | -0.0000 | 11.3929 | -0.1402 | -0.0000 | 11.6717 | 0.1272 | 0.0000 | 
19.6979 | 0.1199 | -0.0000 | 3.4571 | -0.1329 | -0.0000 | 11.4376 | -0.1407 | -0.0000 | 11.7174 | 0.1277 | 0.0000 | 
19.7753 | 0.1201 | -0.0000 | 3.4702 | -0.1331 | -0.0000 | 11.4823 | -0.1412 | -0.0000 | 11.7632 | 0.1282 | 0.0000 | 
19.8527 | 0.1202 | -0.0000 | 3.4834 | -0.1333 | -0.0000 | 11.5271 | -0.1417 | -0.0000 | 11.8090 | 0.1287 | 0.0000 | 
19.9301 | 0.1204 | -0.0000 | 3.4965 | -0.1335 | -0.0000 | 11.5718 | -0.1422 | -0.0000 | 11.8548 | 0.1292 | 0.0000 | 
20.0075 | 0.1206 | -0.0000 | 3.5096 | -0.1337 | -0.0000 | 11.6165 | -0.1427 | -0.0000 | 11.9006 | 0.1297 | 0.0000 | 
20.0850 | 0.1208 | -0.0000 | 3.5227 | -0.1338 | -0.0000 | 11.6613 | -0.1432 | -0.0000 | 11.9464 | 0.1301 | 0.0000 | 
20.1624 | 0.1209 | -0.0000 | 3.5358 | -0.1340 | -0.0000 | 11.7060 | -0.1437 | -0.0000 | 11.9921 | 0.1306 | 0.0000 | 
20.2398 | 0.1211 | -0.0000 | 3.5489 | -0.1342 | -0.0000 | 11.7507 | -0.1442 | -0.0000 | 12.0379 | 0.1311 | 0.0000 | 
20.3172 | 0.1213 | -0.0000 | 3.5619 | -0.1344 | -0.0000 | 11.7954 | -0.1447 | -0.0000 | 12.0837 | 0.1316 | 0.0000 | 
20.3946 | 0.1215 | -0.0000 | 3.5750 | -0.1346 | -0.0000 | 11.8402 | -0.1452 | -0.0000 | 12.1295 | 0.1321 | 0.0000 | 
20.4721 | 0.1217 | -0.0000 | 3.5881 | -0.1348 | -0.0000 | 11.8849 | -0.1457 | -0.0000 | 12.1753 | 0.1326 | 0.0000 | 
20.5495 | 0.1218 | -0.0000 | 3.6012 | -0.1349 | -0.0000 | 11.9296 | -0.1462 | -0.0000 | 12.2211 | 0.1331 | 0.0000 | 
20.6270 | 0.1220 | -0.0000 | 3.6142 | -0.1351 | -0.0000 | 11.9744 | -0.1467 | -0.0000 | 12.2669 | 0.1336 | 0.0000 | 
20.7044 | 0.1222 | -0.0000 | 3.6273 | -0.1353 | -0.0000 | 12.0191 | -0.1472 | -0.0000 | 12.3126 | 0.1341 | 0.0000 | 
20.7819 | 0.1223 | -0.0000 | 3.6404 | -0.1355 | -0.0000 | 12.0638 | -0.1477 | -0.0000 | 12.3584 | 0.1345 | 0.0000 | 
20.8593 | 0.1225 | -0.0000 | 3.6534 | -0.1356 | -0.0000 | 12.1085 | -0.1482 | -0.0000 | 12.4042 | 0.1350 | 0.0000 | 
20.9368 | 0.1227 | -0.0000 | 3.6665 | -0.1358 | -0.0000 | 12.1533 | -0.1486 | -0.0000 | 12.4500 | 0.1355 | 0.0000 | 
21.0142 | 0.1229 | -0.0000 | 3.6795 | -0.1360 | -0.0000 | 12.1980 | -0.1491 | -0.0000 | 12.4958 | 0.1360 | 0.0000 | 
21.0917 | 0.1230 | -0.0000 | 3.6926 | -0.1362 | -0.0000 | 12.2427 | -0.1496 | -0.0000 | 12.5416 | 0.1365 | 0.0000 | 
21.1692 | 0.1232 | -0.0000 | 3.7056 | -0.1363 | -0.0000 | 12.2875 | -0.1501 | -0.0000 | 12.5873 | 0.1370 | 0.0000 | 
21.2466 | 0.1234 | -0.0000 | 3.7187 | -0.1365 | -0.0000 | 12.3322 | -0.1506 | -0.0000 | 12.6331 | 0.1375 | 0.0000 | 
21.3241 | 0.1235 | -0.0000 | 3.7317 | -0.1367 | -0.0000 | 12.3769 | -0.1511 | -0.0000 | 12.6789 | 0.1379 | 0.0000 | 
21.4016 | 0.1237 | -0.0000 | 3.7447 | -0.1369 | -0.0000 | 12.4216 | -0.1516 | -0.0000 | 12.7247 | 0.1384 | 0.0000 | 
21.4791 | 0.1239 | -0.0000 | 3.7578 | -0.1370 | -0.0000 | 12.4664 | -0.1521 | -0.0000 | 12.7705 | 0.1389 | 0.0000 | 
21.5566 | 0.1240 | -0.0000 | 3.7708 | -0.1372 | -0.0000 | 12.5111 | -0.1526 | -0.0000 | 12.8163 | 0.1394 | 0.0000 | 
21.6341 | 0.1242 | -0.0000 | 3.7838 | -0.1374 | -0.0000 | 12.5558 | -0.1531 | -0.0000 | 12.8620 | 0.1399 | 0.0000 | 
21.7116 | 0.1244 | -0.0000 | 3.7968 | -0.1376 | -0.0000 | 12.6006 | -0.1536 | -0.0000 | 12.9078 | 0.1404 | 0.0000 | 
21.7891 | 0.1245 | -0.0000 | 3.8098 | -0.1377 | -0.0000 | 12.6453 | -0.1541 | -0.0000 | 12.9536 | 0.1409 | 0.0000 | 
21.8666 | 0.1247 | -0.0000 | 3.8228 | -0.1379 | -0.0000 | 12.6900 | -0.1546 | -0.0000 | 12.9994 | 0.1413 | 0.0000 | 
21.9441 | 0.1248 | -0.0000 | 3.8358 | -0.1381 | -0.0000 | 12.7348 | -0.1550 | -0.0000 | 13.0452 | 0.1418 | 0.0000 | 
22.0216 | 0.1250 | -0.0000 | 3.8488 | -0.1382 | -0.0000 | 12.7795 | -0.1555 | -0.0000 | 13.0910 | 0.1423 | 0.0000 | 
22.0991 | 0.1252 | -0.0000 | 3.8618 | -0.1384 | -0.0000 | 12.8242 | -0.1560 | -0.0000 | 13.1367 | 0.1428 | 0.0000 | 
22.1766 | 0.1253 | -0.0000 | 3.8748 | -0.1386 | -0.0000 | 12.8689 | -0.1565 | -0.0000 | 13.1825 | 0.1433 | 0.0000 | 
22.2542 | 0.1255 | -0.0000 | 3.8878 | -0.1387 | -0.0000 | 12.9137 | -0.1570 | -0.0000 | 13.2283 | 0.1438 | 0.0000 | 
22.3317 | 0.1256 | -0.0000 | 3.9008 | -0.1389 | -0.0000 | 12.9584 | -0.1575 | -0.0000 | 13.2741 | 0.1442 | 0.0000 | 
22.4092 | 0.1258 | -0.0000 | 3.9138 | -0.1391 | -0.0000 | 13.0031 | -0.1580 | -0.0000 | 13.3199 | 0.1447 | 0.0000 | 
22.4868 | 0.1260 | -0.0000 | 3.9267 | -0.1392 | -0.0000 | 13.0479 | -0.1585 | -0.0000 | 13.3656 | 0.1452 | 0.0000 | 
22.5643 | 0.1261 | -0.0000 | 3.9397 | -0.1394 | -0.0000 | 13.0926 | -0.1590 | -0.0000 | 13.4114 | 0.1457 | 0.0000 | 
22.6419 | 0.1263 | -0.0000 | 3.9527 | -0.1396 | -0.0000 | 13.1373 | -0.1595 | -0.0000 | 13.4572 | 0.1462 | 0.0000 | 
22.7194 | 0.1264 | -0.0000 | 3.9656 | -0.1397 | -0.0000 | 13.1821 | -0.1600 | -0.0000 | 13.5030 | 0.1466 | 0.0000 | 
22.7970 | 0.1266 | -0.0000 | 3.9786 | -0.1399 | -0.0000 | 13.2268 | -0.1604 | -0.0000 | 13.5488 | 0.1471 | 0.0000 | 
22.8745 | 0.1267 | -0.0000 | 3.9915 | -0.1401 | -0.0000 | 13.2715 | -0.1609 | -0.0000 | 13.5946 | 0.1476 | 0.0000 | 
22.9521 | 0.1269 | -0.0000 | 4.0045 | -0.1402 | -0.0000 | 13.3162 | -0.1614 | -0.0000 | 13.6403 | 0.1481 | 0.0000 | 
23.0297 | 0.1270 | -0.0000 | 4.0174 | -0.1404 | -0.0000 | 13.3610 | -0.1619 | -0.0000 | 13.6861 | 0.1486 | 0.0000 | 
23.1072 | 0.1272 | -0.0000 | 4.0304 | -0.1405 | -0.0000 | 13.4057 | -0.1624 | -0.0000 | 13.7319 | 0.1490 | 0.0000 | 
23.1848 | 0.1273 | -0.0000 | 4.0433 | -0.1407 | -0.0000 | 13.4504 | -0.1629 | -0.0000 | 13.7777 | 0.1495 | 0.0000 | 
23.2624 | 0.1275 | -0.0000 | 4.0563 | -0.1409 | -0.0000 | 13.4952 | -0.1634 | -0.0000 | 13.8235 | 0.1500 | 0.0000 | 
23.3400 | 0.1276 | -0.0000 | 4.0692 | -0.1410 | -0.0000 | 13.5399 | -0.1639 | -0.0000 | 13.8692 | 0.1505 | 0.0000 | 
23.4176 | 0.1278 | -0.0000 | 4.0821 | -0.1412 | -0.0000 | 13.5846 | -0.1644 | -0.0000 | 13.9150 | 0.1510 | 0.0000 | 
23.4951 | 0.1279 | -0.0000 | 4.0950 | -0.1413 | -0.0000 | 13.6294 | -0.1648 | -0.0000 | 13.9608 | 0.1514 | 0.0000 | 
23.5727 | 0.1281 | -0.0000 | 4.1079 | -0.1415 | -0.0000 | 13.6741 | -0.1653 | -0.0000 | 14.0066 | 0.1519 | 0.0000 | 
23.6503 | 0.1282 | -0.0000 | 4.1209 | -0.1416 | -0.0000 | 13.7188 | -0.1658 | -0.0000 | 14.0524 | 0.1524 | 0.0000 | 
23.7279 | 0.1284 | -0.0000 | 4.1338 | -0.1418 | -0.0000 | 13.7636 | -0.1663 | -0.0000 | 14.0982 | 0.1529 | 0.0000 | 
23.8056 | 0.1285 | -0.0000 | 4.1467 | -0.1419 | -0.0000 | 13.8083 | -0.1668 | -0.0001 | 14.1439 | 0.1534 | 0.0001 | 
23.8832 | 0.1287 | -0.0000 | 4.1596 | -0.1421 | -0.0000 | 13.8530 | -0.1673 | -0.0001 | 14.1897 | 0.1538 | 0.0001 | 
23.9608 | 0.1288 | -0.0000 | 4.1725 | -0.1422 | -0.0000 | 13.8978 | -0.1678 | -0.0001 | 14.2355 | 0.1543 | 0.0001 | 
24.0384 | 0.1290 | -0.0000 | 4.1853 | -0.1424 | -0.0000 | 13.9425 | -0.1682 | -0.0001 | 14.2813 | 0.1548 | 0.0001 | 
24.1160 | 0.1291 | -0.0000 | 4.1982 | -0.1425 | -0.0000 | 13.9872 | -0.1687 | -0.0001 | 14.3271 | 0.1553 | 0.0001 | 
24.1937 | 0.1292 | -0.0000 | 4.2111 | -0.1427 | -0.0000 | 14.0319 | -0.1692 | -0.0002 | 14.3728 | 0.1558 | 0.0002 | 
24.2713 | 0.1294 | -0.0000 | 4.2240 | -0.1428 | -0.0000 | 14.0767 | -0.1697 | -0.0002 | 14.4186 | 0.1562 | 0.0002 | 
24.3489 | 0.1295 | -0.0000 | 4.2369 | -0.1430 | -0.0000 | 14.1214 | -0.1702 | -0.0003 | 14.4644 | 0.1567 | 0.0003 | 
24.4266 | 0.1297 | -0.0000 | 4.2497 | -0.1431 | -0.0000 | 14.1661 | -0.1707 | -0.0003 | 14.5102 | 0.1572 | 0.0003 | 
24.5042 | 0.1298 | -0.0000 | 4.2626 | -0.1433 | -0.0000 | 14.2109 | -0.1712 | -0.0004 | 14.5560 | 0.1577 | 0.0004 | 
24.5819 | 0.1300 | -0.0000 | 4.2755 | -0.1434 | -0.0000 | 14.2556 | -0.1716 | -0.0005 | 14.6017 | 0.1582 | 0.0005 | 
24.6595 | 0.1301 | -0.0000 | 4.2883 | -0.1436 | -0.0000 | 14.3003 | -0.1721 | -0.0006 | 14.6475 | 0.1586 | 0.0006 | 
24.7372 | 0.1302 | -0.0000 | 4.3012 | -0.1437 | -0.0000 | 14.3451 | -0.1726 | -0.0007 | 14.6933 | 0.1591 | 0.0007 | 
24.8149 | 0.1304 | -0.0000 | 4.3140 | -0.1439 | -0.0000 | 14.3898 | -0.1731 | -0.0009 | 14.7391 | 0.1596 | 0.0009 | 
24.8925 | 0.1305 | -0.0000 | 4.3269 | -0.1440 | -0.0000 | 14.4345 | -0.1736 | -0.0012 | 14.7849 | 0.1601 | 0.0012 | 
24.9702 | 0.1306 | -0.0000 | 4.3397 | -0.1442 | -0.0000 | 14.4793 | -0.1741 | -0.0015 | 14.8306 | 0.1605 | 0.0015 | 
25.0479 | 0.1308 | -0.0000 | 4.3525 | -0.1443 | -0.0000 | 14.5240 | -0.1745 | -0.0018 | 14.8764 | 0.1610 | 0.0018 | 
25.1256 | 0.1309 | -0.0000 | 4.3654 | -0.1444 | -0.0000 | 14.5687 | -0.1750 | -0.0023 | 14.9222 | 0.1615 | 0.0023 | 
25.2033 | 0.1310 | -0.0000 | 4.3782 | -0.1446 | -0.0000 | 14.6135 | -0.1755 | -0.0029 | 14.9680 | 0.1620 | 0.0029 | 
25.2809 | 0.1311 | -0.0000 | 4.3910 | -0.1447 | -0.0000 | 14.6582 | -0.1760 | -0.0037 | 15.0138 | 0.1624 | 0.0037 | 
25.3586 | 0.1313 | -0.0000 | 4.4038 | -0.1449 | -0.0000 | 14.7029 | -0.1765 | -0.0046 | 15.0595 | 0.1629 | 0.0046 | 
25.4363 | 0.1314 | -0.0000 | 4.4166 | -0.1450 | -0.0000 | 14.7477 | -0.1770 | -0.0058 | 15.1053 | 0.1633 | 0.0058 | 
25.5140 | 0.1314 | -0.0000 | 4.4294 | -0.1452 | -0.0000 | 14.7924 | -0.1775 | -0.0073 | 15.1511 | 0.1638 | 0.0073 | 
25.5917 | 0.1315 | -0.0000 | 4.4422 | -0.1453 | -0.0000 | 14.8371 | -0.1781 | -0.0091 | 15.1969 | 0.1642 | 0.0091 | 
25.6695 | 0.1315 | -0.0001 | 4.4550 | -0.1455 | -0.0001 | 14.8819 | -0.1786 | -0.0112 | 15.2426 | 0.1646 | 0.0112 | 
25.7095 | 0.1315 | -0.0001 | 4.4616 | -0.1456 | -0.0001 | 14.9049 | -0.1789 | -0.0124 | 15.2662 | 0.1649 | 0.0124 | 
