Test angle: 45
Node_A_151 coordinates: initialX | initialY | initialZ 
75.0000 | 0.0000 | 0.0000 | 
Node_B_1051 coordinates: initialX | initialY | initialZ 
-75.0000 | 0.0000 | 0.0000 | 
Node_C_606 coordinates: initialX | initialY | initialZ 
0.0000 | 5.0000 | 0.0000 | 
Node_D_1256 coordinates: initialX | initialY | initialZ 
0.0000 | -5.0000 | 0.0000 | 
  UA1  |  UA2  |  UA3 | UB1 | UB2 | UB3 | UC1 | UC2 | UC3 | UD1 | UD2 | UD3 
0.0000 | 0.0000 | 0.0000 | 0.0000 | 0.0000 | 0.0000 | 0.0000 | 0.0000 | 0.0000 | 0.0000 | 0.0000 | 0.0000 | 
0.0014 | -0.0000 | 0.0000 | 0.0004 | -0.0000 | 0.0000 | 0.0009 | -0.0000 | 0.0000 | 0.0009 | -0.0000 | 0.0000 | 
0.0029 | -0.0000 | -0.0000 | 0.0007 | -0.0000 | -0.0000 | 0.0018 | -0.0001 | -0.0000 | 0.0018 | -0.0000 | -0.0000 | 
0.0051 | -0.0001 | 0.0000 | 0.0013 | -0.0001 | 0.0000 | 0.0032 | -0.0001 | 0.0000 | 0.0032 | -0.0000 | 0.0000 | 
0.0083 | -0.0001 | -0.0000 | 0.0021 | -0.0001 | -0.0000 | 0.0052 | -0.0002 | -0.0000 | 0.0052 | -0.0000 | -0.0000 | 
0.0132 | -0.0001 | 0.0000 | 0.0033 | -0.0001 | 0.0000 | 0.0083 | -0.0002 | 0.0000 | 0.0083 | -0.0000 | 0.0000 | 
0.0205 | -0.0002 | -0.0000 | 0.0052 | -0.0002 | -0.0000 | 0.0128 | -0.0004 | -0.0000 | 0.0128 | -0.0000 | -0.0000 | 
0.0314 | -0.0003 | 0.0000 | 0.0080 | -0.0003 | 0.0000 | 0.0197 | -0.0006 | 0.0000 | 0.0197 | -0.0001 | 0.0000 | 
0.0479 | -0.0005 | -0.0000 | 0.0122 | -0.0005 | -0.0000 | 0.0300 | -0.0009 | -0.0000 | 0.0300 | -0.0001 | -0.0000 | 
0.0726 | -0.0008 | 0.0000 | 0.0184 | -0.0008 | 0.0000 | 0.0455 | -0.0014 | 0.0000 | 0.0455 | -0.0002 | 0.0000 | 
0.1096 | -0.0012 | -0.0000 | 0.0278 | -0.0012 | -0.0000 | 0.0687 | -0.0021 | -0.0000 | 0.0687 | -0.0003 | -0.0000 | 
0.1651 | -0.0018 | 0.0000 | 0.0419 | -0.0018 | 0.0000 | 0.1035 | -0.0031 | 0.0000 | 0.1035 | -0.0004 | 0.0000 | 
0.2373 | -0.0025 | -0.0000 | 0.0602 | -0.0025 | -0.0000 | 0.1487 | -0.0045 | -0.0000 | 0.1487 | -0.0006 | -0.0000 | 
0.3109 | -0.0031 | -0.0000 | 0.0771 | -0.0032 | 0.0000 | 0.1940 | -0.0057 | 0.0000 | 0.1940 | -0.0006 | 0.0000 | 
0.3306 | -0.0030 | 0.0000 | 0.0801 | -0.0033 | 0.0000 | 0.2053 | -0.0058 | -0.0000 | 0.2053 | -0.0005 | 0.0000 | 
0.3502 | -0.0030 | -0.0000 | 0.0831 | -0.0033 | -0.0000 | 0.2166 | -0.0059 | -0.0000 | 0.2167 | -0.0004 | 0.0000 | 
0.3698 | -0.0030 | 0.0000 | 0.0860 | -0.0034 | -0.0000 | 0.2279 | -0.0061 | -0.0000 | 0.2280 | -0.0003 | 0.0000 | 
0.3992 | -0.0029 | 0.0000 | 0.0906 | -0.0035 | 0.0000 | 0.2448 | -0.0063 | -0.0000 | 0.2450 | -0.0001 | 0.0000 | 
0.4432 | -0.0029 | 0.0000 | 0.0975 | -0.0036 | 0.0000 | 0.2703 | -0.0066 | -0.0000 | 0.2705 | 0.0001 | 0.0000 | 
0.5090 | -0.0028 | 0.0000 | 0.1081 | -0.0038 | 0.0000 | 0.3084 | -0.0070 | -0.0000 | 0.3087 | 0.0005 | 0.0000 | 
0.5869 | -0.0027 | -0.0000 | 0.1207 | -0.0040 | 0.0000 | 0.3536 | -0.0076 | -0.0000 | 0.3541 | 0.0009 | 0.0000 | 
0.6646 | -0.0025 | -0.0000 | 0.1335 | -0.0042 | -0.0000 | 0.3988 | -0.0081 | -0.0000 | 0.3994 | 0.0014 | 0.0000 | 
0.7423 | -0.0024 | 0.0000 | 0.1464 | -0.0044 | 0.0000 | 0.4440 | -0.0086 | -0.0000 | 0.4447 | 0.0018 | 0.0000 | 
0.8198 | -0.0023 | -0.0000 | 0.1594 | -0.0046 | 0.0000 | 0.4892 | -0.0091 | -0.0000 | 0.4900 | 0.0022 | 0.0000 | 
0.8972 | -0.0022 | -0.0000 | 0.1725 | -0.0048 | 0.0000 | 0.5344 | -0.0096 | -0.0000 | 0.5353 | 0.0027 | 0.0000 | 
0.9746 | -0.0020 | -0.0000 | 0.1856 | -0.0050 | 0.0000 | 0.5796 | -0.0101 | -0.0000 | 0.5806 | 0.0031 | 0.0000 | 
1.0519 | -0.0019 | -0.0000 | 0.1988 | -0.0052 | 0.0000 | 0.6248 | -0.0107 | -0.0000 | 0.6259 | 0.0035 | 0.0000 | 
1.1293 | -0.0018 | -0.0000 | 0.2120 | -0.0053 | 0.0000 | 0.6700 | -0.0111 | -0.0000 | 0.6713 | 0.0040 | 0.0000 | 
1.2065 | -0.0017 | 0.0000 | 0.2252 | -0.0055 | -0.0000 | 0.7152 | -0.0116 | -0.0000 | 0.7166 | 0.0044 | 0.0000 | 
1.2837 | -0.0016 | 0.0000 | 0.2386 | -0.0057 | -0.0000 | 0.7604 | -0.0122 | -0.0000 | 0.7619 | 0.0049 | 0.0000 | 
1.3609 | -0.0015 | 0.0000 | 0.2519 | -0.0059 | -0.0000 | 0.8056 | -0.0127 | -0.0000 | 0.8072 | 0.0053 | 0.0000 | 
1.4380 | -0.0014 | 0.0000 | 0.2653 | -0.0060 | 0.0000 | 0.8508 | -0.0131 | -0.0000 | 0.8525 | 0.0057 | 0.0000 | 
1.5151 | -0.0013 | 0.0000 | 0.2787 | -0.0062 | 0.0000 | 0.8960 | -0.0136 | -0.0000 | 0.8978 | 0.0062 | 0.0000 | 
1.5922 | -0.0012 | -0.0000 | 0.2921 | -0.0064 | 0.0000 | 0.9412 | -0.0141 | -0.0000 | 0.9431 | 0.0066 | 0.0000 | 
1.6693 | -0.0011 | 0.0000 | 0.3056 | -0.0065 | 0.0000 | 0.9864 | -0.0147 | -0.0000 | 0.9884 | 0.0070 | 0.0000 | 
1.7463 | -0.0010 | -0.0000 | 0.3190 | -0.0067 | 0.0000 | 1.0316 | -0.0151 | -0.0000 | 1.0338 | 0.0075 | 0.0000 | 
1.8234 | -0.0009 | -0.0000 | 0.3325 | -0.0068 | -0.0000 | 1.0768 | -0.0156 | -0.0000 | 1.0791 | 0.0079 | 0.0000 | 
1.9003 | -0.0008 | -0.0000 | 0.3460 | -0.0070 | 0.0000 | 1.1220 | -0.0161 | -0.0000 | 1.1244 | 0.0084 | 0.0000 | 
1.9773 | -0.0007 | 0.0000 | 0.3595 | -0.0071 | -0.0000 | 1.1672 | -0.0166 | -0.0000 | 1.1697 | 0.0088 | 0.0000 | 
2.0543 | -0.0006 | -0.0000 | 0.3731 | -0.0073 | 0.0000 | 1.2124 | -0.0171 | -0.0000 | 1.2150 | 0.0092 | 0.0000 | 
2.1313 | -0.0005 | -0.0000 | 0.3866 | -0.0074 | -0.0000 | 1.2576 | -0.0176 | -0.0000 | 1.2603 | 0.0096 | 0.0000 | 
2.2083 | -0.0004 | -0.0000 | 0.4002 | -0.0076 | -0.0000 | 1.3028 | -0.0181 | -0.0000 | 1.3057 | 0.0101 | 0.0000 | 
2.2852 | -0.0003 | 0.0000 | 0.4138 | -0.0077 | -0.0000 | 1.3480 | -0.0186 | -0.0000 | 1.3509 | 0.0105 | 0.0000 | 
2.3621 | -0.0002 | -0.0000 | 0.4274 | -0.0078 | -0.0000 | 1.3932 | -0.0190 | -0.0000 | 1.3962 | 0.0110 | 0.0000 | 
2.4390 | -0.0001 | 0.0000 | 0.4409 | -0.0080 | 0.0000 | 1.4384 | -0.0195 | -0.0000 | 1.4415 | 0.0114 | 0.0000 | 
2.5159 | -0.0001 | -0.0000 | 0.4546 | -0.0081 | -0.0000 | 1.4836 | -0.0200 | -0.0000 | 1.4868 | 0.0118 | 0.0000 | 
2.5928 | -0.0000 | -0.0000 | 0.4682 | -0.0082 | 0.0000 | 1.5288 | -0.0205 | -0.0000 | 1.5322 | 0.0123 | 0.0000 | 
2.6697 | 0.0001 | -0.0000 | 0.4818 | -0.0084 | -0.0000 | 1.5740 | -0.0210 | -0.0000 | 1.5775 | 0.0127 | 0.0000 | 
2.7466 | 0.0002 | -0.0000 | 0.4955 | -0.0085 | -0.0000 | 1.6193 | -0.0215 | -0.0000 | 1.6228 | 0.0131 | 0.0000 | 
2.8235 | 0.0003 | -0.0000 | 0.5091 | -0.0086 | 0.0000 | 1.6645 | -0.0219 | -0.0000 | 1.6681 | 0.0136 | 0.0000 | 
2.9003 | 0.0003 | -0.0000 | 0.5228 | -0.0087 | 0.0000 | 1.7097 | -0.0224 | -0.0000 | 1.7134 | 0.0140 | 0.0000 | 
2.9772 | 0.0005 | -0.0000 | 0.5364 | -0.0088 | 0.0000 | 1.7548 | -0.0229 | -0.0000 | 1.7587 | 0.0145 | 0.0000 | 
3.0540 | 0.0005 | -0.0000 | 0.5501 | -0.0090 | -0.0000 | 1.8000 | -0.0233 | -0.0000 | 1.8040 | 0.0149 | 0.0000 | 
3.1308 | 0.0006 | 0.0000 | 0.5637 | -0.0091 | -0.0000 | 1.8452 | -0.0239 | -0.0000 | 1.8493 | 0.0153 | 0.0000 | 
3.2077 | 0.0007 | -0.0000 | 0.5774 | -0.0092 | -0.0000 | 1.8905 | -0.0243 | -0.0000 | 1.8946 | 0.0157 | 0.0000 | 
3.2845 | 0.0007 | 0.0000 | 0.5911 | -0.0093 | -0.0000 | 1.9357 | -0.0248 | -0.0000 | 1.9400 | 0.0162 | 0.0000 | 
3.3614 | 0.0008 | 0.0000 | 0.6048 | -0.0094 | 0.0000 | 1.9809 | -0.0253 | -0.0000 | 1.9853 | 0.0166 | 0.0000 | 
3.4382 | 0.0009 | 0.0000 | 0.6185 | -0.0096 | 0.0000 | 2.0261 | -0.0257 | -0.0000 | 2.0306 | 0.0170 | 0.0000 | 
3.5150 | 0.0010 | 0.0000 | 0.6322 | -0.0097 | 0.0000 | 2.0713 | -0.0262 | -0.0000 | 2.0759 | 0.0175 | 0.0000 | 
3.5918 | 0.0010 | 0.0000 | 0.6459 | -0.0098 | -0.0000 | 2.1165 | -0.0267 | -0.0000 | 2.1212 | 0.0179 | 0.0000 | 
3.6687 | 0.0011 | -0.0000 | 0.6596 | -0.0099 | 0.0000 | 2.1617 | -0.0271 | -0.0000 | 2.1665 | 0.0184 | 0.0000 | 
3.7455 | 0.0012 | 0.0000 | 0.6733 | -0.0100 | 0.0000 | 2.2069 | -0.0276 | -0.0000 | 2.2118 | 0.0188 | 0.0000 | 
3.8223 | 0.0013 | 0.0000 | 0.6869 | -0.0101 | 0.0000 | 2.2521 | -0.0281 | -0.0000 | 2.2571 | 0.0192 | 0.0000 | 
3.8991 | 0.0013 | -0.0000 | 0.7006 | -0.0102 | -0.0000 | 2.2973 | -0.0286 | -0.0000 | 2.3024 | 0.0196 | 0.0000 | 
3.9759 | 0.0014 | 0.0000 | 0.7144 | -0.0104 | 0.0000 | 2.3425 | -0.0290 | -0.0000 | 2.3477 | 0.0201 | 0.0000 | 
4.0527 | 0.0015 | -0.0000 | 0.7281 | -0.0105 | 0.0000 | 2.3877 | -0.0295 | -0.0000 | 2.3930 | 0.0205 | 0.0000 | 
4.1295 | 0.0015 | -0.0000 | 0.7418 | -0.0105 | 0.0000 | 2.4329 | -0.0300 | -0.0000 | 2.4384 | 0.0209 | 0.0000 | 
4.2063 | 0.0016 | 0.0000 | 0.7555 | -0.0106 | 0.0000 | 2.4782 | -0.0304 | -0.0000 | 2.4837 | 0.0214 | 0.0000 | 
4.2831 | 0.0017 | -0.0000 | 0.7693 | -0.0107 | -0.0000 | 2.5234 | -0.0309 | -0.0000 | 2.5290 | 0.0218 | 0.0000 | 
4.3599 | 0.0017 | 0.0000 | 0.7830 | -0.0109 | 0.0000 | 2.5686 | -0.0314 | -0.0000 | 2.5743 | 0.0222 | 0.0000 | 
4.4367 | 0.0018 | -0.0000 | 0.7967 | -0.0110 | -0.0000 | 2.6138 | -0.0318 | -0.0000 | 2.6196 | 0.0227 | 0.0000 | 
4.5135 | 0.0018 | 0.0000 | 0.8104 | -0.0110 | 0.0000 | 2.6590 | -0.0323 | -0.0000 | 2.6649 | 0.0231 | 0.0000 | 
4.5903 | 0.0019 | -0.0000 | 0.8241 | -0.0111 | -0.0000 | 2.7042 | -0.0328 | -0.0000 | 2.7102 | 0.0236 | 0.0000 | 
4.6670 | 0.0020 | -0.0000 | 0.8379 | -0.0112 | 0.0000 | 2.7494 | -0.0332 | -0.0000 | 2.7555 | 0.0240 | 0.0000 | 
4.7438 | 0.0021 | -0.0000 | 0.8516 | -0.0113 | -0.0000 | 2.7946 | -0.0337 | -0.0000 | 2.8008 | 0.0244 | 0.0000 | 
4.8206 | 0.0021 | -0.0000 | 0.8653 | -0.0114 | -0.0000 | 2.8398 | -0.0342 | -0.0000 | 2.8461 | 0.0249 | 0.0000 | 
4.8974 | 0.0022 | -0.0000 | 0.8790 | -0.0115 | -0.0000 | 2.8850 | -0.0346 | -0.0000 | 2.8914 | 0.0253 | 0.0000 | 
4.9742 | 0.0022 | 0.0000 | 0.8927 | -0.0116 | -0.0000 | 2.9302 | -0.0351 | -0.0000 | 2.9367 | 0.0257 | 0.0000 | 
5.0510 | 0.0023 | 0.0000 | 0.9065 | -0.0117 | -0.0000 | 2.9754 | -0.0356 | -0.0000 | 2.9820 | 0.0261 | 0.0000 | 
5.1278 | 0.0023 | 0.0000 | 0.9202 | -0.0118 | -0.0000 | 3.0206 | -0.0360 | -0.0000 | 3.0274 | 0.0266 | 0.0000 | 
5.2046 | 0.0024 | -0.0000 | 0.9340 | -0.0119 | -0.0000 | 3.0658 | -0.0365 | -0.0000 | 3.0727 | 0.0270 | 0.0000 | 
5.2814 | 0.0025 | -0.0000 | 0.9477 | -0.0120 | -0.0000 | 3.1111 | -0.0369 | -0.0000 | 3.1180 | 0.0275 | 0.0000 | 
5.3581 | 0.0025 | -0.0000 | 0.9614 | -0.0120 | -0.0000 | 3.1563 | -0.0374 | -0.0000 | 3.1633 | 0.0279 | 0.0000 | 
5.4349 | 0.0026 | -0.0000 | 0.9751 | -0.0121 | -0.0000 | 3.2015 | -0.0379 | -0.0000 | 3.2086 | 0.0283 | 0.0000 | 
5.5117 | 0.0026 | 0.0000 | 0.9889 | -0.0122 | -0.0000 | 3.2467 | -0.0383 | -0.0000 | 3.2539 | 0.0287 | 0.0000 | 
5.5885 | 0.0027 | 0.0000 | 1.0026 | -0.0123 | -0.0000 | 3.2919 | -0.0388 | -0.0000 | 3.2992 | 0.0292 | 0.0000 | 
5.6653 | 0.0027 | 0.0000 | 1.0163 | -0.0124 | -0.0000 | 3.3371 | -0.0392 | -0.0000 | 3.3445 | 0.0296 | 0.0000 | 
5.7421 | 0.0028 | 0.0000 | 1.0301 | -0.0125 | -0.0000 | 3.3823 | -0.0397 | -0.0000 | 3.3898 | 0.0300 | 0.0000 | 
5.8188 | 0.0029 | 0.0000 | 1.0438 | -0.0126 | 0.0000 | 3.4275 | -0.0402 | -0.0000 | 3.4351 | 0.0305 | 0.0000 | 
5.8956 | 0.0029 | 0.0000 | 1.0575 | -0.0126 | -0.0000 | 3.4727 | -0.0406 | -0.0000 | 3.4804 | 0.0309 | 0.0000 | 
5.9724 | 0.0030 | -0.0000 | 1.0712 | -0.0127 | 0.0000 | 3.5179 | -0.0411 | -0.0000 | 3.5257 | 0.0313 | 0.0000 | 
6.0492 | 0.0031 | 0.0000 | 1.0849 | -0.0128 | -0.0000 | 3.5631 | -0.0415 | -0.0000 | 3.5710 | 0.0318 | 0.0000 | 
6.1260 | 0.0031 | 0.0000 | 1.0986 | -0.0129 | -0.0000 | 3.6083 | -0.0420 | -0.0000 | 3.6163 | 0.0322 | 0.0000 | 
6.2028 | 0.0032 | 0.0000 | 1.1124 | -0.0130 | -0.0000 | 3.6535 | -0.0424 | -0.0000 | 3.6616 | 0.0326 | 0.0000 | 
6.2796 | 0.0032 | -0.0000 | 1.1261 | -0.0131 | -0.0000 | 3.6987 | -0.0429 | -0.0000 | 3.7070 | 0.0330 | 0.0000 | 
6.3564 | 0.0032 | 0.0000 | 1.1398 | -0.0131 | -0.0000 | 3.7439 | -0.0434 | -0.0000 | 3.7523 | 0.0335 | 0.0000 | 
6.4332 | 0.0033 | 0.0000 | 1.1536 | -0.0132 | -0.0000 | 3.7891 | -0.0438 | -0.0000 | 3.7976 | 0.0339 | 0.0000 | 
6.5100 | 0.0033 | 0.0000 | 1.1673 | -0.0133 | -0.0000 | 3.8344 | -0.0443 | -0.0000 | 3.8429 | 0.0343 | 0.0000 | 
6.5868 | 0.0034 | 0.0000 | 1.1810 | -0.0134 | -0.0000 | 3.8796 | -0.0447 | -0.0000 | 3.8882 | 0.0348 | 0.0000 | 
6.6636 | 0.0035 | 0.0000 | 1.1947 | -0.0134 | -0.0000 | 3.9248 | -0.0452 | -0.0000 | 3.9335 | 0.0352 | 0.0000 | 
6.7404 | 0.0035 | -0.0000 | 1.2084 | -0.0135 | -0.0000 | 3.9700 | -0.0456 | -0.0000 | 3.9788 | 0.0357 | 0.0000 | 
6.8172 | 0.0036 | 0.0000 | 1.2221 | -0.0136 | -0.0000 | 4.0152 | -0.0461 | -0.0000 | 4.0241 | 0.0361 | 0.0000 | 
6.8940 | 0.0036 | -0.0000 | 1.2359 | -0.0136 | -0.0000 | 4.0604 | -0.0465 | -0.0000 | 4.0694 | 0.0365 | 0.0000 | 
6.9708 | 0.0037 | 0.0000 | 1.2496 | -0.0137 | -0.0000 | 4.1056 | -0.0470 | -0.0000 | 4.1147 | 0.0369 | 0.0000 | 
7.0476 | 0.0037 | -0.0000 | 1.2633 | -0.0138 | -0.0000 | 4.1508 | -0.0475 | -0.0000 | 4.1600 | 0.0373 | 0.0000 | 
7.1244 | 0.0037 | -0.0000 | 1.2770 | -0.0139 | 0.0000 | 4.1960 | -0.0479 | -0.0000 | 4.2053 | 0.0378 | 0.0000 | 
7.2012 | 0.0038 | -0.0000 | 1.2907 | -0.0140 | -0.0000 | 4.2412 | -0.0484 | -0.0000 | 4.2507 | 0.0382 | 0.0000 | 
7.2780 | 0.0039 | -0.0000 | 1.3044 | -0.0140 | -0.0000 | 4.2864 | -0.0488 | -0.0000 | 4.2960 | 0.0386 | 0.0000 | 
7.3548 | 0.0039 | -0.0000 | 1.3181 | -0.0141 | -0.0000 | 4.3316 | -0.0492 | -0.0000 | 4.3413 | 0.0391 | 0.0000 | 
7.4316 | 0.0040 | -0.0000 | 1.3318 | -0.0142 | -0.0000 | 4.3768 | -0.0497 | -0.0000 | 4.3866 | 0.0395 | 0.0000 | 
7.5084 | 0.0040 | -0.0000 | 1.3455 | -0.0142 | -0.0000 | 4.4220 | -0.0501 | -0.0000 | 4.4319 | 0.0399 | 0.0000 | 
7.5852 | 0.0041 | -0.0000 | 1.3592 | -0.0143 | -0.0000 | 4.4672 | -0.0506 | -0.0000 | 4.4772 | 0.0404 | 0.0000 | 
7.6620 | 0.0041 | -0.0000 | 1.3729 | -0.0144 | -0.0000 | 4.5124 | -0.0510 | -0.0000 | 4.5225 | 0.0408 | 0.0000 | 
7.7388 | 0.0042 | -0.0000 | 1.3866 | -0.0144 | -0.0000 | 4.5576 | -0.0515 | -0.0000 | 4.5678 | 0.0412 | 0.0000 | 
7.8157 | 0.0042 | -0.0000 | 1.4003 | -0.0145 | -0.0000 | 4.6029 | -0.0520 | -0.0000 | 4.6131 | 0.0416 | 0.0000 | 
7.8925 | 0.0042 | -0.0000 | 1.4140 | -0.0146 | -0.0000 | 4.6481 | -0.0524 | -0.0000 | 4.6584 | 0.0421 | 0.0000 | 
7.9693 | 0.0043 | -0.0000 | 1.4277 | -0.0147 | -0.0000 | 4.6933 | -0.0529 | -0.0000 | 4.7037 | 0.0425 | 0.0000 | 
8.0461 | 0.0043 | -0.0000 | 1.4414 | -0.0147 | 0.0000 | 4.7385 | -0.0533 | -0.0000 | 4.7490 | 0.0429 | 0.0000 | 
8.1230 | 0.0044 | -0.0000 | 1.4551 | -0.0148 | 0.0000 | 4.7837 | -0.0538 | -0.0000 | 4.7943 | 0.0433 | 0.0000 | 
8.1998 | 0.0044 | 0.0000 | 1.4688 | -0.0148 | -0.0000 | 4.8289 | -0.0542 | -0.0000 | 4.8397 | 0.0438 | 0.0000 | 
8.2766 | 0.0045 | 0.0000 | 1.4825 | -0.0149 | -0.0000 | 4.8741 | -0.0546 | -0.0000 | 4.8850 | 0.0442 | 0.0000 | 
8.3535 | 0.0045 | 0.0000 | 1.4961 | -0.0150 | -0.0000 | 4.9193 | -0.0551 | -0.0000 | 4.9303 | 0.0447 | 0.0000 | 
8.4303 | 0.0046 | -0.0000 | 1.5098 | -0.0150 | 0.0000 | 4.9645 | -0.0555 | -0.0000 | 4.9756 | 0.0451 | 0.0000 | 
8.5071 | 0.0046 | -0.0000 | 1.5235 | -0.0151 | 0.0000 | 5.0098 | -0.0560 | -0.0000 | 5.0209 | 0.0455 | 0.0000 | 
8.5840 | 0.0046 | 0.0000 | 1.5372 | -0.0151 | -0.0000 | 5.0550 | -0.0564 | -0.0000 | 5.0662 | 0.0459 | 0.0000 | 
8.6608 | 0.0047 | 0.0000 | 1.5508 | -0.0152 | -0.0000 | 5.1002 | -0.0569 | -0.0000 | 5.1115 | 0.0464 | 0.0000 | 
8.7376 | 0.0047 | -0.0000 | 1.5645 | -0.0153 | -0.0000 | 5.1454 | -0.0573 | -0.0000 | 5.1568 | 0.0468 | 0.0000 | 
8.8145 | 0.0048 | -0.0000 | 1.5782 | -0.0153 | 0.0000 | 5.1906 | -0.0578 | -0.0000 | 5.2021 | 0.0472 | 0.0000 | 
8.8913 | 0.0048 | -0.0000 | 1.5918 | -0.0154 | 0.0000 | 5.2358 | -0.0582 | -0.0000 | 5.2474 | 0.0476 | 0.0000 | 
8.9682 | 0.0048 | 0.0000 | 1.6055 | -0.0155 | -0.0000 | 5.2810 | -0.0587 | -0.0000 | 5.2927 | 0.0480 | 0.0000 | 
9.0450 | 0.0049 | -0.0000 | 1.6192 | -0.0155 | -0.0000 | 5.3262 | -0.0591 | -0.0000 | 5.3380 | 0.0485 | 0.0000 | 
9.1219 | 0.0049 | -0.0000 | 1.6328 | -0.0156 | -0.0000 | 5.3714 | -0.0596 | -0.0000 | 5.3833 | 0.0489 | 0.0000 | 
9.1987 | 0.0050 | -0.0000 | 1.6465 | -0.0157 | 0.0000 | 5.4166 | -0.0600 | -0.0000 | 5.4286 | 0.0493 | 0.0000 | 
9.2756 | 0.0050 | -0.0000 | 1.6601 | -0.0157 | 0.0000 | 5.4618 | -0.0604 | -0.0000 | 5.4739 | 0.0498 | 0.0000 | 
9.3524 | 0.0051 | 0.0000 | 1.6738 | -0.0158 | -0.0000 | 5.5070 | -0.0609 | -0.0000 | 5.5192 | 0.0502 | 0.0000 | 
9.4293 | 0.0051 | 0.0000 | 1.6875 | -0.0158 | -0.0000 | 5.5522 | -0.0613 | -0.0000 | 5.5645 | 0.0506 | 0.0000 | 
9.5062 | 0.0052 | 0.0000 | 1.7011 | -0.0159 | -0.0000 | 5.5974 | -0.0618 | -0.0000 | 5.6098 | 0.0510 | 0.0000 | 
9.5830 | 0.0052 | -0.0000 | 1.7147 | -0.0160 | 0.0000 | 5.6426 | -0.0622 | -0.0000 | 5.6551 | 0.0515 | 0.0000 | 
9.6599 | 0.0052 | -0.0000 | 1.7284 | -0.0160 | 0.0000 | 5.6878 | -0.0627 | -0.0000 | 5.7004 | 0.0519 | 0.0000 | 
9.7368 | 0.0053 | 0.0000 | 1.7420 | -0.0161 | -0.0000 | 5.7331 | -0.0631 | -0.0000 | 5.7457 | 0.0523 | 0.0000 | 
9.8137 | 0.0053 | 0.0000 | 1.7557 | -0.0161 | -0.0000 | 5.7783 | -0.0635 | -0.0000 | 5.7911 | 0.0527 | 0.0000 | 
9.8905 | 0.0054 | -0.0000 | 1.7693 | -0.0162 | -0.0000 | 5.8235 | -0.0640 | -0.0000 | 5.8364 | 0.0532 | 0.0000 | 
9.9674 | 0.0054 | -0.0000 | 1.7829 | -0.0163 | 0.0000 | 5.8687 | -0.0645 | -0.0000 | 5.8817 | 0.0536 | 0.0000 | 
10.0443 | 0.0054 | 0.0000 | 1.7966 | -0.0163 | -0.0000 | 5.9139 | -0.0649 | -0.0000 | 5.9270 | 0.0540 | 0.0000 | 
10.1212 | 0.0055 | 0.0000 | 1.8102 | -0.0164 | -0.0000 | 5.9591 | -0.0653 | -0.0000 | 5.9723 | 0.0544 | 0.0000 | 
10.1981 | 0.0055 | -0.0000 | 1.8239 | -0.0164 | -0.0000 | 6.0043 | -0.0658 | -0.0000 | 6.0176 | 0.0548 | 0.0000 | 
10.2750 | 0.0055 | -0.0000 | 1.8375 | -0.0165 | -0.0000 | 6.0495 | -0.0662 | -0.0000 | 6.0629 | 0.0553 | 0.0000 | 
10.3518 | 0.0056 | -0.0000 | 1.8511 | -0.0165 | 0.0000 | 6.0947 | -0.0666 | -0.0000 | 6.1082 | 0.0557 | 0.0000 | 
10.4287 | 0.0056 | 0.0000 | 1.8647 | -0.0166 | -0.0000 | 6.1400 | -0.0671 | -0.0000 | 6.1535 | 0.0561 | 0.0000 | 
10.5056 | 0.0057 | 0.0000 | 1.8784 | -0.0166 | -0.0000 | 6.1852 | -0.0675 | -0.0000 | 6.1988 | 0.0566 | 0.0000 | 
10.5825 | 0.0057 | -0.0000 | 1.8920 | -0.0167 | -0.0000 | 6.2304 | -0.0680 | -0.0000 | 6.2441 | 0.0570 | 0.0000 | 
10.6594 | 0.0057 | -0.0000 | 1.9056 | -0.0167 | 0.0000 | 6.2756 | -0.0684 | -0.0000 | 6.2894 | 0.0574 | 0.0000 | 
10.7363 | 0.0058 | 0.0000 | 1.9192 | -0.0168 | 0.0000 | 6.3208 | -0.0688 | -0.0000 | 6.3347 | 0.0578 | 0.0000 | 
10.8132 | 0.0058 | 0.0000 | 1.9328 | -0.0168 | -0.0000 | 6.3660 | -0.0693 | -0.0000 | 6.3800 | 0.0583 | 0.0000 | 
10.8901 | 0.0058 | 0.0000 | 1.9464 | -0.0169 | -0.0000 | 6.4112 | -0.0697 | -0.0000 | 6.4253 | 0.0587 | 0.0000 | 
10.9670 | 0.0059 | -0.0000 | 1.9600 | -0.0169 | -0.0000 | 6.4564 | -0.0702 | -0.0000 | 6.4706 | 0.0591 | 0.0000 | 
11.0439 | 0.0059 | 0.0000 | 1.9736 | -0.0170 | -0.0000 | 6.5016 | -0.0706 | -0.0000 | 6.5160 | 0.0595 | 0.0000 | 
11.1209 | 0.0059 | 0.0000 | 1.9872 | -0.0170 | 0.0000 | 6.5468 | -0.0710 | -0.0000 | 6.5613 | 0.0599 | 0.0000 | 
11.1978 | 0.0060 | 0.0000 | 2.0008 | -0.0171 | -0.0000 | 6.5920 | -0.0715 | -0.0000 | 6.6066 | 0.0604 | 0.0000 | 
11.2747 | 0.0060 | 0.0000 | 2.0144 | -0.0171 | -0.0000 | 6.6372 | -0.0719 | -0.0000 | 6.6519 | 0.0608 | 0.0000 | 
11.3516 | 0.0060 | -0.0000 | 2.0280 | -0.0172 | -0.0000 | 6.6824 | -0.0723 | -0.0000 | 6.6972 | 0.0612 | 0.0000 | 
11.4286 | 0.0061 | 0.0000 | 2.0416 | -0.0172 | -0.0000 | 6.7276 | -0.0728 | -0.0000 | 6.7425 | 0.0616 | 0.0000 | 
11.5055 | 0.0061 | 0.0000 | 2.0551 | -0.0173 | -0.0000 | 6.7728 | -0.0732 | -0.0000 | 6.7878 | 0.0621 | 0.0000 | 
11.5824 | 0.0062 | 0.0000 | 2.0687 | -0.0174 | -0.0000 | 6.8181 | -0.0737 | -0.0000 | 6.8331 | 0.0625 | 0.0000 | 
11.6594 | 0.0062 | 0.0000 | 2.0823 | -0.0174 | -0.0000 | 6.8633 | -0.0741 | -0.0000 | 6.8784 | 0.0629 | 0.0000 | 
11.7363 | 0.0063 | 0.0000 | 2.0959 | -0.0175 | -0.0000 | 6.9085 | -0.0745 | -0.0000 | 6.9237 | 0.0633 | 0.0000 | 
11.8132 | 0.0063 | 0.0000 | 2.1095 | -0.0175 | -0.0000 | 6.9537 | -0.0750 | -0.0000 | 6.9690 | 0.0638 | 0.0000 | 
11.8902 | 0.0063 | -0.0000 | 2.1230 | -0.0176 | 0.0000 | 6.9989 | -0.0754 | -0.0000 | 7.0143 | 0.0642 | 0.0000 | 
11.9671 | 0.0064 | -0.0000 | 2.1366 | -0.0176 | -0.0000 | 7.0441 | -0.0758 | -0.0000 | 7.0596 | 0.0646 | 0.0000 | 
12.0441 | 0.0064 | -0.0000 | 2.1502 | -0.0177 | -0.0000 | 7.0893 | -0.0763 | -0.0000 | 7.1049 | 0.0650 | 0.0000 | 
12.1210 | 0.0064 | -0.0000 | 2.1637 | -0.0177 | -0.0000 | 7.1345 | -0.0767 | -0.0000 | 7.1502 | 0.0654 | 0.0000 | 
12.1980 | 0.0065 | -0.0000 | 2.1773 | -0.0178 | -0.0000 | 7.1797 | -0.0771 | -0.0000 | 7.1955 | 0.0659 | 0.0000 | 
12.2749 | 0.0065 | -0.0000 | 2.1908 | -0.0178 | -0.0000 | 7.2249 | -0.0776 | -0.0000 | 7.2408 | 0.0663 | 0.0000 | 
12.3519 | 0.0065 | -0.0000 | 2.2044 | -0.0179 | -0.0000 | 7.2701 | -0.0780 | -0.0000 | 7.2861 | 0.0667 | 0.0000 | 
12.4288 | 0.0066 | -0.0000 | 2.2179 | -0.0179 | -0.0000 | 7.3153 | -0.0785 | -0.0000 | 7.3314 | 0.0671 | 0.0000 | 
12.5058 | 0.0066 | -0.0000 | 2.2315 | -0.0179 | -0.0000 | 7.3606 | -0.0789 | -0.0000 | 7.3767 | 0.0675 | 0.0000 | 
12.5828 | 0.0066 | -0.0000 | 2.2450 | -0.0180 | -0.0000 | 7.4058 | -0.0793 | -0.0000 | 7.4221 | 0.0679 | 0.0000 | 
12.6597 | 0.0066 | -0.0000 | 2.2586 | -0.0181 | -0.0000 | 7.4510 | -0.0798 | -0.0000 | 7.4674 | 0.0684 | 0.0000 | 
12.7367 | 0.0067 | -0.0000 | 2.2721 | -0.0181 | -0.0000 | 7.4962 | -0.0802 | -0.0000 | 7.5127 | 0.0688 | 0.0000 | 
12.8137 | 0.0067 | -0.0000 | 2.2857 | -0.0182 | -0.0000 | 7.5414 | -0.0806 | -0.0000 | 7.5580 | 0.0692 | 0.0000 | 
12.8907 | 0.0067 | -0.0000 | 2.2992 | -0.0182 | -0.0000 | 7.5866 | -0.0811 | -0.0000 | 7.6033 | 0.0696 | 0.0000 | 
12.9677 | 0.0068 | -0.0000 | 2.3127 | -0.0182 | -0.0000 | 7.6318 | -0.0815 | -0.0000 | 7.6486 | 0.0700 | 0.0000 | 
13.0446 | 0.0068 | -0.0000 | 2.3263 | -0.0183 | 0.0000 | 7.6770 | -0.0819 | -0.0000 | 7.6939 | 0.0705 | 0.0000 | 
13.1216 | 0.0069 | -0.0000 | 2.3398 | -0.0183 | -0.0000 | 7.7222 | -0.0824 | -0.0000 | 7.7392 | 0.0709 | 0.0000 | 
13.1986 | 0.0069 | -0.0000 | 2.3533 | -0.0184 | -0.0000 | 7.7674 | -0.0828 | -0.0000 | 7.7845 | 0.0713 | 0.0000 | 
13.2756 | 0.0069 | -0.0000 | 2.3669 | -0.0184 | -0.0000 | 7.8127 | -0.0832 | -0.0000 | 7.8298 | 0.0717 | 0.0000 | 
13.3526 | 0.0069 | 0.0000 | 2.3804 | -0.0185 | -0.0000 | 7.8579 | -0.0837 | -0.0000 | 7.8751 | 0.0721 | 0.0000 | 
13.4296 | 0.0070 | -0.0000 | 2.3939 | -0.0185 | 0.0000 | 7.9031 | -0.0841 | -0.0000 | 7.9204 | 0.0726 | 0.0000 | 
13.5066 | 0.0070 | -0.0000 | 2.4074 | -0.0185 | -0.0000 | 7.9483 | -0.0845 | -0.0000 | 7.9657 | 0.0730 | 0.0000 | 
13.5836 | 0.0070 | -0.0000 | 2.4209 | -0.0186 | -0.0000 | 7.9935 | -0.0849 | -0.0000 | 8.0110 | 0.0734 | 0.0000 | 
13.6606 | 0.0071 | -0.0000 | 2.4344 | -0.0186 | -0.0000 | 8.0387 | -0.0854 | -0.0000 | 8.0563 | 0.0738 | 0.0000 | 
13.7376 | 0.0071 | -0.0000 | 2.4479 | -0.0187 | -0.0000 | 8.0839 | -0.0858 | -0.0000 | 8.1016 | 0.0742 | 0.0000 | 
13.8146 | 0.0071 | -0.0000 | 2.4614 | -0.0187 | 0.0000 | 8.1291 | -0.0862 | -0.0000 | 8.1469 | 0.0747 | 0.0000 | 
13.8916 | 0.0071 | -0.0000 | 2.4749 | -0.0187 | 0.0000 | 8.1743 | -0.0867 | -0.0000 | 8.1922 | 0.0751 | 0.0000 | 
13.9687 | 0.0072 | -0.0000 | 2.4884 | -0.0188 | -0.0000 | 8.2195 | -0.0871 | -0.0000 | 8.2376 | 0.0755 | 0.0000 | 
14.0457 | 0.0072 | -0.0000 | 2.5019 | -0.0188 | -0.0000 | 8.2647 | -0.0875 | -0.0000 | 8.2829 | 0.0759 | 0.0000 | 
14.1227 | 0.0072 | 0.0000 | 2.5154 | -0.0189 | 0.0000 | 8.3099 | -0.0880 | -0.0000 | 8.3282 | 0.0763 | 0.0000 | 
14.1997 | 0.0073 | -0.0000 | 2.5289 | -0.0189 | 0.0000 | 8.3551 | -0.0884 | -0.0000 | 8.3735 | 0.0767 | 0.0000 | 
14.2768 | 0.0073 | -0.0000 | 2.5424 | -0.0189 | 0.0000 | 8.4004 | -0.0888 | -0.0000 | 8.4188 | 0.0772 | 0.0000 | 
14.3538 | 0.0073 | -0.0000 | 2.5558 | -0.0190 | -0.0000 | 8.4456 | -0.0892 | -0.0000 | 8.4641 | 0.0776 | 0.0000 | 
14.4308 | 0.0073 | 0.0000 | 2.5693 | -0.0190 | 0.0000 | 8.4908 | -0.0897 | -0.0000 | 8.5094 | 0.0780 | 0.0000 | 
14.5079 | 0.0074 | 0.0000 | 2.5828 | -0.0191 | 0.0000 | 8.5360 | -0.0901 | -0.0000 | 8.5547 | 0.0784 | 0.0000 | 
14.5849 | 0.0074 | -0.0000 | 2.5962 | -0.0191 | 0.0000 | 8.5812 | -0.0905 | -0.0000 | 8.6000 | 0.0788 | 0.0000 | 
14.6620 | 0.0074 | -0.0000 | 2.6097 | -0.0191 | -0.0000 | 8.6264 | -0.0910 | -0.0000 | 8.6453 | 0.0793 | 0.0000 | 
14.7390 | 0.0075 | 0.0000 | 2.6232 | -0.0192 | -0.0000 | 8.6716 | -0.0914 | -0.0000 | 8.6906 | 0.0797 | 0.0000 | 
14.8161 | 0.0075 | 0.0000 | 2.6366 | -0.0192 | -0.0000 | 8.7168 | -0.0918 | -0.0000 | 8.7359 | 0.0801 | 0.0000 | 
14.8931 | 0.0075 | 0.0000 | 2.6501 | -0.0193 | 0.0000 | 8.7620 | -0.0922 | -0.0000 | 8.7812 | 0.0805 | 0.0000 | 
14.9702 | 0.0076 | -0.0000 | 2.6635 | -0.0193 | 0.0000 | 8.8072 | -0.0927 | -0.0000 | 8.8265 | 0.0809 | 0.0000 | 
15.0473 | 0.0076 | -0.0000 | 2.6770 | -0.0194 | -0.0000 | 8.8524 | -0.0931 | -0.0000 | 8.8718 | 0.0813 | 0.0000 | 
15.1243 | 0.0076 | -0.0000 | 2.6904 | -0.0194 | -0.0000 | 8.8976 | -0.0935 | -0.0000 | 8.9171 | 0.0817 | 0.0000 | 
15.2014 | 0.0077 | -0.0000 | 2.7039 | -0.0195 | 0.0000 | 8.9428 | -0.0940 | -0.0000 | 8.9624 | 0.0822 | 0.0000 | 
15.2785 | 0.0077 | -0.0000 | 2.7173 | -0.0195 | 0.0000 | 8.9881 | -0.0944 | -0.0000 | 9.0077 | 0.0826 | 0.0000 | 
15.3555 | 0.0077 | -0.0000 | 2.7308 | -0.0195 | 0.0000 | 9.0333 | -0.0948 | -0.0000 | 9.0530 | 0.0830 | 0.0000 | 
15.4326 | 0.0078 | -0.0000 | 2.7442 | -0.0196 | -0.0000 | 9.0785 | -0.0952 | -0.0000 | 9.0983 | 0.0834 | 0.0000 | 
15.5097 | 0.0078 | -0.0000 | 2.7576 | -0.0196 | -0.0000 | 9.1237 | -0.0957 | -0.0000 | 9.1436 | 0.0838 | 0.0000 | 
15.5868 | 0.0078 | -0.0000 | 2.7711 | -0.0197 | -0.0000 | 9.1689 | -0.0961 | -0.0000 | 9.1889 | 0.0842 | 0.0000 | 
15.6639 | 0.0078 | -0.0000 | 2.7845 | -0.0197 | 0.0000 | 9.2141 | -0.0965 | -0.0000 | 9.2343 | 0.0847 | 0.0000 | 
15.7409 | 0.0079 | -0.0000 | 2.7979 | -0.0197 | 0.0000 | 9.2593 | -0.0969 | -0.0000 | 9.2796 | 0.0851 | 0.0000 | 
15.8180 | 0.0079 | -0.0000 | 2.8113 | -0.0198 | -0.0000 | 9.3045 | -0.0974 | -0.0000 | 9.3249 | 0.0855 | 0.0000 | 
15.8951 | 0.0079 | -0.0000 | 2.8247 | -0.0198 | -0.0000 | 9.3497 | -0.0978 | -0.0000 | 9.3702 | 0.0859 | 0.0000 | 
15.9722 | 0.0079 | -0.0000 | 2.8382 | -0.0199 | -0.0000 | 9.3949 | -0.0982 | -0.0000 | 9.4155 | 0.0863 | 0.0000 | 
16.0493 | 0.0080 | -0.0000 | 2.8516 | -0.0199 | -0.0000 | 9.4401 | -0.0986 | -0.0000 | 9.4608 | 0.0867 | 0.0000 | 
16.1264 | 0.0080 | -0.0000 | 2.8650 | -0.0199 | 0.0000 | 9.4853 | -0.0991 | -0.0000 | 9.5061 | 0.0871 | 0.0000 | 
16.2035 | 0.0080 | -0.0000 | 2.8784 | -0.0200 | -0.0000 | 9.5306 | -0.0995 | -0.0000 | 9.5514 | 0.0875 | 0.0000 | 
16.2807 | 0.0080 | -0.0000 | 2.8918 | -0.0200 | -0.0000 | 9.5758 | -0.0999 | -0.0000 | 9.5967 | 0.0880 | 0.0000 | 
16.3578 | 0.0081 | -0.0000 | 2.9052 | -0.0201 | -0.0000 | 9.6210 | -0.1003 | -0.0000 | 9.6420 | 0.0884 | 0.0000 | 
16.4349 | 0.0081 | -0.0000 | 2.9186 | -0.0201 | 0.0000 | 9.6662 | -0.1008 | -0.0000 | 9.6873 | 0.0888 | 0.0000 | 
16.5120 | 0.0081 | -0.0000 | 2.9320 | -0.0201 | 0.0000 | 9.7114 | -0.1012 | -0.0000 | 9.7326 | 0.0892 | 0.0000 | 
16.5891 | 0.0082 | -0.0000 | 2.9454 | -0.0202 | -0.0000 | 9.7566 | -0.1016 | -0.0000 | 9.7779 | 0.0896 | 0.0000 | 
16.6663 | 0.0082 | -0.0000 | 2.9588 | -0.0202 | -0.0000 | 9.8018 | -0.1020 | -0.0000 | 9.8232 | 0.0900 | 0.0000 | 
16.7434 | 0.0082 | -0.0000 | 2.9721 | -0.0202 | 0.0000 | 9.8470 | -0.1025 | -0.0000 | 9.8685 | 0.0904 | 0.0000 | 
16.8205 | 0.0082 | -0.0000 | 2.9855 | -0.0203 | 0.0000 | 9.8922 | -0.1029 | -0.0000 | 9.9138 | 0.0909 | 0.0000 | 
16.8977 | 0.0083 | -0.0000 | 2.9989 | -0.0203 | 0.0000 | 9.9374 | -0.1033 | -0.0000 | 9.9591 | 0.0913 | 0.0000 | 
16.9748 | 0.0083 | -0.0000 | 3.0123 | -0.0203 | -0.0000 | 9.9826 | -0.1037 | -0.0000 | 10.0044 | 0.0917 | 0.0000 | 
17.0519 | 0.0083 | -0.0000 | 3.0256 | -0.0204 | -0.0000 | 10.0279 | -0.1041 | -0.0000 | 10.0497 | 0.0921 | 0.0000 | 
17.1291 | 0.0083 | -0.0000 | 3.0390 | -0.0204 | 0.0000 | 10.0731 | -0.1046 | -0.0000 | 10.0950 | 0.0925 | 0.0000 | 
17.2062 | 0.0084 | -0.0000 | 3.0524 | -0.0204 | 0.0000 | 10.1183 | -0.1050 | -0.0000 | 10.1403 | 0.0929 | 0.0000 | 
17.2834 | 0.0084 | -0.0000 | 3.0657 | -0.0205 | 0.0000 | 10.1635 | -0.1054 | -0.0000 | 10.1857 | 0.0933 | 0.0000 | 
17.3605 | 0.0084 | -0.0000 | 3.0791 | -0.0205 | -0.0000 | 10.2087 | -0.1058 | -0.0000 | 10.2310 | 0.0937 | 0.0000 | 
17.4377 | 0.0084 | -0.0000 | 3.0925 | -0.0205 | -0.0000 | 10.2539 | -0.1063 | -0.0000 | 10.2763 | 0.0942 | 0.0000 | 
17.5149 | 0.0085 | 0.0000 | 3.1058 | -0.0206 | 0.0000 | 10.2991 | -0.1067 | -0.0000 | 10.3216 | 0.0946 | 0.0000 | 
17.5920 | 0.0085 | 0.0000 | 3.1192 | -0.0206 | 0.0000 | 10.3443 | -0.1071 | -0.0000 | 10.3669 | 0.0950 | 0.0000 | 
17.6692 | 0.0085 | 0.0000 | 3.1325 | -0.0206 | 0.0000 | 10.3895 | -0.1075 | -0.0000 | 10.4122 | 0.0954 | 0.0000 | 
17.7464 | 0.0085 | 0.0000 | 3.1458 | -0.0207 | -0.0000 | 10.4347 | -0.1079 | -0.0000 | 10.4575 | 0.0958 | 0.0000 | 
17.8235 | 0.0086 | 0.0000 | 3.1592 | -0.0207 | -0.0000 | 10.4799 | -0.1084 | -0.0000 | 10.5028 | 0.0962 | 0.0000 | 
17.9007 | 0.0086 | -0.0000 | 3.1725 | -0.0207 | 0.0000 | 10.5252 | -0.1088 | -0.0000 | 10.5481 | 0.0966 | 0.0000 | 
17.9779 | 0.0086 | -0.0000 | 3.1858 | -0.0208 | 0.0000 | 10.5704 | -0.1092 | -0.0000 | 10.5934 | 0.0970 | 0.0000 | 
18.0551 | 0.0086 | -0.0000 | 3.1992 | -0.0208 | 0.0000 | 10.6156 | -0.1096 | -0.0000 | 10.6387 | 0.0974 | 0.0000 | 
18.1323 | 0.0086 | -0.0000 | 3.2125 | -0.0208 | -0.0000 | 10.6608 | -0.1100 | -0.0000 | 10.6840 | 0.0979 | 0.0000 | 
18.2095 | 0.0087 | 0.0000 | 3.2258 | -0.0209 | 0.0000 | 10.7060 | -0.1105 | -0.0000 | 10.7293 | 0.0983 | 0.0000 | 
18.2867 | 0.0087 | 0.0000 | 3.2391 | -0.0209 | 0.0000 | 10.7512 | -0.1109 | -0.0000 | 10.7746 | 0.0987 | 0.0000 | 
18.3639 | 0.0087 | 0.0000 | 3.2524 | -0.0209 | 0.0000 | 10.7964 | -0.1113 | -0.0000 | 10.8199 | 0.0991 | 0.0000 | 
18.4411 | 0.0087 | 0.0000 | 3.2657 | -0.0210 | 0.0000 | 10.8416 | -0.1117 | -0.0000 | 10.8652 | 0.0995 | 0.0000 | 
18.5183 | 0.0088 | 0.0000 | 3.2791 | -0.0210 | -0.0000 | 10.8868 | -0.1121 | -0.0000 | 10.9105 | 0.0999 | 0.0000 | 
18.5955 | 0.0088 | 0.0000 | 3.2924 | -0.0210 | -0.0000 | 10.9320 | -0.1126 | -0.0000 | 10.9558 | 0.1003 | 0.0000 | 
18.6727 | 0.0088 | 0.0000 | 3.3057 | -0.0211 | -0.0000 | 10.9772 | -0.1130 | -0.0000 | 11.0011 | 0.1007 | 0.0000 | 
18.7499 | 0.0088 | 0.0000 | 3.3189 | -0.0211 | 0.0000 | 11.0224 | -0.1134 | -0.0000 | 11.0464 | 0.1011 | 0.0000 | 
18.8271 | 0.0089 | -0.0000 | 3.3322 | -0.0211 | 0.0000 | 11.0676 | -0.1138 | -0.0000 | 11.0917 | 0.1015 | 0.0000 | 
18.9044 | 0.0089 | -0.0000 | 3.3455 | -0.0212 | -0.0000 | 11.1129 | -0.1142 | -0.0000 | 11.1370 | 0.1020 | 0.0000 | 
18.9816 | 0.0089 | -0.0000 | 3.3588 | -0.0212 | -0.0000 | 11.1581 | -0.1146 | -0.0000 | 11.1823 | 0.1024 | 0.0000 | 
19.0588 | 0.0089 | -0.0000 | 3.3721 | -0.0212 | -0.0000 | 11.2033 | -0.1151 | -0.0000 | 11.2276 | 0.1028 | 0.0000 | 
19.1361 | 0.0090 | -0.0000 | 3.3854 | -0.0212 | -0.0000 | 11.2485 | -0.1155 | -0.0000 | 11.2729 | 0.1032 | 0.0000 | 
19.2133 | 0.0090 | -0.0000 | 3.3986 | -0.0213 | -0.0000 | 11.2937 | -0.1159 | -0.0000 | 11.3183 | 0.1036 | 0.0000 | 
19.2905 | 0.0090 | -0.0000 | 3.4119 | -0.0213 | -0.0000 | 11.3389 | -0.1163 | -0.0000 | 11.3636 | 0.1040 | 0.0000 | 
19.3678 | 0.0090 | -0.0000 | 3.4252 | -0.0213 | -0.0000 | 11.3841 | -0.1167 | -0.0000 | 11.4089 | 0.1044 | 0.0000 | 
19.4450 | 0.0091 | -0.0000 | 3.4384 | -0.0214 | -0.0000 | 11.4293 | -0.1171 | -0.0000 | 11.4542 | 0.1048 | 0.0000 | 
19.5223 | 0.0091 | -0.0000 | 3.4517 | -0.0214 | 0.0000 | 11.4745 | -0.1175 | -0.0000 | 11.4995 | 0.1052 | 0.0000 | 
19.5995 | 0.0091 | -0.0000 | 3.4650 | -0.0214 | -0.0000 | 11.5197 | -0.1180 | -0.0000 | 11.5448 | 0.1056 | 0.0000 | 
19.6768 | 0.0091 | 0.0000 | 3.4782 | -0.0215 | -0.0000 | 11.5649 | -0.1184 | -0.0000 | 11.5901 | 0.1061 | 0.0000 | 
19.7541 | 0.0092 | 0.0000 | 3.4915 | -0.0215 | -0.0000 | 11.6101 | -0.1188 | -0.0000 | 11.6354 | 0.1065 | 0.0000 | 
19.8313 | 0.0092 | 0.0000 | 3.5047 | -0.0215 | -0.0000 | 11.6554 | -0.1192 | -0.0000 | 11.6807 | 0.1069 | 0.0000 | 
19.9086 | 0.0092 | 0.0000 | 3.5180 | -0.0216 | -0.0000 | 11.7006 | -0.1196 | -0.0000 | 11.7260 | 0.1073 | 0.0000 | 
19.9859 | 0.0092 | -0.0000 | 3.5312 | -0.0216 | -0.0000 | 11.7458 | -0.1200 | -0.0000 | 11.7713 | 0.1077 | 0.0000 | 
20.0631 | 0.0093 | 0.0000 | 3.5444 | -0.0216 | -0.0000 | 11.7910 | -0.1205 | -0.0000 | 11.8166 | 0.1081 | 0.0000 | 
20.1404 | 0.0093 | 0.0000 | 3.5577 | -0.0217 | -0.0000 | 11.8362 | -0.1209 | -0.0000 | 11.8619 | 0.1085 | 0.0000 | 
20.2177 | 0.0093 | 0.0000 | 3.5709 | -0.0217 | -0.0000 | 11.8814 | -0.1213 | -0.0000 | 11.9072 | 0.1089 | 0.0000 | 
20.2950 | 0.0093 | 0.0000 | 3.5841 | -0.0217 | -0.0000 | 11.9266 | -0.1217 | -0.0000 | 11.9525 | 0.1093 | 0.0000 | 
20.3723 | 0.0094 | 0.0000 | 3.5973 | -0.0218 | -0.0000 | 11.9718 | -0.1221 | -0.0000 | 11.9978 | 0.1097 | 0.0000 | 
20.4496 | 0.0094 | 0.0000 | 3.6106 | -0.0218 | -0.0000 | 12.0170 | -0.1225 | -0.0000 | 12.0431 | 0.1101 | 0.0000 | 
20.5268 | 0.0094 | 0.0000 | 3.6238 | -0.0218 | -0.0000 | 12.0622 | -0.1230 | -0.0000 | 12.0884 | 0.1105 | 0.0000 | 
20.6041 | 0.0094 | 0.0000 | 3.6370 | -0.0219 | -0.0000 | 12.1074 | -0.1234 | -0.0000 | 12.1337 | 0.1109 | 0.0000 | 
20.6814 | 0.0094 | 0.0000 | 3.6502 | -0.0219 | -0.0000 | 12.1526 | -0.1238 | -0.0000 | 12.1790 | 0.1113 | 0.0000 | 
20.7588 | 0.0095 | -0.0000 | 3.6634 | -0.0219 | -0.0000 | 12.1978 | -0.1242 | -0.0000 | 12.2243 | 0.1117 | 0.0000 | 
20.8361 | 0.0095 | -0.0000 | 3.6766 | -0.0220 | -0.0000 | 12.2431 | -0.1246 | -0.0000 | 12.2696 | 0.1121 | 0.0000 | 
20.9134 | 0.0095 | 0.0000 | 3.6898 | -0.0220 | -0.0000 | 12.2883 | -0.1250 | -0.0000 | 12.3149 | 0.1125 | 0.0000 | 
20.9907 | 0.0095 | 0.0000 | 3.7030 | -0.0220 | -0.0000 | 12.3335 | -0.1254 | -0.0000 | 12.3602 | 0.1130 | 0.0000 | 
21.0680 | 0.0095 | 0.0000 | 3.7162 | -0.0220 | -0.0000 | 12.3787 | -0.1259 | -0.0000 | 12.4055 | 0.1134 | 0.0000 | 
21.1453 | 0.0096 | 0.0000 | 3.7294 | -0.0221 | -0.0000 | 12.4239 | -0.1263 | -0.0000 | 12.4508 | 0.1138 | 0.0000 | 
21.2227 | 0.0096 | 0.0000 | 3.7426 | -0.0221 | -0.0000 | 12.4691 | -0.1267 | -0.0000 | 12.4961 | 0.1142 | 0.0000 | 
21.3000 | 0.0096 | 0.0000 | 3.7558 | -0.0221 | -0.0000 | 12.5143 | -0.1271 | -0.0000 | 12.5414 | 0.1146 | 0.0000 | 
21.3773 | 0.0096 | 0.0000 | 3.7689 | -0.0222 | -0.0000 | 12.5595 | -0.1275 | -0.0000 | 12.5868 | 0.1150 | 0.0000 | 
21.4547 | 0.0096 | 0.0000 | 3.7821 | -0.0222 | -0.0000 | 12.6047 | -0.1279 | -0.0000 | 12.6321 | 0.1154 | 0.0000 | 
21.5320 | 0.0097 | -0.0000 | 3.7953 | -0.0222 | -0.0000 | 12.6499 | -0.1283 | -0.0000 | 12.6774 | 0.1158 | 0.0000 | 
21.6093 | 0.0097 | -0.0000 | 3.8085 | -0.0223 | -0.0000 | 12.6951 | -0.1288 | -0.0000 | 12.7227 | 0.1162 | 0.0000 | 
21.6867 | 0.0097 | -0.0000 | 3.8216 | -0.0223 | -0.0000 | 12.7403 | -0.1292 | -0.0000 | 12.7680 | 0.1166 | 0.0000 | 
21.7640 | 0.0097 | -0.0000 | 3.8348 | -0.0223 | -0.0000 | 12.7856 | -0.1296 | -0.0000 | 12.8133 | 0.1170 | 0.0000 | 
21.8414 | 0.0098 | -0.0000 | 3.8479 | -0.0223 | -0.0000 | 12.8308 | -0.1300 | -0.0000 | 12.8586 | 0.1174 | 0.0000 | 
21.9188 | 0.0098 | -0.0000 | 3.8611 | -0.0224 | -0.0000 | 12.8760 | -0.1304 | -0.0000 | 12.9039 | 0.1178 | 0.0000 | 
21.9961 | 0.0098 | -0.0000 | 3.8742 | -0.0224 | -0.0000 | 12.9212 | -0.1308 | -0.0000 | 12.9492 | 0.1182 | 0.0000 | 
22.0735 | 0.0098 | -0.0000 | 3.8874 | -0.0224 | -0.0000 | 12.9664 | -0.1312 | -0.0000 | 12.9945 | 0.1186 | 0.0000 | 
22.1508 | 0.0098 | -0.0000 | 3.9005 | -0.0225 | -0.0000 | 13.0116 | -0.1316 | -0.0000 | 13.0398 | 0.1190 | 0.0000 | 
22.2282 | 0.0099 | 0.0000 | 3.9137 | -0.0225 | -0.0000 | 13.0568 | -0.1320 | -0.0000 | 13.0851 | 0.1194 | 0.0000 | 
22.3056 | 0.0099 | 0.0000 | 3.9268 | -0.0225 | -0.0000 | 13.1020 | -0.1325 | -0.0000 | 13.1304 | 0.1198 | 0.0000 | 
22.3830 | 0.0099 | -0.0000 | 3.9400 | -0.0225 | -0.0000 | 13.1472 | -0.1329 | -0.0000 | 13.1757 | 0.1202 | 0.0000 | 
22.4603 | 0.0099 | -0.0000 | 3.9531 | -0.0226 | -0.0000 | 13.1924 | -0.1333 | -0.0000 | 13.2210 | 0.1206 | 0.0000 | 
22.5377 | 0.0099 | -0.0000 | 3.9662 | -0.0226 | -0.0000 | 13.2376 | -0.1337 | -0.0000 | 13.2663 | 0.1210 | 0.0000 | 
22.6151 | 0.0100 | -0.0000 | 3.9793 | -0.0226 | -0.0000 | 13.2828 | -0.1341 | -0.0000 | 13.3116 | 0.1214 | 0.0000 | 
22.6925 | 0.0100 | -0.0000 | 3.9925 | -0.0226 | -0.0000 | 13.3281 | -0.1345 | -0.0000 | 13.3569 | 0.1218 | 0.0000 | 
22.7699 | 0.0100 | -0.0000 | 4.0056 | -0.0227 | -0.0000 | 13.3733 | -0.1349 | -0.0000 | 13.4022 | 0.1222 | 0.0000 | 
22.8473 | 0.0100 | -0.0000 | 4.0187 | -0.0227 | 0.0000 | 13.4185 | -0.1353 | -0.0000 | 13.4475 | 0.1226 | 0.0000 | 
22.9247 | 0.0100 | 0.0000 | 4.0318 | -0.0227 | 0.0000 | 13.4637 | -0.1357 | -0.0000 | 13.4928 | 0.1230 | 0.0000 | 
23.0021 | 0.0101 | 0.0000 | 4.0449 | -0.0227 | 0.0000 | 13.5089 | -0.1361 | -0.0000 | 13.5381 | 0.1234 | 0.0000 | 
23.0795 | 0.0101 | -0.0000 | 4.0580 | -0.0228 | -0.0000 | 13.5541 | -0.1365 | -0.0000 | 13.5834 | 0.1238 | 0.0000 | 
23.1569 | 0.0101 | -0.0000 | 4.0711 | -0.0228 | -0.0000 | 13.5993 | -0.1370 | -0.0000 | 13.6287 | 0.1242 | 0.0000 | 
23.2344 | 0.0101 | -0.0000 | 4.0842 | -0.0228 | -0.0000 | 13.6445 | -0.1374 | -0.0000 | 13.6740 | 0.1247 | 0.0000 | 
23.3118 | 0.0101 | -0.0000 | 4.0973 | -0.0228 | -0.0000 | 13.6897 | -0.1378 | -0.0000 | 13.7193 | 0.1251 | 0.0000 | 
23.3892 | 0.0101 | -0.0000 | 4.1104 | -0.0229 | -0.0000 | 13.7349 | -0.1382 | -0.0000 | 13.7647 | 0.1255 | 0.0000 | 
23.4666 | 0.0102 | -0.0000 | 4.1234 | -0.0229 | -0.0000 | 13.7801 | -0.1386 | -0.0000 | 13.8100 | 0.1259 | 0.0000 | 
23.5441 | 0.0102 | -0.0000 | 4.1365 | -0.0229 | -0.0000 | 13.8253 | -0.1390 | -0.0000 | 13.8553 | 0.1263 | 0.0000 | 
23.6215 | 0.0102 | -0.0000 | 4.1496 | -0.0229 | -0.0000 | 13.8706 | -0.1394 | -0.0000 | 13.9006 | 0.1267 | 0.0000 | 
23.6990 | 0.0102 | -0.0000 | 4.1627 | -0.0230 | -0.0000 | 13.9158 | -0.1398 | -0.0000 | 13.9459 | 0.1271 | 0.0000 | 
23.7764 | 0.0102 | -0.0000 | 4.1757 | -0.0230 | -0.0000 | 13.9610 | -0.1402 | -0.0000 | 13.9912 | 0.1275 | 0.0000 | 
23.8539 | 0.0103 | -0.0000 | 4.1888 | -0.0230 | -0.0000 | 14.0062 | -0.1406 | -0.0000 | 14.0365 | 0.1279 | 0.0000 | 
23.9313 | 0.0103 | -0.0000 | 4.2019 | -0.0230 | -0.0000 | 14.0514 | -0.1410 | -0.0000 | 14.0818 | 0.1283 | 0.0000 | 
24.0088 | 0.0103 | -0.0000 | 4.2149 | -0.0231 | -0.0000 | 14.0966 | -0.1414 | -0.0000 | 14.1271 | 0.1287 | 0.0000 | 
24.0862 | 0.0103 | -0.0000 | 4.2280 | -0.0231 | -0.0000 | 14.1418 | -0.1418 | -0.0000 | 14.1724 | 0.1291 | 0.0000 | 
24.1637 | 0.0103 | -0.0000 | 4.2410 | -0.0231 | -0.0000 | 14.1870 | -0.1423 | -0.0000 | 14.2177 | 0.1295 | 0.0000 | 
24.2412 | 0.0103 | -0.0000 | 4.2541 | -0.0231 | -0.0000 | 14.2322 | -0.1427 | -0.0000 | 14.2630 | 0.1299 | 0.0000 | 
24.3186 | 0.0104 | -0.0000 | 4.2671 | -0.0232 | -0.0000 | 14.2774 | -0.1431 | -0.0000 | 14.3083 | 0.1303 | 0.0000 | 
24.3961 | 0.0104 | -0.0000 | 4.2801 | -0.0232 | -0.0000 | 14.3226 | -0.1435 | -0.0000 | 14.3536 | 0.1307 | 0.0000 | 
24.4736 | 0.0104 | -0.0000 | 4.2932 | -0.0232 | -0.0000 | 14.3678 | -0.1439 | -0.0000 | 14.3989 | 0.1311 | 0.0000 | 
24.5511 | 0.0104 | -0.0000 | 4.3062 | -0.0232 | -0.0000 | 14.4130 | -0.1443 | -0.0000 | 14.4442 | 0.1315 | 0.0000 | 
24.6285 | 0.0104 | -0.0000 | 4.3192 | -0.0233 | -0.0000 | 14.4583 | -0.1447 | -0.0000 | 14.4895 | 0.1319 | 0.0000 | 
24.7060 | 0.0104 | -0.0000 | 4.3322 | -0.0233 | -0.0000 | 14.5035 | -0.1451 | -0.0000 | 14.5348 | 0.1323 | 0.0000 | 
24.7835 | 0.0105 | -0.0000 | 4.3453 | -0.0233 | -0.0000 | 14.5487 | -0.1455 | -0.0000 | 14.5801 | 0.1327 | 0.0000 | 
24.8610 | 0.0105 | -0.0000 | 4.3583 | -0.0233 | -0.0000 | 14.5939 | -0.1459 | -0.0000 | 14.6254 | 0.1331 | 0.0000 | 
24.9385 | 0.0105 | -0.0000 | 4.3713 | -0.0234 | -0.0000 | 14.6391 | -0.1463 | -0.0000 | 14.6707 | 0.1335 | 0.0000 | 
25.0160 | 0.0105 | -0.0000 | 4.3843 | -0.0234 | -0.0000 | 14.6843 | -0.1467 | -0.0000 | 14.7160 | 0.1339 | 0.0000 | 
25.0935 | 0.0105 | -0.0000 | 4.3973 | -0.0234 | -0.0000 | 14.7295 | -0.1471 | -0.0000 | 14.7613 | 0.1343 | 0.0000 | 
25.1711 | 0.0106 | -0.0000 | 4.4103 | -0.0234 | -0.0000 | 14.7747 | -0.1475 | -0.0000 | 14.8066 | 0.1347 | 0.0000 | 
25.2486 | 0.0106 | -0.0000 | 4.4233 | -0.0234 | -0.0000 | 14.8199 | -0.1479 | -0.0000 | 14.8519 | 0.1351 | 0.0000 | 
25.3261 | 0.0106 | -0.0000 | 4.4363 | -0.0235 | -0.0000 | 14.8651 | -0.1483 | -0.0000 | 14.8972 | 0.1355 | 0.0000 | 
25.4036 | 0.0106 | -0.0000 | 4.4492 | -0.0235 | -0.0000 | 14.9103 | -0.1487 | -0.0000 | 14.9425 | 0.1359 | 0.0000 | 
25.4811 | 0.0106 | -0.0000 | 4.4622 | -0.0235 | -0.0000 | 14.9555 | -0.1491 | -0.0000 | 14.9878 | 0.1363 | 0.0000 | 
25.5587 | 0.0106 | -0.0000 | 4.4752 | -0.0235 | -0.0000 | 15.0007 | -0.1495 | -0.0000 | 15.0331 | 0.1367 | 0.0000 | 
25.6362 | 0.0107 | -0.0000 | 4.4882 | -0.0236 | -0.0000 | 15.0460 | -0.1499 | -0.0000 | 15.0784 | 0.1371 | 0.0000 | 
25.6762 | 0.0107 | -0.0000 | 4.4949 | -0.0236 | -0.0000 | 15.0693 | -0.1501 | -0.0000 | 15.1018 | 0.1373 | 0.0000 | 
