Test angle: 30
Node_A_151 coordinates: initialX | initialY | initialZ 
75.0000 | 0.0000 | 0.0000 | 
Node_B_1051 coordinates: initialX | initialY | initialZ 
-75.0000 | 0.0000 | 0.0000 | 
Node_C_606 coordinates: initialX | initialY | initialZ 
0.0000 | 5.0000 | 0.0000 | 
Node_D_1256 coordinates: initialX | initialY | initialZ 
0.0000 | -5.0000 | 0.0000 | 
  UA1  |  UA2  |  UA3 | UB1 | UB2 | UB3 | UC1 | UC2 | UC3 | UD1 | UD2 | UD3 
0.0000 | 0.0000 | 0.0000 | 0.0000 | 0.0000 | 0.0000 | 0.0000 | 0.0000 | 0.0000 | 0.0000 | 0.0000 | 0.0000 | 
0.0014 | -0.0000 | 0.0000 | 0.0004 | -0.0000 | 0.0000 | 0.0009 | -0.0000 | 0.0000 | 0.0009 | -0.0000 | 0.0000 | 
0.0029 | -0.0000 | -0.0000 | 0.0007 | -0.0000 | -0.0000 | 0.0018 | -0.0001 | -0.0000 | 0.0018 | -0.0000 | -0.0000 | 
0.0051 | -0.0001 | 0.0000 | 0.0013 | -0.0001 | 0.0000 | 0.0032 | -0.0001 | 0.0000 | 0.0032 | -0.0000 | 0.0000 | 
0.0083 | -0.0001 | -0.0000 | 0.0021 | -0.0001 | -0.0000 | 0.0052 | -0.0002 | -0.0000 | 0.0052 | -0.0000 | -0.0000 | 
0.0132 | -0.0001 | 0.0000 | 0.0033 | -0.0001 | 0.0000 | 0.0083 | -0.0002 | 0.0000 | 0.0083 | -0.0000 | 0.0000 | 
0.0205 | -0.0002 | -0.0000 | 0.0052 | -0.0002 | -0.0000 | 0.0128 | -0.0004 | -0.0000 | 0.0128 | -0.0000 | -0.0000 | 
0.0314 | -0.0003 | 0.0000 | 0.0080 | -0.0003 | 0.0000 | 0.0197 | -0.0006 | 0.0000 | 0.0197 | -0.0001 | 0.0000 | 
0.0479 | -0.0005 | -0.0000 | 0.0122 | -0.0005 | -0.0000 | 0.0300 | -0.0009 | -0.0000 | 0.0300 | -0.0001 | -0.0000 | 
0.0726 | -0.0008 | 0.0000 | 0.0184 | -0.0008 | 0.0000 | 0.0455 | -0.0014 | 0.0000 | 0.0455 | -0.0002 | 0.0000 | 
0.1096 | -0.0012 | -0.0000 | 0.0278 | -0.0012 | -0.0000 | 0.0687 | -0.0021 | -0.0000 | 0.0687 | -0.0003 | -0.0000 | 
0.1651 | -0.0018 | 0.0000 | 0.0419 | -0.0018 | 0.0000 | 0.1035 | -0.0031 | 0.0000 | 0.1035 | -0.0004 | 0.0000 | 
0.2373 | -0.0025 | -0.0000 | 0.0602 | -0.0025 | -0.0000 | 0.1487 | -0.0045 | -0.0000 | 0.1487 | -0.0006 | -0.0000 | 
0.3107 | -0.0030 | 0.0000 | 0.0773 | -0.0034 | -0.0000 | 0.1940 | -0.0057 | -0.0000 | 0.1940 | -0.0006 | 0.0000 | 
0.3304 | -0.0029 | -0.0000 | 0.0803 | -0.0035 | -0.0000 | 0.2052 | -0.0058 | -0.0000 | 0.2054 | -0.0005 | 0.0000 | 
0.3500 | -0.0028 | -0.0000 | 0.0832 | -0.0036 | 0.0000 | 0.2165 | -0.0060 | -0.0000 | 0.2167 | -0.0004 | 0.0000 | 
0.3795 | -0.0027 | 0.0000 | 0.0877 | -0.0037 | -0.0000 | 0.2334 | -0.0062 | -0.0000 | 0.2338 | -0.0002 | 0.0000 | 
0.4235 | -0.0025 | -0.0000 | 0.0946 | -0.0040 | -0.0000 | 0.2588 | -0.0066 | -0.0000 | 0.2593 | 0.0000 | 0.0000 | 
0.4894 | -0.0022 | -0.0000 | 0.1051 | -0.0043 | 0.0000 | 0.2969 | -0.0070 | -0.0000 | 0.2976 | 0.0005 | 0.0000 | 
0.5674 | -0.0019 | 0.0000 | 0.1176 | -0.0048 | 0.0000 | 0.3420 | -0.0076 | -0.0000 | 0.3430 | 0.0009 | 0.0000 | 
0.6451 | -0.0015 | -0.0000 | 0.1304 | -0.0052 | 0.0000 | 0.3871 | -0.0081 | -0.0000 | 0.3884 | 0.0014 | 0.0000 | 
0.7228 | -0.0012 | -0.0000 | 0.1432 | -0.0057 | 0.0000 | 0.4323 | -0.0088 | -0.0000 | 0.4338 | 0.0019 | 0.0000 | 
0.8004 | -0.0008 | 0.0000 | 0.1561 | -0.0061 | -0.0000 | 0.4774 | -0.0092 | -0.0000 | 0.4792 | 0.0024 | 0.0000 | 
0.8779 | -0.0005 | 0.0000 | 0.1692 | -0.0066 | -0.0000 | 0.5225 | -0.0099 | -0.0000 | 0.5246 | 0.0028 | 0.0000 | 
0.9553 | -0.0001 | -0.0000 | 0.1823 | -0.0070 | 0.0000 | 0.5676 | -0.0104 | -0.0000 | 0.5699 | 0.0033 | 0.0000 | 
1.0327 | 0.0003 | -0.0000 | 0.1954 | -0.0074 | -0.0000 | 0.6127 | -0.0109 | -0.0000 | 0.6153 | 0.0038 | 0.0000 | 
1.1100 | 0.0006 | 0.0000 | 0.2086 | -0.0078 | 0.0000 | 0.6579 | -0.0115 | -0.0000 | 0.6607 | 0.0042 | 0.0000 | 
1.1873 | 0.0009 | -0.0000 | 0.2218 | -0.0082 | 0.0000 | 0.7030 | -0.0121 | -0.0000 | 0.7061 | 0.0047 | 0.0000 | 
1.2645 | 0.0013 | 0.0000 | 0.2351 | -0.0086 | -0.0000 | 0.7481 | -0.0125 | -0.0000 | 0.7515 | 0.0053 | 0.0000 | 
1.3418 | 0.0016 | 0.0000 | 0.2484 | -0.0090 | 0.0000 | 0.7933 | -0.0131 | -0.0000 | 0.7969 | 0.0057 | 0.0000 | 
1.4189 | 0.0019 | 0.0000 | 0.2617 | -0.0094 | 0.0000 | 0.8384 | -0.0137 | -0.0000 | 0.8423 | 0.0061 | 0.0000 | 
1.4961 | 0.0022 | 0.0000 | 0.2751 | -0.0098 | 0.0000 | 0.8835 | -0.0142 | -0.0000 | 0.8877 | 0.0066 | 0.0000 | 
1.5732 | 0.0026 | -0.0000 | 0.2885 | -0.0101 | 0.0000 | 0.9286 | -0.0147 | -0.0000 | 0.9330 | 0.0072 | 0.0000 | 
1.6503 | 0.0029 | -0.0000 | 0.3019 | -0.0105 | -0.0000 | 0.9738 | -0.0152 | -0.0000 | 0.9784 | 0.0076 | 0.0000 | 
1.7274 | 0.0032 | -0.0000 | 0.3153 | -0.0109 | 0.0000 | 1.0189 | -0.0158 | -0.0000 | 1.0238 | 0.0081 | 0.0000 | 
1.8045 | 0.0034 | 0.0000 | 0.3288 | -0.0113 | 0.0000 | 1.0641 | -0.0164 | -0.0000 | 1.0692 | 0.0085 | 0.0000 | 
1.8815 | 0.0038 | -0.0000 | 0.3422 | -0.0116 | -0.0000 | 1.1092 | -0.0169 | -0.0000 | 1.1146 | 0.0090 | 0.0000 | 
1.9585 | 0.0041 | 0.0000 | 0.3557 | -0.0120 | 0.0000 | 1.1543 | -0.0174 | -0.0000 | 1.1599 | 0.0095 | 0.0000 | 
2.0356 | 0.0044 | 0.0000 | 0.3692 | -0.0123 | 0.0000 | 1.1994 | -0.0179 | -0.0000 | 1.2053 | 0.0100 | 0.0000 | 
2.1126 | 0.0047 | 0.0000 | 0.3827 | -0.0127 | -0.0000 | 1.2446 | -0.0184 | -0.0000 | 1.2507 | 0.0105 | 0.0000 | 
2.1896 | 0.0050 | 0.0000 | 0.3963 | -0.0130 | 0.0000 | 1.2897 | -0.0190 | -0.0000 | 1.2961 | 0.0109 | 0.0000 | 
2.2665 | 0.0052 | 0.0000 | 0.4098 | -0.0134 | 0.0000 | 1.3349 | -0.0195 | -0.0000 | 1.3415 | 0.0114 | 0.0000 | 
2.3435 | 0.0055 | -0.0000 | 0.4233 | -0.0137 | 0.0000 | 1.3800 | -0.0200 | -0.0000 | 1.3869 | 0.0119 | 0.0000 | 
2.4205 | 0.0059 | -0.0000 | 0.4369 | -0.0141 | 0.0000 | 1.4251 | -0.0205 | -0.0000 | 1.4322 | 0.0124 | 0.0000 | 
2.4974 | 0.0061 | 0.0000 | 0.4505 | -0.0144 | 0.0000 | 1.4702 | -0.0211 | -0.0000 | 1.4776 | 0.0128 | 0.0000 | 
2.5743 | 0.0064 | 0.0000 | 0.4640 | -0.0147 | 0.0000 | 1.5154 | -0.0216 | -0.0000 | 1.5230 | 0.0133 | 0.0000 | 
2.6513 | 0.0067 | -0.0000 | 0.4776 | -0.0150 | 0.0000 | 1.5605 | -0.0221 | -0.0000 | 1.5684 | 0.0138 | 0.0000 | 
2.7282 | 0.0069 | 0.0000 | 0.4912 | -0.0153 | 0.0000 | 1.6056 | -0.0226 | -0.0000 | 1.6138 | 0.0142 | 0.0000 | 
2.8051 | 0.0072 | -0.0000 | 0.5048 | -0.0157 | -0.0000 | 1.6508 | -0.0232 | -0.0000 | 1.6591 | 0.0147 | 0.0000 | 
2.8820 | 0.0074 | 0.0000 | 0.5185 | -0.0160 | 0.0000 | 1.6959 | -0.0237 | -0.0000 | 1.7045 | 0.0152 | 0.0000 | 
2.9589 | 0.0078 | -0.0000 | 0.5321 | -0.0163 | -0.0000 | 1.7411 | -0.0242 | -0.0000 | 1.7499 | 0.0157 | 0.0000 | 
3.0358 | 0.0080 | -0.0000 | 0.5457 | -0.0166 | 0.0000 | 1.7862 | -0.0247 | -0.0000 | 1.7953 | 0.0161 | 0.0000 | 
3.1127 | 0.0083 | -0.0000 | 0.5593 | -0.0169 | -0.0000 | 1.8313 | -0.0252 | -0.0000 | 1.8406 | 0.0166 | 0.0000 | 
3.1895 | 0.0086 | 0.0000 | 0.5729 | -0.0172 | 0.0000 | 1.8765 | -0.0257 | -0.0000 | 1.8860 | 0.0171 | 0.0000 | 
3.2664 | 0.0088 | -0.0000 | 0.5865 | -0.0174 | -0.0000 | 1.9216 | -0.0262 | -0.0000 | 1.9314 | 0.0176 | 0.0000 | 
3.3433 | 0.0091 | 0.0000 | 0.6002 | -0.0177 | 0.0000 | 1.9667 | -0.0267 | -0.0000 | 1.9768 | 0.0181 | 0.0000 | 
3.4202 | 0.0093 | -0.0000 | 0.6138 | -0.0181 | 0.0000 | 2.0119 | -0.0273 | -0.0000 | 2.0221 | 0.0185 | 0.0000 | 
3.4971 | 0.0095 | -0.0000 | 0.6275 | -0.0184 | 0.0000 | 2.0570 | -0.0278 | -0.0000 | 2.0675 | 0.0190 | 0.0000 | 
3.5739 | 0.0097 | -0.0000 | 0.6412 | -0.0187 | -0.0000 | 2.1022 | -0.0283 | -0.0000 | 2.1129 | 0.0194 | 0.0000 | 
3.6508 | 0.0100 | -0.0000 | 0.6548 | -0.0189 | -0.0000 | 2.1473 | -0.0288 | -0.0000 | 2.1583 | 0.0199 | 0.0000 | 
3.7276 | 0.0103 | -0.0000 | 0.6685 | -0.0192 | 0.0000 | 2.1925 | -0.0293 | -0.0000 | 2.2037 | 0.0204 | 0.0000 | 
3.8045 | 0.0105 | -0.0000 | 0.6821 | -0.0195 | 0.0000 | 2.2376 | -0.0298 | -0.0000 | 2.2490 | 0.0209 | 0.0000 | 
3.8813 | 0.0108 | -0.0000 | 0.6958 | -0.0198 | -0.0000 | 2.2827 | -0.0303 | -0.0000 | 2.2944 | 0.0214 | 0.0000 | 
3.9582 | 0.0110 | -0.0000 | 0.7094 | -0.0200 | 0.0000 | 2.3278 | -0.0308 | -0.0000 | 2.3398 | 0.0218 | 0.0000 | 
4.0350 | 0.0112 | -0.0000 | 0.7231 | -0.0203 | -0.0000 | 2.3730 | -0.0313 | -0.0000 | 2.3851 | 0.0223 | 0.0000 | 
4.1119 | 0.0115 | 0.0000 | 0.7368 | -0.0205 | -0.0000 | 2.4181 | -0.0318 | -0.0000 | 2.4305 | 0.0228 | 0.0000 | 
4.1887 | 0.0117 | 0.0000 | 0.7505 | -0.0208 | -0.0000 | 2.4633 | -0.0323 | -0.0000 | 2.4759 | 0.0233 | 0.0000 | 
4.2656 | 0.0119 | -0.0000 | 0.7641 | -0.0211 | -0.0000 | 2.5084 | -0.0329 | -0.0000 | 2.5213 | 0.0237 | 0.0000 | 
4.3424 | 0.0121 | -0.0000 | 0.7778 | -0.0214 | 0.0000 | 2.5535 | -0.0334 | -0.0000 | 2.5667 | 0.0242 | 0.0000 | 
4.4192 | 0.0123 | -0.0000 | 0.7915 | -0.0216 | -0.0000 | 2.5987 | -0.0339 | -0.0000 | 2.6120 | 0.0246 | 0.0000 | 
4.4961 | 0.0125 | 0.0000 | 0.8052 | -0.0219 | -0.0000 | 2.6438 | -0.0344 | -0.0000 | 2.6574 | 0.0251 | 0.0000 | 
4.5729 | 0.0128 | -0.0000 | 0.8189 | -0.0221 | 0.0000 | 2.6890 | -0.0349 | -0.0000 | 2.7028 | 0.0256 | 0.0000 | 
4.6497 | 0.0130 | 0.0000 | 0.8326 | -0.0224 | -0.0000 | 2.7341 | -0.0354 | -0.0000 | 2.7482 | 0.0261 | 0.0000 | 
4.7266 | 0.0133 | 0.0000 | 0.8462 | -0.0226 | -0.0000 | 2.7793 | -0.0359 | -0.0000 | 2.7935 | 0.0266 | 0.0000 | 
4.8034 | 0.0135 | -0.0000 | 0.8599 | -0.0228 | 0.0000 | 2.8244 | -0.0364 | -0.0000 | 2.8389 | 0.0270 | 0.0000 | 
4.8802 | 0.0137 | 0.0000 | 0.8736 | -0.0231 | -0.0000 | 2.8695 | -0.0369 | -0.0000 | 2.8843 | 0.0275 | 0.0000 | 
4.9570 | 0.0139 | 0.0000 | 0.8873 | -0.0234 | -0.0000 | 2.9147 | -0.0374 | -0.0000 | 2.9296 | 0.0280 | 0.0000 | 
5.0339 | 0.0141 | 0.0000 | 0.9009 | -0.0236 | -0.0000 | 2.9598 | -0.0379 | -0.0000 | 2.9750 | 0.0284 | 0.0000 | 
5.1107 | 0.0143 | 0.0000 | 0.9146 | -0.0238 | 0.0000 | 3.0049 | -0.0384 | -0.0000 | 3.0204 | 0.0289 | 0.0000 | 
5.1875 | 0.0145 | -0.0000 | 0.9283 | -0.0240 | 0.0000 | 3.0501 | -0.0389 | -0.0000 | 3.0658 | 0.0294 | 0.0000 | 
5.2644 | 0.0147 | 0.0000 | 0.9420 | -0.0243 | -0.0000 | 3.0952 | -0.0394 | -0.0000 | 3.1111 | 0.0299 | 0.0000 | 
5.3412 | 0.0149 | -0.0000 | 0.9557 | -0.0245 | -0.0000 | 3.1404 | -0.0399 | -0.0000 | 3.1565 | 0.0303 | 0.0000 | 
5.4181 | 0.0151 | -0.0000 | 0.9694 | -0.0248 | -0.0000 | 3.1855 | -0.0404 | -0.0000 | 3.2019 | 0.0308 | 0.0000 | 
5.4949 | 0.0153 | 0.0000 | 0.9830 | -0.0250 | -0.0000 | 3.2307 | -0.0410 | -0.0000 | 3.2473 | 0.0312 | 0.0000 | 
5.5717 | 0.0155 | -0.0000 | 0.9967 | -0.0253 | -0.0000 | 3.2758 | -0.0415 | -0.0000 | 3.2926 | 0.0317 | 0.0000 | 
5.6485 | 0.0157 | -0.0000 | 1.0104 | -0.0255 | -0.0000 | 3.3210 | -0.0420 | -0.0000 | 3.3380 | 0.0322 | 0.0000 | 
5.7254 | 0.0159 | -0.0000 | 1.0241 | -0.0257 | -0.0000 | 3.3661 | -0.0424 | -0.0000 | 3.3834 | 0.0327 | 0.0000 | 
5.8022 | 0.0161 | -0.0000 | 1.0378 | -0.0259 | -0.0000 | 3.4112 | -0.0429 | -0.0000 | 3.4288 | 0.0331 | 0.0000 | 
5.8790 | 0.0163 | -0.0000 | 1.0515 | -0.0261 | -0.0000 | 3.4564 | -0.0434 | -0.0000 | 3.4741 | 0.0336 | 0.0000 | 
5.9559 | 0.0165 | -0.0000 | 1.0652 | -0.0263 | -0.0000 | 3.5015 | -0.0439 | -0.0000 | 3.5195 | 0.0341 | 0.0000 | 
6.0327 | 0.0167 | 0.0000 | 1.0788 | -0.0265 | -0.0000 | 3.5467 | -0.0444 | -0.0000 | 3.5649 | 0.0346 | 0.0000 | 
6.1095 | 0.0169 | -0.0000 | 1.0925 | -0.0268 | -0.0000 | 3.5918 | -0.0449 | -0.0000 | 3.6102 | 0.0350 | 0.0000 | 
6.1864 | 0.0171 | -0.0000 | 1.1062 | -0.0270 | -0.0000 | 3.6369 | -0.0454 | -0.0000 | 3.6556 | 0.0355 | 0.0000 | 
6.2632 | 0.0173 | -0.0000 | 1.1198 | -0.0272 | -0.0000 | 3.6821 | -0.0459 | -0.0000 | 3.7010 | 0.0360 | 0.0000 | 
6.3400 | 0.0175 | -0.0000 | 1.1335 | -0.0274 | -0.0000 | 3.7272 | -0.0464 | -0.0000 | 3.7463 | 0.0364 | 0.0000 | 
6.4169 | 0.0176 | -0.0000 | 1.1472 | -0.0276 | -0.0000 | 3.7724 | -0.0469 | -0.0000 | 3.7917 | 0.0369 | 0.0000 | 
6.4937 | 0.0178 | -0.0000 | 1.1609 | -0.0278 | -0.0000 | 3.8175 | -0.0474 | -0.0000 | 3.8371 | 0.0374 | 0.0000 | 
6.5706 | 0.0180 | -0.0000 | 1.1745 | -0.0280 | -0.0000 | 3.8626 | -0.0479 | -0.0000 | 3.8825 | 0.0379 | 0.0000 | 
6.6474 | 0.0182 | -0.0000 | 1.1882 | -0.0282 | -0.0000 | 3.9078 | -0.0483 | -0.0000 | 3.9278 | 0.0383 | 0.0000 | 
6.7243 | 0.0184 | -0.0000 | 1.2019 | -0.0284 | -0.0000 | 3.9529 | -0.0488 | -0.0000 | 3.9732 | 0.0388 | 0.0000 | 
6.8011 | 0.0185 | -0.0000 | 1.2156 | -0.0286 | -0.0000 | 3.9981 | -0.0494 | -0.0000 | 4.0186 | 0.0392 | 0.0000 | 
6.8780 | 0.0187 | -0.0000 | 1.2292 | -0.0289 | -0.0000 | 4.0432 | -0.0499 | -0.0000 | 4.0640 | 0.0397 | 0.0000 | 
6.9548 | 0.0189 | -0.0000 | 1.2429 | -0.0291 | -0.0000 | 4.0884 | -0.0504 | -0.0000 | 4.1093 | 0.0402 | 0.0000 | 
7.0316 | 0.0191 | -0.0000 | 1.2566 | -0.0293 | -0.0000 | 4.1335 | -0.0509 | -0.0000 | 4.1547 | 0.0406 | 0.0000 | 
7.1085 | 0.0192 | -0.0000 | 1.2702 | -0.0295 | -0.0000 | 4.1787 | -0.0513 | -0.0000 | 4.2001 | 0.0411 | 0.0000 | 
7.1853 | 0.0194 | -0.0000 | 1.2839 | -0.0297 | -0.0000 | 4.2238 | -0.0518 | -0.0000 | 4.2454 | 0.0416 | 0.0000 | 
7.2622 | 0.0196 | -0.0000 | 1.2976 | -0.0299 | -0.0000 | 4.2690 | -0.0523 | -0.0000 | 4.2908 | 0.0420 | 0.0000 | 
7.3390 | 0.0198 | -0.0000 | 1.3112 | -0.0301 | -0.0000 | 4.3141 | -0.0528 | -0.0000 | 4.3362 | 0.0425 | 0.0000 | 
7.4159 | 0.0200 | -0.0000 | 1.3249 | -0.0302 | -0.0000 | 4.3592 | -0.0533 | -0.0000 | 4.3815 | 0.0430 | 0.0000 | 
7.4928 | 0.0201 | -0.0000 | 1.3386 | -0.0304 | -0.0000 | 4.4044 | -0.0538 | -0.0000 | 4.4269 | 0.0435 | 0.0000 | 
7.5696 | 0.0203 | -0.0000 | 1.3522 | -0.0306 | -0.0000 | 4.4495 | -0.0542 | -0.0000 | 4.4723 | 0.0439 | 0.0000 | 
7.6465 | 0.0205 | -0.0000 | 1.3659 | -0.0308 | -0.0000 | 4.4947 | -0.0547 | -0.0000 | 4.5177 | 0.0444 | 0.0000 | 
7.7233 | 0.0206 | -0.0000 | 1.3795 | -0.0310 | -0.0000 | 4.5398 | -0.0552 | -0.0000 | 4.5630 | 0.0449 | 0.0000 | 
7.8002 | 0.0208 | -0.0000 | 1.3931 | -0.0312 | -0.0000 | 4.5849 | -0.0557 | -0.0000 | 4.6084 | 0.0453 | 0.0000 | 
7.8771 | 0.0210 | -0.0000 | 1.4068 | -0.0314 | -0.0000 | 4.6301 | -0.0562 | -0.0000 | 4.6538 | 0.0458 | 0.0000 | 
7.9539 | 0.0211 | -0.0000 | 1.4204 | -0.0315 | -0.0000 | 4.6752 | -0.0567 | -0.0000 | 4.6991 | 0.0463 | 0.0000 | 
8.0308 | 0.0213 | -0.0000 | 1.4341 | -0.0317 | -0.0000 | 4.7204 | -0.0572 | -0.0000 | 4.7445 | 0.0467 | 0.0000 | 
8.1077 | 0.0214 | -0.0000 | 1.4477 | -0.0319 | -0.0000 | 4.7655 | -0.0577 | -0.0000 | 4.7899 | 0.0472 | 0.0000 | 
8.1845 | 0.0216 | -0.0000 | 1.4613 | -0.0321 | -0.0000 | 4.8107 | -0.0582 | -0.0000 | 4.8352 | 0.0476 | 0.0000 | 
8.2614 | 0.0217 | -0.0000 | 1.4750 | -0.0323 | -0.0000 | 4.8558 | -0.0586 | -0.0000 | 4.8806 | 0.0481 | 0.0000 | 
8.3383 | 0.0219 | -0.0000 | 1.4886 | -0.0324 | -0.0000 | 4.9010 | -0.0591 | -0.0000 | 4.9260 | 0.0486 | 0.0000 | 
8.4152 | 0.0221 | -0.0000 | 1.5023 | -0.0326 | -0.0000 | 4.9461 | -0.0596 | -0.0000 | 4.9713 | 0.0491 | 0.0000 | 
8.4921 | 0.0222 | -0.0000 | 1.5159 | -0.0328 | -0.0000 | 4.9913 | -0.0601 | -0.0000 | 5.0167 | 0.0495 | 0.0000 | 
8.5690 | 0.0224 | -0.0000 | 1.5295 | -0.0330 | -0.0000 | 5.0364 | -0.0606 | -0.0000 | 5.0621 | 0.0500 | 0.0000 | 
8.6459 | 0.0225 | -0.0000 | 1.5432 | -0.0332 | -0.0000 | 5.0816 | -0.0611 | -0.0000 | 5.1075 | 0.0504 | 0.0000 | 
8.7227 | 0.0227 | -0.0000 | 1.5568 | -0.0334 | -0.0000 | 5.1267 | -0.0616 | -0.0000 | 5.1528 | 0.0509 | 0.0000 | 
8.7996 | 0.0228 | -0.0000 | 1.5704 | -0.0335 | -0.0000 | 5.1718 | -0.0621 | -0.0000 | 5.1982 | 0.0514 | 0.0000 | 
8.8765 | 0.0230 | -0.0000 | 1.5840 | -0.0337 | -0.0000 | 5.2170 | -0.0625 | -0.0000 | 5.2436 | 0.0518 | 0.0000 | 
8.9534 | 0.0231 | -0.0000 | 1.5977 | -0.0339 | -0.0000 | 5.2621 | -0.0630 | -0.0000 | 5.2889 | 0.0523 | 0.0000 | 
9.0303 | 0.0233 | -0.0000 | 1.6113 | -0.0341 | -0.0000 | 5.3073 | -0.0635 | -0.0000 | 5.3343 | 0.0528 | 0.0000 | 
9.1072 | 0.0234 | -0.0000 | 1.6249 | -0.0342 | 0.0000 | 5.3524 | -0.0640 | 0.0000 | 5.3797 | 0.0532 | -0.0000 | 
9.1841 | 0.0236 | 0.0000 | 1.6385 | -0.0344 | -0.0000 | 5.3976 | -0.0645 | -0.0000 | 5.4250 | 0.0537 | 0.0000 | 
9.2610 | 0.0238 | -0.0000 | 1.6521 | -0.0345 | -0.0000 | 5.4427 | -0.0650 | -0.0000 | 5.4704 | 0.0542 | 0.0000 | 
9.3379 | 0.0239 | -0.0000 | 1.6657 | -0.0347 | -0.0000 | 5.4879 | -0.0654 | -0.0000 | 5.5158 | 0.0546 | 0.0000 | 
9.4148 | 0.0241 | -0.0000 | 1.6794 | -0.0349 | -0.0000 | 5.5330 | -0.0659 | -0.0000 | 5.5611 | 0.0551 | 0.0000 | 
9.4917 | 0.0242 | -0.0000 | 1.6930 | -0.0350 | 0.0000 | 5.5782 | -0.0664 | -0.0000 | 5.6065 | 0.0556 | 0.0000 | 
9.5686 | 0.0244 | 0.0000 | 1.7066 | -0.0352 | -0.0000 | 5.6233 | -0.0669 | -0.0000 | 5.6519 | 0.0560 | 0.0000 | 
9.6455 | 0.0245 | -0.0000 | 1.7202 | -0.0353 | -0.0000 | 5.6684 | -0.0673 | -0.0000 | 5.6972 | 0.0565 | 0.0000 | 
9.7224 | 0.0246 | -0.0000 | 1.7338 | -0.0355 | -0.0000 | 5.7136 | -0.0678 | -0.0000 | 5.7426 | 0.0570 | 0.0000 | 
9.7994 | 0.0248 | -0.0000 | 1.7473 | -0.0356 | -0.0000 | 5.7587 | -0.0683 | -0.0000 | 5.7880 | 0.0574 | 0.0000 | 
9.8763 | 0.0249 | -0.0000 | 1.7609 | -0.0358 | 0.0000 | 5.8039 | -0.0688 | -0.0000 | 5.8333 | 0.0579 | 0.0000 | 
9.9532 | 0.0250 | -0.0000 | 1.7745 | -0.0360 | -0.0000 | 5.8490 | -0.0693 | -0.0000 | 5.8787 | 0.0583 | 0.0000 | 
10.0301 | 0.0252 | -0.0000 | 1.7881 | -0.0361 | -0.0000 | 5.8942 | -0.0698 | -0.0000 | 5.9241 | 0.0588 | 0.0000 | 
10.1071 | 0.0253 | -0.0000 | 1.8017 | -0.0363 | -0.0000 | 5.9393 | -0.0702 | -0.0000 | 5.9694 | 0.0593 | 0.0000 | 
10.1840 | 0.0254 | -0.0000 | 1.8153 | -0.0364 | -0.0000 | 5.9845 | -0.0707 | -0.0000 | 6.0148 | 0.0597 | 0.0000 | 
10.2609 | 0.0256 | -0.0000 | 1.8288 | -0.0366 | 0.0000 | 6.0296 | -0.0712 | -0.0000 | 6.0602 | 0.0602 | 0.0000 | 
10.3379 | 0.0257 | -0.0000 | 1.8424 | -0.0368 | -0.0000 | 6.0747 | -0.0717 | -0.0000 | 6.1055 | 0.0606 | 0.0000 | 
10.4148 | 0.0258 | -0.0000 | 1.8560 | -0.0369 | -0.0000 | 6.1199 | -0.0722 | -0.0000 | 6.1509 | 0.0611 | 0.0000 | 
10.4918 | 0.0260 | -0.0000 | 1.8696 | -0.0371 | -0.0000 | 6.1650 | -0.0726 | -0.0000 | 6.1963 | 0.0616 | 0.0000 | 
10.5687 | 0.0261 | -0.0000 | 1.8831 | -0.0372 | -0.0000 | 6.2102 | -0.0731 | -0.0000 | 6.2417 | 0.0620 | 0.0000 | 
10.6457 | 0.0262 | 0.0000 | 1.8967 | -0.0374 | -0.0000 | 6.2553 | -0.0736 | -0.0000 | 6.2870 | 0.0625 | 0.0000 | 
10.7226 | 0.0264 | 0.0000 | 1.9103 | -0.0375 | -0.0000 | 6.3005 | -0.0741 | -0.0000 | 6.3324 | 0.0629 | 0.0000 | 
10.7996 | 0.0265 | -0.0000 | 1.9238 | -0.0377 | -0.0000 | 6.3456 | -0.0745 | -0.0000 | 6.3778 | 0.0634 | 0.0000 | 
10.8765 | 0.0267 | -0.0000 | 1.9374 | -0.0378 | -0.0000 | 6.3908 | -0.0750 | -0.0000 | 6.4231 | 0.0639 | 0.0000 | 
10.9535 | 0.0268 | -0.0000 | 1.9510 | -0.0380 | -0.0000 | 6.4359 | -0.0755 | -0.0000 | 6.4685 | 0.0643 | 0.0000 | 
11.0304 | 0.0269 | -0.0000 | 1.9645 | -0.0381 | 0.0000 | 6.4811 | -0.0760 | -0.0000 | 6.5139 | 0.0648 | 0.0000 | 
11.1074 | 0.0271 | -0.0000 | 1.9781 | -0.0383 | -0.0000 | 6.5262 | -0.0765 | -0.0000 | 6.5592 | 0.0652 | 0.0000 | 
11.1843 | 0.0272 | -0.0000 | 1.9916 | -0.0384 | -0.0000 | 6.5714 | -0.0769 | -0.0000 | 6.6046 | 0.0657 | 0.0000 | 
11.2613 | 0.0273 | -0.0000 | 2.0052 | -0.0386 | -0.0000 | 6.6165 | -0.0774 | -0.0000 | 6.6500 | 0.0662 | 0.0000 | 
11.3383 | 0.0275 | -0.0000 | 2.0187 | -0.0387 | -0.0000 | 6.6617 | -0.0779 | -0.0000 | 6.6953 | 0.0666 | 0.0000 | 
11.4152 | 0.0276 | -0.0000 | 2.0323 | -0.0389 | 0.0000 | 6.7068 | -0.0784 | -0.0000 | 6.7407 | 0.0671 | 0.0000 | 
11.4922 | 0.0277 | -0.0000 | 2.0458 | -0.0390 | -0.0000 | 6.7520 | -0.0788 | -0.0000 | 6.7861 | 0.0675 | 0.0000 | 
11.5692 | 0.0278 | -0.0000 | 2.0594 | -0.0392 | -0.0000 | 6.7971 | -0.0793 | -0.0000 | 6.8314 | 0.0680 | 0.0000 | 
11.6461 | 0.0280 | -0.0000 | 2.0729 | -0.0393 | -0.0000 | 6.8422 | -0.0798 | -0.0000 | 6.8768 | 0.0685 | 0.0000 | 
11.7231 | 0.0281 | -0.0000 | 2.0864 | -0.0394 | -0.0000 | 6.8874 | -0.0803 | -0.0000 | 6.9222 | 0.0689 | 0.0000 | 
11.8001 | 0.0282 | -0.0000 | 2.1000 | -0.0396 | -0.0000 | 6.9325 | -0.0807 | -0.0000 | 6.9675 | 0.0694 | 0.0000 | 
11.8771 | 0.0284 | -0.0000 | 2.1135 | -0.0397 | -0.0000 | 6.9777 | -0.0812 | -0.0000 | 7.0129 | 0.0698 | 0.0000 | 
11.9541 | 0.0285 | -0.0000 | 2.1270 | -0.0398 | -0.0000 | 7.0228 | -0.0817 | -0.0000 | 7.0583 | 0.0703 | 0.0000 | 
12.0311 | 0.0286 | -0.0000 | 2.1405 | -0.0400 | -0.0000 | 7.0680 | -0.0821 | -0.0000 | 7.1036 | 0.0708 | 0.0000 | 
12.1081 | 0.0287 | -0.0000 | 2.1541 | -0.0401 | -0.0000 | 7.1131 | -0.0826 | -0.0000 | 7.1490 | 0.0712 | 0.0000 | 
12.1851 | 0.0288 | -0.0000 | 2.1676 | -0.0402 | -0.0000 | 7.1583 | -0.0831 | -0.0000 | 7.1944 | 0.0717 | 0.0000 | 
12.2621 | 0.0290 | -0.0000 | 2.1811 | -0.0404 | -0.0000 | 7.2034 | -0.0835 | -0.0000 | 7.2397 | 0.0722 | 0.0000 | 
12.3391 | 0.0291 | -0.0000 | 2.1946 | -0.0405 | -0.0000 | 7.2486 | -0.0840 | -0.0000 | 7.2851 | 0.0726 | 0.0000 | 
12.4161 | 0.0292 | -0.0000 | 2.2081 | -0.0406 | -0.0000 | 7.2937 | -0.0845 | -0.0000 | 7.3305 | 0.0731 | 0.0000 | 
12.4931 | 0.0293 | -0.0000 | 2.2216 | -0.0408 | -0.0000 | 7.3389 | -0.0850 | -0.0000 | 7.3758 | 0.0735 | 0.0000 | 
12.5701 | 0.0294 | -0.0000 | 2.2351 | -0.0409 | -0.0000 | 7.3840 | -0.0854 | -0.0000 | 7.4212 | 0.0740 | 0.0000 | 
12.6471 | 0.0295 | -0.0000 | 2.2486 | -0.0410 | -0.0000 | 7.4292 | -0.0859 | -0.0000 | 7.4665 | 0.0744 | 0.0000 | 
12.7241 | 0.0297 | -0.0000 | 2.2621 | -0.0411 | -0.0000 | 7.4743 | -0.0864 | -0.0000 | 7.5119 | 0.0749 | 0.0000 | 
12.8012 | 0.0298 | -0.0000 | 2.2756 | -0.0413 | -0.0000 | 7.5195 | -0.0869 | -0.0000 | 7.5573 | 0.0753 | 0.0000 | 
12.8782 | 0.0299 | -0.0000 | 2.2891 | -0.0414 | -0.0000 | 7.5646 | -0.0873 | -0.0000 | 7.6026 | 0.0758 | 0.0000 | 
12.9552 | 0.0300 | -0.0000 | 2.3026 | -0.0415 | -0.0000 | 7.6098 | -0.0878 | -0.0000 | 7.6480 | 0.0763 | 0.0000 | 
13.0322 | 0.0301 | -0.0000 | 2.3160 | -0.0417 | -0.0000 | 7.6549 | -0.0883 | -0.0000 | 7.6934 | 0.0767 | 0.0000 | 
13.1093 | 0.0302 | -0.0000 | 2.3295 | -0.0418 | -0.0000 | 7.7001 | -0.0887 | -0.0000 | 7.7387 | 0.0772 | 0.0000 | 
13.1863 | 0.0303 | -0.0000 | 2.3430 | -0.0419 | -0.0000 | 7.7452 | -0.0892 | -0.0000 | 7.7841 | 0.0776 | 0.0000 | 
13.2634 | 0.0304 | -0.0000 | 2.3565 | -0.0421 | -0.0000 | 7.7904 | -0.0897 | -0.0000 | 7.8295 | 0.0781 | 0.0000 | 
13.3404 | 0.0305 | -0.0000 | 2.3699 | -0.0422 | -0.0000 | 7.8355 | -0.0902 | -0.0000 | 7.8748 | 0.0785 | 0.0000 | 
13.4174 | 0.0307 | -0.0000 | 2.3834 | -0.0423 | -0.0000 | 7.8806 | -0.0906 | -0.0000 | 7.9202 | 0.0790 | 0.0000 | 
13.4945 | 0.0308 | -0.0000 | 2.3969 | -0.0424 | -0.0000 | 7.9258 | -0.0911 | -0.0000 | 7.9656 | 0.0794 | 0.0000 | 
13.5715 | 0.0309 | -0.0000 | 2.4103 | -0.0426 | -0.0000 | 7.9709 | -0.0916 | -0.0000 | 8.0109 | 0.0799 | 0.0000 | 
13.6486 | 0.0310 | -0.0000 | 2.4238 | -0.0427 | -0.0000 | 8.0161 | -0.0920 | -0.0000 | 8.0563 | 0.0803 | 0.0000 | 
13.7257 | 0.0311 | -0.0000 | 2.4373 | -0.0428 | -0.0000 | 8.0612 | -0.0925 | -0.0000 | 8.1017 | 0.0808 | 0.0000 | 
13.8027 | 0.0312 | -0.0000 | 2.4507 | -0.0429 | -0.0000 | 8.1064 | -0.0930 | -0.0000 | 8.1470 | 0.0813 | 0.0000 | 
13.8798 | 0.0314 | -0.0000 | 2.4642 | -0.0431 | -0.0000 | 8.1515 | -0.0934 | -0.0000 | 8.1924 | 0.0817 | 0.0000 | 
13.9568 | 0.0315 | -0.0000 | 2.4776 | -0.0432 | -0.0000 | 8.1967 | -0.0939 | -0.0000 | 8.2378 | 0.0822 | 0.0000 | 
14.0339 | 0.0316 | -0.0000 | 2.4911 | -0.0433 | -0.0000 | 8.2418 | -0.0944 | -0.0000 | 8.2831 | 0.0826 | 0.0000 | 
14.1110 | 0.0317 | -0.0000 | 2.5045 | -0.0434 | -0.0000 | 8.2870 | -0.0948 | -0.0000 | 8.3285 | 0.0831 | 0.0000 | 
14.1880 | 0.0318 | -0.0000 | 2.5180 | -0.0435 | -0.0000 | 8.3321 | -0.0953 | -0.0000 | 8.3739 | 0.0835 | 0.0000 | 
14.2651 | 0.0319 | -0.0000 | 2.5314 | -0.0437 | -0.0000 | 8.3773 | -0.0958 | -0.0000 | 8.4192 | 0.0840 | 0.0000 | 
14.3422 | 0.0320 | -0.0000 | 2.5448 | -0.0438 | -0.0000 | 8.4224 | -0.0962 | -0.0000 | 8.4646 | 0.0845 | 0.0000 | 
14.4193 | 0.0321 | -0.0000 | 2.5583 | -0.0439 | -0.0000 | 8.4676 | -0.0967 | -0.0000 | 8.5099 | 0.0849 | 0.0000 | 
14.4963 | 0.0322 | -0.0000 | 2.5717 | -0.0440 | -0.0000 | 8.5127 | -0.0972 | -0.0000 | 8.5553 | 0.0854 | 0.0000 | 
14.5734 | 0.0323 | -0.0000 | 2.5851 | -0.0442 | -0.0000 | 8.5579 | -0.0976 | -0.0000 | 8.6007 | 0.0858 | 0.0000 | 
14.6505 | 0.0324 | -0.0000 | 2.5985 | -0.0443 | -0.0000 | 8.6030 | -0.0981 | -0.0000 | 8.6460 | 0.0863 | 0.0000 | 
14.7276 | 0.0326 | -0.0000 | 2.6120 | -0.0444 | -0.0000 | 8.6482 | -0.0986 | -0.0000 | 8.6914 | 0.0867 | 0.0000 | 
14.8047 | 0.0327 | -0.0000 | 2.6254 | -0.0445 | -0.0000 | 8.6933 | -0.0990 | -0.0000 | 8.7368 | 0.0872 | 0.0000 | 
14.8818 | 0.0328 | -0.0000 | 2.6388 | -0.0446 | -0.0000 | 8.7385 | -0.0995 | -0.0000 | 8.7821 | 0.0876 | 0.0000 | 
14.9589 | 0.0329 | -0.0000 | 2.6522 | -0.0447 | -0.0000 | 8.7836 | -0.1000 | -0.0000 | 8.8275 | 0.0881 | 0.0000 | 
15.0360 | 0.0330 | -0.0000 | 2.6656 | -0.0449 | -0.0000 | 8.8288 | -0.1004 | -0.0000 | 8.8729 | 0.0885 | 0.0000 | 
15.1131 | 0.0331 | -0.0000 | 2.6790 | -0.0450 | -0.0000 | 8.8739 | -0.1009 | -0.0000 | 8.9182 | 0.0890 | 0.0000 | 
15.1902 | 0.0332 | -0.0000 | 2.6924 | -0.0451 | -0.0000 | 8.9191 | -0.1013 | -0.0000 | 8.9636 | 0.0894 | 0.0000 | 
15.2673 | 0.0333 | 0.0000 | 2.7058 | -0.0452 | -0.0000 | 8.9642 | -0.1018 | -0.0000 | 9.0090 | 0.0899 | 0.0000 | 
15.3445 | 0.0334 | -0.0000 | 2.7192 | -0.0453 | -0.0000 | 9.0094 | -0.1023 | -0.0000 | 9.0543 | 0.0903 | 0.0000 | 
15.4216 | 0.0335 | 0.0000 | 2.7326 | -0.0454 | -0.0000 | 9.0545 | -0.1027 | -0.0000 | 9.0997 | 0.0908 | 0.0000 | 
15.4987 | 0.0336 | 0.0000 | 2.7460 | -0.0455 | -0.0000 | 9.0997 | -0.1032 | -0.0000 | 9.1450 | 0.0912 | 0.0000 | 
15.5758 | 0.0337 | -0.0000 | 2.7594 | -0.0456 | -0.0000 | 9.1448 | -0.1036 | -0.0000 | 9.1904 | 0.0917 | 0.0000 | 
15.6530 | 0.0338 | -0.0000 | 2.7728 | -0.0457 | -0.0000 | 9.1900 | -0.1041 | -0.0000 | 9.2358 | 0.0922 | 0.0000 | 
15.7301 | 0.0339 | -0.0000 | 2.7862 | -0.0458 | -0.0000 | 9.2351 | -0.1046 | -0.0000 | 9.2811 | 0.0926 | 0.0000 | 
15.8072 | 0.0340 | 0.0000 | 2.7995 | -0.0460 | -0.0000 | 9.2803 | -0.1050 | -0.0000 | 9.3265 | 0.0931 | 0.0000 | 
15.8844 | 0.0341 | 0.0000 | 2.8129 | -0.0461 | -0.0000 | 9.3254 | -0.1055 | -0.0000 | 9.3719 | 0.0935 | 0.0000 | 
15.9615 | 0.0342 | -0.0000 | 2.8263 | -0.0462 | -0.0000 | 9.3706 | -0.1060 | -0.0000 | 9.4172 | 0.0940 | 0.0000 | 
16.0387 | 0.0343 | -0.0000 | 2.8396 | -0.0463 | -0.0000 | 9.4157 | -0.1064 | -0.0000 | 9.4626 | 0.0944 | 0.0000 | 
16.1158 | 0.0343 | -0.0000 | 2.8530 | -0.0464 | -0.0000 | 9.4609 | -0.1069 | -0.0000 | 9.5080 | 0.0949 | 0.0000 | 
16.1930 | 0.0344 | -0.0000 | 2.8664 | -0.0465 | -0.0000 | 9.5060 | -0.1073 | -0.0000 | 9.5533 | 0.0953 | 0.0000 | 
16.2701 | 0.0345 | -0.0000 | 2.8797 | -0.0466 | -0.0000 | 9.5512 | -0.1078 | -0.0000 | 9.5987 | 0.0958 | 0.0000 | 
16.3473 | 0.0346 | -0.0000 | 2.8931 | -0.0467 | -0.0000 | 9.5963 | -0.1083 | -0.0000 | 9.6440 | 0.0962 | 0.0000 | 
16.4244 | 0.0347 | -0.0000 | 2.9064 | -0.0468 | -0.0000 | 9.6414 | -0.1087 | -0.0000 | 9.6894 | 0.0967 | 0.0000 | 
16.5016 | 0.0348 | -0.0000 | 2.9198 | -0.0469 | -0.0000 | 9.6866 | -0.1092 | -0.0000 | 9.7348 | 0.0971 | 0.0000 | 
16.5788 | 0.0349 | -0.0000 | 2.9331 | -0.0470 | -0.0000 | 9.7317 | -0.1096 | -0.0000 | 9.7801 | 0.0976 | 0.0000 | 
16.6559 | 0.0350 | -0.0000 | 2.9465 | -0.0471 | -0.0000 | 9.7769 | -0.1101 | -0.0000 | 9.8255 | 0.0980 | 0.0000 | 
16.7331 | 0.0351 | -0.0000 | 2.9598 | -0.0472 | -0.0000 | 9.8220 | -0.1106 | -0.0000 | 9.8709 | 0.0984 | 0.0000 | 
16.8103 | 0.0352 | -0.0000 | 2.9731 | -0.0473 | -0.0000 | 9.8672 | -0.1110 | -0.0000 | 9.9162 | 0.0989 | 0.0000 | 
16.8875 | 0.0353 | -0.0000 | 2.9865 | -0.0474 | -0.0000 | 9.9123 | -0.1115 | -0.0000 | 9.9616 | 0.0993 | 0.0000 | 
16.9647 | 0.0353 | -0.0000 | 2.9998 | -0.0475 | -0.0000 | 9.9575 | -0.1119 | -0.0000 | 10.0070 | 0.0998 | 0.0000 | 
17.0419 | 0.0354 | -0.0000 | 3.0131 | -0.0476 | -0.0000 | 10.0026 | -0.1124 | -0.0000 | 10.0523 | 0.1002 | 0.0000 | 
17.1190 | 0.0355 | -0.0000 | 3.0264 | -0.0477 | -0.0000 | 10.0478 | -0.1129 | -0.0000 | 10.0977 | 0.1007 | 0.0000 | 
17.1962 | 0.0356 | -0.0000 | 3.0398 | -0.0478 | -0.0000 | 10.0929 | -0.1133 | -0.0000 | 10.1430 | 0.1011 | 0.0000 | 
17.2734 | 0.0357 | -0.0000 | 3.0531 | -0.0479 | -0.0000 | 10.1381 | -0.1138 | -0.0000 | 10.1884 | 0.1016 | 0.0000 | 
17.3506 | 0.0358 | -0.0000 | 3.0664 | -0.0480 | -0.0000 | 10.1832 | -0.1142 | -0.0000 | 10.2338 | 0.1020 | 0.0000 | 
17.4278 | 0.0359 | -0.0000 | 3.0797 | -0.0481 | -0.0000 | 10.2284 | -0.1147 | -0.0000 | 10.2791 | 0.1025 | 0.0000 | 
17.5051 | 0.0360 | -0.0000 | 3.0930 | -0.0482 | -0.0000 | 10.2735 | -0.1152 | -0.0000 | 10.3245 | 0.1029 | 0.0000 | 
17.5823 | 0.0361 | -0.0000 | 3.1063 | -0.0483 | -0.0000 | 10.3187 | -0.1156 | -0.0000 | 10.3699 | 0.1034 | 0.0000 | 
17.6595 | 0.0362 | -0.0000 | 3.1196 | -0.0484 | -0.0000 | 10.3638 | -0.1161 | -0.0000 | 10.4152 | 0.1038 | 0.0000 | 
17.7367 | 0.0363 | -0.0000 | 3.1329 | -0.0485 | -0.0000 | 10.4090 | -0.1165 | -0.0000 | 10.4606 | 0.1043 | 0.0000 | 
17.8139 | 0.0364 | -0.0000 | 3.1462 | -0.0486 | -0.0000 | 10.4541 | -0.1170 | -0.0000 | 10.5060 | 0.1047 | 0.0000 | 
17.8911 | 0.0364 | -0.0000 | 3.1595 | -0.0487 | -0.0000 | 10.4993 | -0.1174 | -0.0000 | 10.5513 | 0.1052 | 0.0000 | 
17.9684 | 0.0365 | -0.0000 | 3.1728 | -0.0488 | -0.0000 | 10.5444 | -0.1179 | -0.0000 | 10.5967 | 0.1056 | 0.0000 | 
18.0456 | 0.0366 | -0.0000 | 3.1860 | -0.0489 | -0.0000 | 10.5896 | -0.1183 | -0.0000 | 10.6420 | 0.1061 | 0.0000 | 
18.1228 | 0.0367 | -0.0000 | 3.1993 | -0.0490 | -0.0000 | 10.6347 | -0.1188 | -0.0000 | 10.6874 | 0.1065 | 0.0000 | 
18.2000 | 0.0368 | -0.0000 | 3.2126 | -0.0491 | -0.0000 | 10.6799 | -0.1193 | -0.0000 | 10.7328 | 0.1070 | 0.0000 | 
18.2773 | 0.0369 | -0.0000 | 3.2259 | -0.0492 | -0.0000 | 10.7250 | -0.1197 | -0.0000 | 10.7781 | 0.1074 | 0.0000 | 
18.3545 | 0.0370 | -0.0000 | 3.2391 | -0.0493 | -0.0000 | 10.7702 | -0.1202 | -0.0000 | 10.8235 | 0.1079 | 0.0000 | 
18.4318 | 0.0371 | -0.0000 | 3.2524 | -0.0494 | -0.0000 | 10.8153 | -0.1206 | -0.0000 | 10.8688 | 0.1083 | 0.0000 | 
18.5090 | 0.0372 | -0.0000 | 3.2657 | -0.0495 | -0.0000 | 10.8605 | -0.1211 | -0.0000 | 10.9142 | 0.1087 | 0.0000 | 
18.5863 | 0.0373 | -0.0000 | 3.2789 | -0.0496 | -0.0000 | 10.9056 | -0.1215 | -0.0000 | 10.9596 | 0.1092 | 0.0000 | 
18.6635 | 0.0373 | -0.0000 | 3.2922 | -0.0497 | -0.0000 | 10.9508 | -0.1220 | -0.0000 | 11.0049 | 0.1096 | 0.0000 | 
18.7408 | 0.0374 | -0.0000 | 3.3055 | -0.0498 | -0.0000 | 10.9959 | -0.1224 | -0.0000 | 11.0503 | 0.1101 | 0.0000 | 
18.8180 | 0.0375 | -0.0000 | 3.3187 | -0.0499 | -0.0000 | 11.0411 | -0.1229 | -0.0000 | 11.0957 | 0.1105 | 0.0000 | 
18.8953 | 0.0376 | -0.0000 | 3.3320 | -0.0500 | -0.0000 | 11.0862 | -0.1233 | -0.0000 | 11.1410 | 0.1110 | 0.0000 | 
18.9726 | 0.0377 | -0.0000 | 3.3452 | -0.0501 | -0.0000 | 11.1314 | -0.1238 | -0.0000 | 11.1864 | 0.1114 | 0.0000 | 
19.0498 | 0.0378 | -0.0000 | 3.3584 | -0.0501 | -0.0000 | 11.1765 | -0.1242 | -0.0000 | 11.2317 | 0.1119 | 0.0000 | 
19.1271 | 0.0378 | -0.0000 | 3.3717 | -0.0502 | -0.0000 | 11.2217 | -0.1247 | -0.0000 | 11.2771 | 0.1123 | 0.0000 | 
19.2044 | 0.0379 | -0.0000 | 3.3849 | -0.0503 | -0.0000 | 11.2668 | -0.1252 | -0.0000 | 11.3225 | 0.1127 | 0.0000 | 
19.2817 | 0.0380 | -0.0000 | 3.3981 | -0.0504 | -0.0000 | 11.3120 | -0.1256 | -0.0000 | 11.3678 | 0.1132 | 0.0000 | 
19.3590 | 0.0381 | -0.0000 | 3.4114 | -0.0505 | -0.0000 | 11.3571 | -0.1261 | -0.0000 | 11.4132 | 0.1136 | 0.0000 | 
19.4362 | 0.0382 | -0.0000 | 3.4246 | -0.0506 | -0.0000 | 11.4023 | -0.1265 | -0.0000 | 11.4586 | 0.1141 | 0.0000 | 
19.5135 | 0.0382 | -0.0000 | 3.4378 | -0.0507 | -0.0000 | 11.4474 | -0.1270 | -0.0000 | 11.5039 | 0.1145 | 0.0000 | 
19.5908 | 0.0383 | -0.0000 | 3.4510 | -0.0508 | -0.0000 | 11.4926 | -0.1274 | -0.0000 | 11.5493 | 0.1150 | 0.0000 | 
19.6681 | 0.0384 | -0.0000 | 3.4642 | -0.0509 | -0.0000 | 11.5377 | -0.1279 | -0.0000 | 11.5946 | 0.1154 | 0.0000 | 
19.7454 | 0.0385 | -0.0000 | 3.4775 | -0.0510 | -0.0000 | 11.5829 | -0.1283 | -0.0000 | 11.6400 | 0.1158 | 0.0000 | 
19.8227 | 0.0386 | -0.0000 | 3.4907 | -0.0511 | -0.0000 | 11.6280 | -0.1288 | -0.0000 | 11.6854 | 0.1163 | 0.0000 | 
19.9000 | 0.0386 | -0.0000 | 3.5039 | -0.0511 | -0.0000 | 11.6732 | -0.1292 | -0.0000 | 11.7307 | 0.1167 | 0.0000 | 
19.9774 | 0.0387 | -0.0000 | 3.5171 | -0.0512 | -0.0000 | 11.7183 | -0.1297 | -0.0000 | 11.7761 | 0.1172 | 0.0000 | 
20.0547 | 0.0388 | -0.0000 | 3.5303 | -0.0513 | -0.0000 | 11.7635 | -0.1301 | -0.0000 | 11.8215 | 0.1176 | 0.0000 | 
20.1320 | 0.0389 | -0.0000 | 3.5435 | -0.0514 | -0.0000 | 11.8086 | -0.1306 | -0.0000 | 11.8668 | 0.1181 | 0.0000 | 
20.2093 | 0.0390 | -0.0000 | 3.5566 | -0.0515 | -0.0000 | 11.8538 | -0.1310 | -0.0000 | 11.9122 | 0.1185 | 0.0000 | 
20.2866 | 0.0390 | -0.0000 | 3.5698 | -0.0516 | -0.0000 | 11.8989 | -0.1315 | -0.0000 | 11.9575 | 0.1189 | 0.0000 | 
20.3640 | 0.0391 | -0.0000 | 3.5830 | -0.0517 | -0.0000 | 11.9441 | -0.1319 | -0.0000 | 12.0029 | 0.1194 | 0.0000 | 
20.4413 | 0.0392 | -0.0000 | 3.5962 | -0.0517 | -0.0000 | 11.9892 | -0.1324 | -0.0000 | 12.0483 | 0.1198 | 0.0000 | 
20.5186 | 0.0393 | -0.0000 | 3.6094 | -0.0518 | -0.0000 | 12.0344 | -0.1328 | -0.0000 | 12.0936 | 0.1203 | 0.0000 | 
20.5960 | 0.0393 | -0.0000 | 3.6226 | -0.0519 | -0.0000 | 12.0795 | -0.1333 | -0.0000 | 12.1390 | 0.1207 | 0.0000 | 
20.6733 | 0.0394 | -0.0000 | 3.6357 | -0.0520 | -0.0000 | 12.1247 | -0.1337 | -0.0000 | 12.1844 | 0.1212 | 0.0000 | 
20.7507 | 0.0395 | -0.0000 | 3.6489 | -0.0521 | -0.0000 | 12.1698 | -0.1342 | -0.0000 | 12.2297 | 0.1216 | 0.0000 | 
20.8280 | 0.0396 | -0.0000 | 3.6620 | -0.0521 | -0.0000 | 12.2150 | -0.1346 | -0.0000 | 12.2751 | 0.1220 | 0.0000 | 
20.9054 | 0.0396 | -0.0000 | 3.6752 | -0.0522 | -0.0000 | 12.2601 | -0.1351 | -0.0000 | 12.3204 | 0.1225 | 0.0000 | 
20.9827 | 0.0397 | -0.0000 | 3.6884 | -0.0523 | -0.0000 | 12.3053 | -0.1355 | -0.0000 | 12.3658 | 0.1229 | 0.0000 | 
21.0601 | 0.0398 | -0.0000 | 3.7015 | -0.0524 | -0.0000 | 12.3504 | -0.1360 | -0.0000 | 12.4112 | 0.1234 | 0.0000 | 
21.1375 | 0.0398 | -0.0000 | 3.7147 | -0.0525 | -0.0000 | 12.3956 | -0.1364 | -0.0000 | 12.4565 | 0.1238 | 0.0000 | 
21.2148 | 0.0399 | -0.0000 | 3.7278 | -0.0525 | -0.0000 | 12.4407 | -0.1369 | -0.0000 | 12.5019 | 0.1242 | 0.0000 | 
21.2922 | 0.0400 | -0.0000 | 3.7409 | -0.0526 | -0.0000 | 12.4859 | -0.1373 | -0.0000 | 12.5472 | 0.1247 | 0.0000 | 
21.3696 | 0.0401 | -0.0000 | 3.7541 | -0.0527 | -0.0000 | 12.5311 | -0.1378 | -0.0000 | 12.5926 | 0.1251 | 0.0000 | 
21.4470 | 0.0401 | -0.0000 | 3.7672 | -0.0528 | -0.0000 | 12.5762 | -0.1382 | -0.0000 | 12.6380 | 0.1256 | 0.0000 | 
21.5243 | 0.0402 | -0.0000 | 3.7803 | -0.0529 | -0.0000 | 12.6214 | -0.1387 | -0.0000 | 12.6833 | 0.1260 | 0.0000 | 
21.6017 | 0.0403 | -0.0000 | 3.7935 | -0.0529 | -0.0000 | 12.6665 | -0.1391 | -0.0000 | 12.7287 | 0.1264 | 0.0000 | 
21.6791 | 0.0403 | -0.0000 | 3.8066 | -0.0530 | -0.0000 | 12.7117 | -0.1396 | -0.0000 | 12.7741 | 0.1269 | 0.0000 | 
21.7565 | 0.0404 | -0.0000 | 3.8197 | -0.0531 | -0.0000 | 12.7568 | -0.1400 | -0.0000 | 12.8194 | 0.1273 | 0.0000 | 
21.8339 | 0.0405 | -0.0000 | 3.8328 | -0.0532 | -0.0000 | 12.8020 | -0.1404 | -0.0000 | 12.8648 | 0.1278 | 0.0000 | 
21.9113 | 0.0406 | -0.0000 | 3.8459 | -0.0532 | -0.0000 | 12.8471 | -0.1409 | -0.0000 | 12.9101 | 0.1282 | 0.0000 | 
21.9887 | 0.0406 | -0.0000 | 3.8591 | -0.0533 | -0.0000 | 12.8923 | -0.1413 | -0.0000 | 12.9555 | 0.1286 | 0.0000 | 
22.0661 | 0.0407 | -0.0000 | 3.8722 | -0.0534 | -0.0000 | 12.9374 | -0.1418 | -0.0000 | 13.0009 | 0.1291 | 0.0000 | 
22.1435 | 0.0408 | -0.0000 | 3.8853 | -0.0535 | -0.0000 | 12.9826 | -0.1422 | -0.0000 | 13.0462 | 0.1295 | 0.0000 | 
22.2209 | 0.0408 | -0.0000 | 3.8984 | -0.0535 | -0.0000 | 13.0277 | -0.1427 | -0.0000 | 13.0916 | 0.1300 | 0.0000 | 
22.2984 | 0.0409 | -0.0000 | 3.9114 | -0.0536 | -0.0000 | 13.0729 | -0.1431 | -0.0000 | 13.1369 | 0.1304 | 0.0000 | 
22.3758 | 0.0410 | -0.0000 | 3.9245 | -0.0537 | -0.0000 | 13.1180 | -0.1436 | -0.0000 | 13.1823 | 0.1308 | 0.0000 | 
22.4532 | 0.0410 | -0.0000 | 3.9376 | -0.0538 | -0.0000 | 13.1632 | -0.1440 | -0.0000 | 13.2277 | 0.1313 | 0.0000 | 
22.5306 | 0.0411 | -0.0000 | 3.9507 | -0.0539 | -0.0000 | 13.2083 | -0.1445 | -0.0000 | 13.2730 | 0.1317 | 0.0000 | 
22.6081 | 0.0412 | -0.0000 | 3.9638 | -0.0539 | -0.0000 | 13.2535 | -0.1449 | -0.0000 | 13.3184 | 0.1321 | 0.0000 | 
22.6855 | 0.0412 | -0.0000 | 3.9769 | -0.0540 | -0.0000 | 13.2986 | -0.1453 | -0.0000 | 13.3637 | 0.1326 | 0.0000 | 
22.7629 | 0.0413 | -0.0000 | 3.9899 | -0.0541 | -0.0000 | 13.3438 | -0.1458 | -0.0000 | 13.4091 | 0.1330 | 0.0000 | 
22.8404 | 0.0414 | -0.0000 | 4.0030 | -0.0542 | -0.0000 | 13.3889 | -0.1462 | -0.0000 | 13.4545 | 0.1335 | 0.0000 | 
22.9178 | 0.0414 | -0.0000 | 4.0161 | -0.0542 | -0.0000 | 13.4341 | -0.1467 | -0.0000 | 13.4998 | 0.1339 | 0.0000 | 
22.9953 | 0.0415 | -0.0000 | 4.0291 | -0.0543 | -0.0000 | 13.4792 | -0.1471 | -0.0000 | 13.5452 | 0.1343 | 0.0000 | 
23.0727 | 0.0416 | -0.0000 | 4.0422 | -0.0544 | -0.0000 | 13.5244 | -0.1476 | -0.0000 | 13.5905 | 0.1348 | 0.0000 | 
23.1502 | 0.0417 | -0.0000 | 4.0552 | -0.0545 | -0.0000 | 13.5695 | -0.1480 | -0.0000 | 13.6359 | 0.1352 | 0.0000 | 
23.2276 | 0.0417 | -0.0000 | 4.0683 | -0.0545 | -0.0000 | 13.6147 | -0.1485 | -0.0000 | 13.6813 | 0.1356 | 0.0000 | 
23.3051 | 0.0418 | -0.0000 | 4.0813 | -0.0546 | -0.0000 | 13.6598 | -0.1489 | -0.0000 | 13.7266 | 0.1361 | 0.0000 | 
23.3826 | 0.0419 | -0.0000 | 4.0944 | -0.0547 | -0.0000 | 13.7050 | -0.1493 | -0.0000 | 13.7720 | 0.1365 | 0.0000 | 
23.4600 | 0.0419 | -0.0000 | 4.1074 | -0.0548 | -0.0000 | 13.7501 | -0.1498 | -0.0000 | 13.8174 | 0.1369 | 0.0000 | 
23.5375 | 0.0420 | -0.0000 | 4.1205 | -0.0548 | -0.0000 | 13.7953 | -0.1502 | -0.0000 | 13.8627 | 0.1374 | 0.0000 | 
23.6150 | 0.0421 | -0.0000 | 4.1335 | -0.0549 | -0.0000 | 13.8404 | -0.1507 | -0.0000 | 13.9081 | 0.1378 | 0.0000 | 
23.6925 | 0.0421 | -0.0000 | 4.1465 | -0.0550 | -0.0000 | 13.8856 | -0.1511 | -0.0000 | 13.9534 | 0.1383 | 0.0000 | 
23.7700 | 0.0422 | -0.0000 | 4.1596 | -0.0551 | -0.0000 | 13.9307 | -0.1516 | -0.0000 | 13.9988 | 0.1387 | 0.0000 | 
23.8475 | 0.0423 | -0.0000 | 4.1726 | -0.0551 | -0.0000 | 13.9759 | -0.1520 | -0.0000 | 14.0442 | 0.1391 | 0.0000 | 
23.9250 | 0.0423 | -0.0000 | 4.1856 | -0.0552 | -0.0000 | 14.0210 | -0.1524 | -0.0000 | 14.0895 | 0.1396 | 0.0000 | 
24.0024 | 0.0424 | -0.0000 | 4.1986 | -0.0553 | -0.0000 | 14.0662 | -0.1529 | -0.0000 | 14.1349 | 0.1400 | 0.0000 | 
24.0799 | 0.0425 | -0.0000 | 4.2116 | -0.0553 | -0.0000 | 14.1113 | -0.1533 | -0.0000 | 14.1802 | 0.1404 | 0.0000 | 
24.1575 | 0.0425 | -0.0000 | 4.2246 | -0.0554 | -0.0000 | 14.1565 | -0.1538 | -0.0000 | 14.2256 | 0.1409 | 0.0000 | 
24.2350 | 0.0426 | -0.0000 | 4.2376 | -0.0555 | -0.0000 | 14.2016 | -0.1542 | -0.0000 | 14.2710 | 0.1413 | 0.0000 | 
24.3125 | 0.0427 | -0.0000 | 4.2506 | -0.0556 | -0.0000 | 14.2468 | -0.1546 | -0.0000 | 14.3163 | 0.1417 | 0.0000 | 
24.3900 | 0.0427 | -0.0000 | 4.2636 | -0.0556 | -0.0000 | 14.2919 | -0.1551 | -0.0000 | 14.3617 | 0.1422 | 0.0000 | 
24.4675 | 0.0428 | -0.0000 | 4.2766 | -0.0557 | -0.0000 | 14.3371 | -0.1555 | -0.0000 | 14.4070 | 0.1426 | 0.0000 | 
24.5450 | 0.0428 | -0.0000 | 4.2896 | -0.0558 | -0.0000 | 14.3822 | -0.1560 | -0.0000 | 14.4524 | 0.1430 | 0.0000 | 
24.6226 | 0.0429 | -0.0000 | 4.3026 | -0.0558 | -0.0000 | 14.4274 | -0.1564 | -0.0000 | 14.4978 | 0.1435 | 0.0000 | 
24.7001 | 0.0430 | -0.0000 | 4.3156 | -0.0559 | -0.0000 | 14.4725 | -0.1568 | -0.0000 | 14.5431 | 0.1439 | 0.0000 | 
24.7776 | 0.0430 | -0.0000 | 4.3285 | -0.0560 | -0.0000 | 14.5177 | -0.1573 | -0.0000 | 14.5885 | 0.1443 | 0.0000 | 
24.8552 | 0.0431 | -0.0000 | 4.3415 | -0.0560 | -0.0000 | 14.5628 | -0.1577 | -0.0000 | 14.6338 | 0.1448 | 0.0000 | 
24.9327 | 0.0432 | -0.0000 | 4.3545 | -0.0561 | -0.0000 | 14.6080 | -0.1582 | -0.0000 | 14.6792 | 0.1452 | 0.0000 | 
25.0102 | 0.0432 | -0.0000 | 4.3674 | -0.0562 | -0.0000 | 14.6531 | -0.1586 | -0.0000 | 14.7245 | 0.1457 | 0.0000 | 
25.0878 | 0.0433 | -0.0000 | 4.3804 | -0.0562 | -0.0000 | 14.6983 | -0.1590 | -0.0000 | 14.7699 | 0.1461 | 0.0000 | 
25.1653 | 0.0434 | -0.0000 | 4.3934 | -0.0563 | -0.0000 | 14.7434 | -0.1595 | -0.0000 | 14.8153 | 0.1465 | 0.0000 | 
25.2429 | 0.0434 | -0.0000 | 4.4063 | -0.0564 | -0.0000 | 14.7886 | -0.1599 | -0.0000 | 14.8606 | 0.1470 | 0.0000 | 
25.3205 | 0.0435 | -0.0000 | 4.4193 | -0.0564 | -0.0000 | 14.8337 | -0.1603 | -0.0000 | 14.9060 | 0.1474 | 0.0000 | 
25.3980 | 0.0435 | -0.0000 | 4.4322 | -0.0565 | -0.0000 | 14.8789 | -0.1608 | -0.0000 | 14.9513 | 0.1478 | 0.0000 | 
25.4756 | 0.0436 | -0.0000 | 4.4452 | -0.0566 | -0.0000 | 14.9240 | -0.1612 | -0.0000 | 14.9967 | 0.1483 | 0.0000 | 
25.5532 | 0.0437 | -0.0000 | 4.4581 | -0.0566 | -0.0000 | 14.9692 | -0.1617 | -0.0000 | 15.0421 | 0.1487 | 0.0000 | 
25.6307 | 0.0437 | -0.0000 | 4.4710 | -0.0567 | -0.0000 | 15.0143 | -0.1621 | -0.0000 | 15.0874 | 0.1491 | 0.0000 | 
25.6901 | 0.0438 | -0.0000 | 4.4809 | -0.0567 | -0.0000 | 15.0489 | -0.1624 | -0.0000 | 15.1221 | 0.1495 | 0.0000 | 
