Test angle: 30
Mesh element_496 : S11 | S22 | S33 | S12 | E11 | E22 | E33 | 2*E12 | EPbar 
0.000 | 0.000 | 0.000 | 0.000 | 0.0000 |0.0000 |0.0000 |0.0000 |0.0000 |
0.503 | -0.000 | 0.000 | -0.000 | 0.0000 |-0.0000 |0.0000 |-0.0000 |0.0000 |
1.005 | 0.000 | 0.000 | -0.000 | 0.0000 |-0.0000 |0.0000 |-0.0000 |0.0000 |
1.759 | 0.000 | 0.000 | -0.000 | 0.0000 |-0.0000 |0.0000 |-0.0000 |0.0000 |
2.891 | 0.000 | 0.000 | -0.000 | 0.0000 |-0.0000 |0.0000 |-0.0000 |0.0000 |
4.587 | 0.000 | 0.000 | -0.000 | 0.0001 |-0.0000 |0.0000 |-0.0000 |0.0000 |
7.132 | 0.000 | 0.000 | -0.000 | 0.0001 |-0.0000 |0.0000 |-0.0000 |0.0000 |
10.949 | -0.000 | 0.000 | -0.000 | 0.0002 |-0.0001 |0.0000 |-0.0000 |0.0000 |
16.675 | 0.000 | 0.000 | -0.000 | 0.0002 |-0.0001 |0.0000 |-0.0000 |0.0000 |
25.262 | 0.000 | 0.000 | -0.000 | 0.0004 |-0.0001 |0.0000 |-0.0000 |0.0000 |
38.142 | 0.000 | 0.000 | -0.000 | 0.0005 |-0.0002 |0.0000 |-0.0000 |0.0000 |
57.458 | -0.000 | 0.000 | -0.000 | 0.0008 |-0.0003 |0.0000 |-0.0000 |0.0000 |
82.576 | 0.000 | 0.000 | -0.000 | 0.0012 |-0.0004 |0.0000 |-0.0000 |0.0000 |
103.313 | -0.000 | 0.000 | -0.000 | 0.0016 |-0.0005 |0.0000 |-0.0000 |0.0001 |
103.732 | 0.000 | 0.000 | -0.000 | 0.0017 |-0.0005 |0.0000 |-0.0000 |0.0002 |
104.144 | 0.000 | 0.000 | -0.001 | 0.0018 |-0.0006 |0.0000 |-0.0000 |0.0003 |
104.753 | -0.000 | 0.000 | -0.001 | 0.0019 |-0.0006 |0.0000 |-0.0000 |0.0004 |
105.645 | -0.000 | 0.000 | -0.002 | 0.0022 |-0.0007 |0.0000 |-0.0000 |0.0006 |
106.944 | 0.000 | 0.000 | -0.003 | 0.0026 |-0.0007 |0.0000 |-0.0001 |0.0009 |
108.427 | -0.000 | 0.000 | -0.004 | 0.0030 |-0.0009 |0.0000 |-0.0001 |0.0013 |
109.859 | -0.000 | 0.000 | -0.005 | 0.0034 |-0.0010 |0.0000 |-0.0001 |0.0017 |
111.242 | 0.000 | 0.000 | -0.006 | 0.0039 |-0.0011 |0.0000 |-0.0001 |0.0021 |
112.581 | 0.000 | 0.000 | -0.007 | 0.0043 |-0.0012 |0.0000 |-0.0001 |0.0024 |
113.881 | -0.000 | 0.000 | -0.009 | 0.0047 |-0.0013 |0.0000 |-0.0002 |0.0028 |
115.144 | -0.000 | 0.000 | -0.010 | 0.0051 |-0.0014 |0.0000 |-0.0002 |0.0032 |
116.372 | 0.000 | 0.000 | -0.011 | 0.0056 |-0.0015 |0.0000 |-0.0002 |0.0036 |
117.568 | 0.000 | 0.000 | -0.013 | 0.0060 |-0.0016 |0.0000 |-0.0002 |0.0039 |
118.734 | 0.000 | 0.000 | -0.014 | 0.0064 |-0.0017 |0.0000 |-0.0002 |0.0043 |
119.872 | 0.000 | 0.000 | -0.015 | 0.0068 |-0.0018 |0.0000 |-0.0003 |0.0047 |
120.983 | 0.000 | 0.000 | -0.017 | 0.0073 |-0.0019 |0.0000 |-0.0003 |0.0051 |
122.070 | 0.000 | 0.000 | -0.018 | 0.0077 |-0.0020 |0.0000 |-0.0003 |0.0054 |
123.132 | 0.000 | 0.000 | -0.020 | 0.0081 |-0.0021 |0.0000 |-0.0003 |0.0058 |
124.172 | 0.000 | 0.000 | -0.021 | 0.0085 |-0.0022 |0.0000 |-0.0003 |0.0062 |
125.191 | 0.000 | 0.000 | -0.022 | 0.0089 |-0.0023 |0.0000 |-0.0004 |0.0065 |
126.189 | 0.000 | 0.000 | -0.024 | 0.0094 |-0.0024 |0.0000 |-0.0004 |0.0069 |
127.168 | 0.000 | 0.000 | -0.025 | 0.0098 |-0.0025 |0.0000 |-0.0004 |0.0073 |
128.128 | 0.000 | 0.000 | -0.027 | 0.0102 |-0.0026 |0.0000 |-0.0004 |0.0077 |
129.071 | 0.000 | 0.000 | -0.028 | 0.0106 |-0.0027 |0.0000 |-0.0004 |0.0080 |
129.996 | 0.000 | 0.000 | -0.030 | 0.0110 |-0.0028 |0.0000 |-0.0005 |0.0084 |
130.906 | 0.000 | 0.000 | -0.032 | 0.0115 |-0.0029 |0.0000 |-0.0005 |0.0088 |
131.800 | 0.000 | 0.000 | -0.033 | 0.0119 |-0.0030 |0.0000 |-0.0005 |0.0091 |
132.679 | 0.000 | 0.000 | -0.035 | 0.0123 |-0.0031 |0.0000 |-0.0005 |0.0095 |
133.544 | 0.000 | 0.000 | -0.036 | 0.0127 |-0.0032 |0.0000 |-0.0005 |0.0099 |
134.395 | 0.000 | 0.000 | -0.038 | 0.0131 |-0.0033 |0.0000 |-0.0006 |0.0102 |
135.233 | 0.000 | 0.000 | -0.040 | 0.0136 |-0.0034 |0.0000 |-0.0006 |0.0106 |
136.058 | 0.000 | 0.000 | -0.041 | 0.0140 |-0.0035 |0.0000 |-0.0006 |0.0110 |
136.871 | 0.000 | 0.000 | -0.043 | 0.0144 |-0.0036 |0.0000 |-0.0006 |0.0114 |
137.671 | 0.000 | 0.000 | -0.044 | 0.0148 |-0.0037 |0.0000 |-0.0007 |0.0117 |
138.460 | 0.000 | 0.000 | -0.046 | 0.0152 |-0.0038 |0.0000 |-0.0007 |0.0121 |
139.239 | 0.000 | 0.000 | -0.048 | 0.0156 |-0.0039 |0.0000 |-0.0007 |0.0125 |
140.006 | 0.000 | 0.000 | -0.049 | 0.0160 |-0.0040 |0.0000 |-0.0007 |0.0128 |
140.763 | 0.000 | 0.000 | -0.051 | 0.0165 |-0.0041 |0.0000 |-0.0007 |0.0132 |
141.510 | 0.000 | 0.000 | -0.053 | 0.0169 |-0.0042 |0.0000 |-0.0008 |0.0136 |
142.248 | 0.000 | 0.000 | -0.055 | 0.0173 |-0.0043 |0.0000 |-0.0008 |0.0139 |
142.976 | 0.000 | 0.000 | -0.056 | 0.0177 |-0.0044 |0.0000 |-0.0008 |0.0143 |
143.694 | 0.000 | 0.000 | -0.058 | 0.0181 |-0.0045 |0.0000 |-0.0008 |0.0147 |
144.404 | 0.000 | 0.000 | -0.060 | 0.0185 |-0.0046 |0.0000 |-0.0008 |0.0150 |
145.105 | 0.000 | 0.000 | -0.062 | 0.0189 |-0.0047 |0.0000 |-0.0009 |0.0154 |
145.798 | 0.000 | 0.000 | -0.063 | 0.0194 |-0.0048 |0.0000 |-0.0009 |0.0158 |
146.483 | 0.000 | 0.000 | -0.065 | 0.0198 |-0.0049 |0.0000 |-0.0009 |0.0162 |
147.159 | 0.000 | 0.000 | -0.067 | 0.0202 |-0.0050 |0.0000 |-0.0009 |0.0165 |
147.828 | 0.000 | 0.000 | -0.069 | 0.0206 |-0.0051 |0.0000 |-0.0009 |0.0169 |
148.490 | 0.000 | 0.000 | -0.071 | 0.0210 |-0.0052 |0.0000 |-0.0010 |0.0173 |
149.144 | 0.000 | 0.000 | -0.072 | 0.0214 |-0.0053 |0.0000 |-0.0010 |0.0176 |
149.791 | 0.000 | 0.000 | -0.074 | 0.0218 |-0.0054 |0.0000 |-0.0010 |0.0180 |
150.431 | 0.000 | 0.000 | -0.076 | 0.0223 |-0.0055 |0.0000 |-0.0010 |0.0184 |
151.065 | 0.000 | 0.000 | -0.078 | 0.0227 |-0.0056 |0.0000 |-0.0010 |0.0187 |
151.692 | 0.000 | 0.000 | -0.080 | 0.0231 |-0.0057 |0.0000 |-0.0011 |0.0191 |
152.312 | 0.000 | 0.000 | -0.082 | 0.0235 |-0.0058 |0.0000 |-0.0011 |0.0195 |
152.926 | 0.000 | 0.000 | -0.084 | 0.0239 |-0.0059 |0.0000 |-0.0011 |0.0198 |
153.534 | 0.000 | 0.000 | -0.085 | 0.0243 |-0.0060 |0.0000 |-0.0011 |0.0202 |
154.135 | 0.000 | 0.000 | -0.087 | 0.0247 |-0.0061 |0.0000 |-0.0012 |0.0206 |
154.731 | 0.000 | 0.000 | -0.089 | 0.0251 |-0.0062 |0.0000 |-0.0012 |0.0209 |
155.322 | 0.000 | 0.000 | -0.091 | 0.0255 |-0.0063 |0.0000 |-0.0012 |0.0213 |
155.906 | 0.000 | 0.000 | -0.093 | 0.0259 |-0.0064 |0.0000 |-0.0012 |0.0217 |
156.486 | 0.000 | 0.000 | -0.095 | 0.0264 |-0.0065 |0.0000 |-0.0012 |0.0220 |
157.059 | 0.000 | 0.000 | -0.097 | 0.0268 |-0.0066 |0.0000 |-0.0013 |0.0224 |
157.628 | 0.000 | 0.000 | -0.099 | 0.0272 |-0.0067 |0.0000 |-0.0013 |0.0228 |
158.192 | 0.000 | 0.000 | -0.101 | 0.0276 |-0.0068 |0.0000 |-0.0013 |0.0231 |
158.750 | 0.000 | 0.000 | -0.103 | 0.0280 |-0.0069 |0.0000 |-0.0013 |0.0235 |
159.304 | 0.000 | 0.000 | -0.105 | 0.0284 |-0.0070 |0.0000 |-0.0013 |0.0239 |
159.853 | 0.000 | 0.000 | -0.107 | 0.0288 |-0.0070 |0.0000 |-0.0014 |0.0242 |
160.397 | 0.000 | 0.000 | -0.109 | 0.0292 |-0.0071 |0.0000 |-0.0014 |0.0246 |
160.936 | 0.000 | 0.000 | -0.111 | 0.0296 |-0.0072 |0.0000 |-0.0014 |0.0250 |
161.471 | 0.000 | 0.000 | -0.113 | 0.0300 |-0.0073 |0.0000 |-0.0014 |0.0253 |
162.001 | 0.000 | 0.000 | -0.115 | 0.0305 |-0.0074 |0.0000 |-0.0014 |0.0257 |
162.527 | 0.000 | 0.000 | -0.117 | 0.0309 |-0.0075 |0.0000 |-0.0015 |0.0261 |
163.049 | 0.000 | 0.000 | -0.119 | 0.0313 |-0.0076 |0.0000 |-0.0015 |0.0264 |
163.566 | 0.000 | 0.000 | -0.121 | 0.0317 |-0.0077 |0.0000 |-0.0015 |0.0268 |
164.080 | 0.000 | 0.000 | -0.123 | 0.0321 |-0.0078 |0.0000 |-0.0015 |0.0272 |
164.589 | 0.000 | 0.000 | -0.125 | 0.0325 |-0.0079 |0.0000 |-0.0015 |0.0275 |
165.095 | 0.000 | 0.000 | -0.127 | 0.0329 |-0.0080 |0.0000 |-0.0016 |0.0279 |
165.596 | 0.000 | 0.000 | -0.129 | 0.0333 |-0.0081 |0.0000 |-0.0016 |0.0283 |
166.094 | 0.000 | 0.000 | -0.131 | 0.0337 |-0.0082 |0.0000 |-0.0016 |0.0286 |
166.588 | 0.000 | 0.000 | -0.133 | 0.0341 |-0.0083 |0.0000 |-0.0016 |0.0290 |
167.078 | 0.000 | 0.000 | -0.135 | 0.0345 |-0.0084 |0.0000 |-0.0017 |0.0294 |
167.565 | 0.000 | 0.000 | -0.137 | 0.0349 |-0.0085 |0.0000 |-0.0017 |0.0297 |
168.048 | 0.000 | 0.000 | -0.139 | 0.0353 |-0.0086 |0.0000 |-0.0017 |0.0301 |
168.528 | 0.000 | 0.000 | -0.141 | 0.0357 |-0.0087 |0.0000 |-0.0017 |0.0305 |
169.004 | 0.000 | 0.000 | -0.143 | 0.0362 |-0.0088 |0.0000 |-0.0017 |0.0308 |
169.477 | 0.000 | 0.000 | -0.145 | 0.0366 |-0.0089 |0.0000 |-0.0018 |0.0312 |
169.946 | 0.000 | 0.000 | -0.147 | 0.0370 |-0.0090 |0.0000 |-0.0018 |0.0316 |
170.412 | 0.000 | 0.000 | -0.150 | 0.0374 |-0.0091 |0.0000 |-0.0018 |0.0319 |
170.875 | 0.000 | 0.000 | -0.152 | 0.0378 |-0.0092 |0.0000 |-0.0018 |0.0323 |
171.335 | 0.000 | 0.000 | -0.154 | 0.0382 |-0.0093 |0.0000 |-0.0018 |0.0326 |
171.791 | 0.000 | 0.000 | -0.156 | 0.0386 |-0.0094 |0.0000 |-0.0019 |0.0330 |
172.245 | 0.000 | 0.000 | -0.158 | 0.0390 |-0.0095 |0.0000 |-0.0019 |0.0334 |
172.695 | 0.000 | 0.000 | -0.160 | 0.0394 |-0.0096 |0.0000 |-0.0019 |0.0337 |
173.143 | 0.000 | 0.000 | -0.162 | 0.0398 |-0.0097 |0.0000 |-0.0019 |0.0341 |
173.587 | 0.000 | 0.000 | -0.165 | 0.0402 |-0.0098 |0.0000 |-0.0019 |0.0345 |
174.029 | 0.000 | 0.000 | -0.167 | 0.0406 |-0.0099 |0.0000 |-0.0020 |0.0348 |
174.468 | 0.000 | 0.000 | -0.169 | 0.0410 |-0.0100 |0.0000 |-0.0020 |0.0352 |
174.904 | 0.000 | 0.000 | -0.171 | 0.0414 |-0.0101 |0.0000 |-0.0020 |0.0356 |
175.337 | 0.000 | 0.000 | -0.173 | 0.0418 |-0.0102 |0.0000 |-0.0020 |0.0359 |
175.768 | 0.000 | 0.000 | -0.175 | 0.0422 |-0.0103 |0.0000 |-0.0020 |0.0363 |
176.195 | 0.000 | 0.000 | -0.178 | 0.0426 |-0.0103 |0.0000 |-0.0021 |0.0366 |
176.621 | 0.000 | 0.000 | -0.180 | 0.0430 |-0.0104 |0.0000 |-0.0021 |0.0370 |
177.043 | 0.000 | 0.000 | -0.182 | 0.0434 |-0.0105 |0.0000 |-0.0021 |0.0374 |
177.463 | 0.000 | 0.000 | -0.184 | 0.0438 |-0.0106 |0.0000 |-0.0021 |0.0377 |
177.881 | 0.000 | 0.000 | -0.186 | 0.0442 |-0.0107 |0.0000 |-0.0022 |0.0381 |
178.296 | 0.000 | 0.000 | -0.188 | 0.0447 |-0.0108 |0.0000 |-0.0022 |0.0385 |
178.709 | 0.000 | 0.000 | -0.191 | 0.0451 |-0.0109 |0.0000 |-0.0022 |0.0388 |
179.119 | 0.000 | 0.000 | -0.193 | 0.0455 |-0.0110 |0.0000 |-0.0022 |0.0392 |
179.526 | 0.000 | 0.000 | -0.195 | 0.0459 |-0.0111 |0.0000 |-0.0022 |0.0396 |
179.932 | 0.000 | 0.000 | -0.197 | 0.0463 |-0.0112 |0.0000 |-0.0023 |0.0399 |
180.335 | 0.000 | 0.000 | -0.200 | 0.0467 |-0.0113 |0.0000 |-0.0023 |0.0403 |
180.735 | 0.000 | 0.000 | -0.202 | 0.0471 |-0.0114 |0.0000 |-0.0023 |0.0406 |
181.134 | 0.000 | 0.000 | -0.204 | 0.0475 |-0.0115 |0.0000 |-0.0023 |0.0410 |
181.530 | 0.000 | 0.000 | -0.206 | 0.0479 |-0.0116 |0.0000 |-0.0023 |0.0414 |
181.924 | 0.000 | 0.000 | -0.209 | 0.0483 |-0.0117 |0.0000 |-0.0024 |0.0417 |
182.316 | 0.000 | 0.000 | -0.211 | 0.0487 |-0.0118 |0.0000 |-0.0024 |0.0421 |
182.705 | 0.000 | 0.000 | -0.213 | 0.0491 |-0.0119 |0.0000 |-0.0024 |0.0424 |
183.093 | 0.000 | 0.000 | -0.215 | 0.0495 |-0.0120 |0.0000 |-0.0024 |0.0428 |
183.478 | 0.000 | 0.000 | -0.218 | 0.0499 |-0.0121 |0.0000 |-0.0024 |0.0432 |
183.861 | 0.000 | 0.000 | -0.220 | 0.0503 |-0.0122 |0.0000 |-0.0025 |0.0435 |
184.243 | 0.000 | 0.000 | -0.222 | 0.0507 |-0.0123 |0.0000 |-0.0025 |0.0439 |
184.622 | 0.000 | 0.000 | -0.224 | 0.0511 |-0.0124 |0.0000 |-0.0025 |0.0443 |
184.999 | 0.000 | 0.000 | -0.227 | 0.0515 |-0.0125 |0.0000 |-0.0025 |0.0446 |
185.374 | 0.000 | 0.000 | -0.229 | 0.0519 |-0.0126 |0.0000 |-0.0026 |0.0450 |
185.748 | 0.000 | 0.000 | -0.231 | 0.0523 |-0.0126 |0.0000 |-0.0026 |0.0453 |
186.119 | 0.000 | 0.000 | -0.234 | 0.0527 |-0.0127 |0.0000 |-0.0026 |0.0457 |
186.489 | 0.000 | 0.000 | -0.236 | 0.0531 |-0.0128 |0.0000 |-0.0026 |0.0461 |
186.856 | 0.000 | 0.000 | -0.238 | 0.0535 |-0.0129 |0.0000 |-0.0026 |0.0464 |
187.222 | 0.000 | 0.000 | -0.240 | 0.0539 |-0.0130 |0.0000 |-0.0027 |0.0468 |
187.586 | 0.000 | 0.000 | -0.243 | 0.0543 |-0.0131 |0.0000 |-0.0027 |0.0471 |
187.948 | 0.000 | 0.000 | -0.245 | 0.0547 |-0.0132 |0.0000 |-0.0027 |0.0475 |
188.308 | 0.000 | 0.000 | -0.247 | 0.0551 |-0.0133 |0.0000 |-0.0027 |0.0479 |
188.667 | 0.000 | 0.000 | -0.250 | 0.0555 |-0.0134 |0.0000 |-0.0027 |0.0482 |
189.024 | 0.000 | 0.000 | -0.252 | 0.0559 |-0.0135 |0.0000 |-0.0028 |0.0486 |
189.379 | 0.000 | 0.000 | -0.254 | 0.0563 |-0.0136 |0.0000 |-0.0028 |0.0489 |
189.732 | 0.000 | 0.000 | -0.257 | 0.0567 |-0.0137 |0.0000 |-0.0028 |0.0493 |
190.083 | 0.000 | 0.000 | -0.259 | 0.0571 |-0.0138 |0.0000 |-0.0028 |0.0497 |
190.433 | 0.000 | 0.000 | -0.261 | 0.0575 |-0.0139 |0.0000 |-0.0028 |0.0500 |
190.781 | 0.000 | 0.000 | -0.264 | 0.0579 |-0.0140 |0.0000 |-0.0029 |0.0504 |
191.128 | 0.000 | 0.000 | -0.266 | 0.0583 |-0.0141 |0.0000 |-0.0029 |0.0507 |
191.473 | 0.000 | 0.000 | -0.269 | 0.0587 |-0.0142 |0.0000 |-0.0029 |0.0511 |
191.816 | 0.000 | 0.000 | -0.271 | 0.0591 |-0.0143 |0.0000 |-0.0029 |0.0515 |
192.158 | 0.000 | 0.000 | -0.273 | 0.0595 |-0.0144 |0.0000 |-0.0030 |0.0518 |
192.498 | 0.000 | 0.000 | -0.276 | 0.0599 |-0.0145 |0.0000 |-0.0030 |0.0522 |
192.837 | 0.000 | 0.000 | -0.278 | 0.0603 |-0.0146 |0.0000 |-0.0030 |0.0525 |
193.174 | 0.000 | 0.000 | -0.280 | 0.0607 |-0.0146 |0.0000 |-0.0030 |0.0529 |
193.509 | 0.000 | 0.000 | -0.283 | 0.0611 |-0.0147 |0.0000 |-0.0030 |0.0533 |
193.843 | 0.000 | 0.000 | -0.285 | 0.0615 |-0.0148 |0.0000 |-0.0031 |0.0536 |
194.176 | 0.000 | 0.000 | -0.288 | 0.0619 |-0.0149 |0.0000 |-0.0031 |0.0540 |
194.507 | 0.000 | 0.000 | -0.290 | 0.0623 |-0.0150 |0.0000 |-0.0031 |0.0543 |
194.836 | 0.000 | 0.000 | -0.292 | 0.0627 |-0.0151 |0.0000 |-0.0031 |0.0547 |
195.165 | 0.000 | 0.000 | -0.295 | 0.0631 |-0.0152 |0.0000 |-0.0031 |0.0551 |
195.491 | 0.000 | 0.000 | -0.297 | 0.0635 |-0.0153 |0.0000 |-0.0032 |0.0554 |
195.817 | 0.000 | 0.000 | -0.300 | 0.0639 |-0.0154 |0.0000 |-0.0032 |0.0558 |
196.140 | 0.000 | 0.000 | -0.302 | 0.0642 |-0.0155 |0.0000 |-0.0032 |0.0561 |
196.463 | 0.000 | 0.000 | -0.304 | 0.0646 |-0.0156 |0.0000 |-0.0032 |0.0565 |
196.784 | 0.000 | 0.000 | -0.307 | 0.0650 |-0.0157 |0.0000 |-0.0032 |0.0568 |
197.104 | 0.000 | 0.000 | -0.309 | 0.0654 |-0.0158 |0.0000 |-0.0033 |0.0572 |
197.422 | 0.000 | 0.000 | -0.312 | 0.0658 |-0.0159 |0.0000 |-0.0033 |0.0576 |
197.739 | 0.000 | 0.000 | -0.314 | 0.0662 |-0.0160 |0.0000 |-0.0033 |0.0579 |
198.055 | 0.001 | 0.000 | -0.316 | 0.0666 |-0.0161 |0.0000 |-0.0033 |0.0583 |
198.369 | 0.001 | 0.000 | -0.319 | 0.0670 |-0.0162 |0.0000 |-0.0034 |0.0586 |
198.683 | 0.001 | 0.000 | -0.321 | 0.0674 |-0.0163 |0.0000 |-0.0034 |0.0590 |
198.994 | 0.001 | 0.000 | -0.324 | 0.0678 |-0.0163 |0.0000 |-0.0034 |0.0594 |
199.305 | 0.001 | 0.000 | -0.326 | 0.0682 |-0.0164 |0.0000 |-0.0034 |0.0597 |
199.614 | 0.001 | 0.000 | -0.329 | 0.0686 |-0.0165 |0.0000 |-0.0034 |0.0601 |
199.922 | 0.001 | 0.000 | -0.331 | 0.0690 |-0.0166 |0.0000 |-0.0035 |0.0604 |
200.229 | 0.001 | 0.000 | -0.334 | 0.0694 |-0.0167 |0.0000 |-0.0035 |0.0608 |
200.535 | 0.001 | 0.000 | -0.336 | 0.0698 |-0.0168 |0.0000 |-0.0035 |0.0611 |
200.839 | 0.001 | 0.000 | -0.338 | 0.0702 |-0.0169 |0.0000 |-0.0035 |0.0615 |
201.142 | 0.001 | 0.000 | -0.341 | 0.0706 |-0.0170 |0.0000 |-0.0035 |0.0619 |
201.444 | 0.001 | 0.000 | -0.343 | 0.0710 |-0.0171 |0.0000 |-0.0036 |0.0622 |
201.745 | 0.001 | 0.000 | -0.346 | 0.0714 |-0.0172 |0.0000 |-0.0036 |0.0626 |
202.044 | 0.001 | 0.000 | -0.348 | 0.0718 |-0.0173 |0.0000 |-0.0036 |0.0629 |
202.343 | 0.001 | 0.000 | -0.351 | 0.0722 |-0.0174 |0.0000 |-0.0036 |0.0633 |
202.640 | 0.001 | 0.000 | -0.353 | 0.0726 |-0.0175 |0.0000 |-0.0036 |0.0636 |
202.936 | 0.001 | 0.000 | -0.356 | 0.0729 |-0.0176 |0.0000 |-0.0037 |0.0640 |
203.231 | 0.001 | 0.000 | -0.358 | 0.0733 |-0.0177 |0.0000 |-0.0037 |0.0643 |
203.525 | 0.001 | 0.000 | -0.361 | 0.0737 |-0.0178 |0.0000 |-0.0037 |0.0647 |
203.817 | 0.001 | 0.000 | -0.363 | 0.0741 |-0.0179 |0.0000 |-0.0037 |0.0651 |
204.109 | 0.001 | 0.000 | -0.366 | 0.0745 |-0.0179 |0.0000 |-0.0038 |0.0654 |
204.400 | 0.001 | 0.000 | -0.368 | 0.0749 |-0.0180 |0.0000 |-0.0038 |0.0658 |
204.689 | 0.001 | 0.000 | -0.371 | 0.0753 |-0.0181 |0.0000 |-0.0038 |0.0661 |
204.977 | 0.001 | 0.000 | -0.373 | 0.0757 |-0.0182 |0.0000 |-0.0038 |0.0665 |
205.265 | 0.001 | 0.000 | -0.376 | 0.0761 |-0.0183 |0.0000 |-0.0038 |0.0668 |
205.551 | 0.001 | 0.000 | -0.378 | 0.0765 |-0.0184 |0.0000 |-0.0039 |0.0672 |
205.836 | 0.001 | 0.000 | -0.381 | 0.0769 |-0.0185 |0.0000 |-0.0039 |0.0676 |
206.120 | 0.001 | 0.000 | -0.383 | 0.0773 |-0.0186 |0.0000 |-0.0039 |0.0679 |
206.403 | 0.001 | 0.000 | -0.386 | 0.0777 |-0.0187 |0.0000 |-0.0039 |0.0683 |
206.685 | 0.001 | 0.000 | -0.388 | 0.0781 |-0.0188 |0.0000 |-0.0039 |0.0686 |
206.966 | 0.001 | 0.000 | -0.391 | 0.0785 |-0.0189 |0.0000 |-0.0040 |0.0690 |
207.246 | 0.001 | 0.000 | -0.393 | 0.0788 |-0.0190 |0.0000 |-0.0040 |0.0693 |
207.525 | 0.001 | 0.000 | -0.396 | 0.0792 |-0.0191 |0.0000 |-0.0040 |0.0697 |
207.803 | 0.001 | 0.000 | -0.398 | 0.0796 |-0.0192 |0.0000 |-0.0040 |0.0700 |
208.080 | 0.001 | 0.000 | -0.401 | 0.0800 |-0.0193 |0.0000 |-0.0040 |0.0704 |
208.356 | 0.001 | 0.000 | -0.403 | 0.0804 |-0.0193 |0.0000 |-0.0041 |0.0707 |
208.632 | 0.001 | 0.000 | -0.406 | 0.0808 |-0.0194 |0.0000 |-0.0041 |0.0711 |
208.906 | 0.001 | 0.000 | -0.409 | 0.0812 |-0.0195 |0.0000 |-0.0041 |0.0715 |
209.179 | 0.001 | 0.000 | -0.411 | 0.0816 |-0.0196 |0.0000 |-0.0041 |0.0718 |
209.451 | 0.001 | 0.000 | -0.414 | 0.0820 |-0.0197 |0.0000 |-0.0042 |0.0722 |
209.723 | 0.001 | 0.000 | -0.416 | 0.0824 |-0.0198 |0.0000 |-0.0042 |0.0725 |
209.993 | 0.001 | 0.000 | -0.419 | 0.0828 |-0.0199 |0.0000 |-0.0042 |0.0729 |
210.262 | 0.001 | 0.000 | -0.421 | 0.0832 |-0.0200 |0.0000 |-0.0042 |0.0732 |
210.531 | 0.001 | 0.000 | -0.424 | 0.0835 |-0.0201 |0.0000 |-0.0042 |0.0736 |
210.799 | 0.001 | 0.000 | -0.426 | 0.0839 |-0.0202 |0.0000 |-0.0043 |0.0739 |
211.065 | 0.001 | 0.000 | -0.429 | 0.0843 |-0.0203 |0.0000 |-0.0043 |0.0743 |
211.331 | 0.001 | 0.000 | -0.432 | 0.0847 |-0.0204 |0.0000 |-0.0043 |0.0746 |
211.596 | 0.001 | 0.000 | -0.434 | 0.0851 |-0.0205 |0.0000 |-0.0043 |0.0750 |
211.860 | 0.001 | 0.000 | -0.437 | 0.0855 |-0.0206 |0.0000 |-0.0043 |0.0753 |
212.123 | 0.001 | 0.000 | -0.439 | 0.0859 |-0.0207 |0.0000 |-0.0044 |0.0757 |
212.386 | 0.001 | 0.000 | -0.442 | 0.0863 |-0.0207 |0.0000 |-0.0044 |0.0760 |
212.647 | 0.001 | 0.000 | -0.444 | 0.0867 |-0.0208 |0.0000 |-0.0044 |0.0764 |
212.908 | 0.001 | 0.000 | -0.447 | 0.0871 |-0.0209 |0.0000 |-0.0044 |0.0768 |
213.168 | 0.001 | 0.000 | -0.450 | 0.0875 |-0.0210 |0.0000 |-0.0045 |0.0771 |
213.427 | 0.001 | 0.000 | -0.452 | 0.0878 |-0.0211 |0.0000 |-0.0045 |0.0775 |
213.685 | 0.001 | 0.000 | -0.455 | 0.0882 |-0.0212 |0.0000 |-0.0045 |0.0778 |
213.942 | 0.001 | 0.000 | -0.457 | 0.0886 |-0.0213 |0.0000 |-0.0045 |0.0782 |
214.198 | 0.001 | 0.000 | -0.460 | 0.0890 |-0.0214 |0.0000 |-0.0045 |0.0785 |
214.454 | 0.001 | 0.000 | -0.462 | 0.0894 |-0.0215 |0.0000 |-0.0046 |0.0789 |
214.709 | 0.001 | 0.000 | -0.465 | 0.0898 |-0.0216 |0.0000 |-0.0046 |0.0792 |
214.963 | 0.001 | 0.000 | -0.468 | 0.0902 |-0.0217 |0.0000 |-0.0046 |0.0796 |
215.216 | 0.001 | 0.000 | -0.470 | 0.0906 |-0.0218 |0.0000 |-0.0046 |0.0799 |
215.468 | 0.001 | 0.000 | -0.473 | 0.0910 |-0.0219 |0.0000 |-0.0046 |0.0803 |
215.720 | 0.001 | 0.000 | -0.475 | 0.0913 |-0.0219 |0.0000 |-0.0047 |0.0806 |
215.971 | 0.001 | 0.000 | -0.478 | 0.0917 |-0.0220 |0.0000 |-0.0047 |0.0810 |
216.221 | 0.001 | 0.000 | -0.481 | 0.0921 |-0.0221 |0.0000 |-0.0047 |0.0813 |
216.470 | 0.001 | 0.000 | -0.483 | 0.0925 |-0.0222 |0.0000 |-0.0047 |0.0817 |
216.719 | 0.001 | 0.000 | -0.486 | 0.0929 |-0.0223 |0.0000 |-0.0047 |0.0820 |
216.966 | 0.001 | 0.000 | -0.489 | 0.0933 |-0.0224 |0.0000 |-0.0048 |0.0824 |
217.213 | 0.001 | 0.000 | -0.491 | 0.0937 |-0.0225 |0.0000 |-0.0048 |0.0827 |
217.460 | 0.001 | 0.000 | -0.494 | 0.0941 |-0.0226 |0.0000 |-0.0048 |0.0831 |
217.705 | 0.001 | 0.000 | -0.496 | 0.0945 |-0.0227 |0.0000 |-0.0048 |0.0834 |
217.950 | 0.001 | 0.000 | -0.499 | 0.0948 |-0.0228 |0.0000 |-0.0049 |0.0838 |
218.194 | 0.001 | 0.000 | -0.502 | 0.0952 |-0.0229 |0.0000 |-0.0049 |0.0841 |
218.437 | 0.001 | 0.000 | -0.504 | 0.0956 |-0.0230 |0.0000 |-0.0049 |0.0845 |
218.680 | 0.001 | 0.000 | -0.507 | 0.0960 |-0.0231 |0.0000 |-0.0049 |0.0848 |
218.921 | 0.001 | 0.000 | -0.510 | 0.0964 |-0.0231 |0.0000 |-0.0049 |0.0852 |
219.162 | 0.001 | 0.000 | -0.512 | 0.0968 |-0.0232 |0.0000 |-0.0050 |0.0855 |
219.403 | 0.001 | 0.000 | -0.515 | 0.0972 |-0.0233 |0.0000 |-0.0050 |0.0859 |
219.642 | 0.001 | 0.000 | -0.517 | 0.0976 |-0.0234 |0.0000 |-0.0050 |0.0862 |
219.881 | 0.001 | 0.000 | -0.520 | 0.0979 |-0.0235 |0.0000 |-0.0050 |0.0866 |
220.120 | 0.001 | 0.000 | -0.523 | 0.0983 |-0.0236 |0.0000 |-0.0050 |0.0870 |
220.357 | 0.001 | 0.000 | -0.525 | 0.0987 |-0.0237 |0.0000 |-0.0051 |0.0873 |
220.594 | 0.001 | 0.000 | -0.528 | 0.0991 |-0.0238 |0.0000 |-0.0051 |0.0877 |
220.830 | 0.001 | 0.000 | -0.531 | 0.0995 |-0.0239 |0.0000 |-0.0051 |0.0880 |
221.066 | 0.001 | 0.000 | -0.533 | 0.0999 |-0.0240 |0.0000 |-0.0051 |0.0884 |
221.301 | 0.001 | 0.000 | -0.536 | 0.1003 |-0.0241 |0.0000 |-0.0052 |0.0887 |
221.535 | 0.001 | 0.000 | -0.539 | 0.1006 |-0.0242 |0.0000 |-0.0052 |0.0890 |
221.768 | 0.001 | 0.000 | -0.541 | 0.1010 |-0.0243 |0.0000 |-0.0052 |0.0894 |
222.001 | 0.001 | 0.000 | -0.544 | 0.1014 |-0.0243 |0.0000 |-0.0052 |0.0897 |
222.233 | 0.001 | 0.000 | -0.547 | 0.1018 |-0.0244 |0.0000 |-0.0052 |0.0901 |
222.465 | 0.001 | 0.000 | -0.549 | 0.1022 |-0.0245 |0.0000 |-0.0053 |0.0904 |
222.696 | 0.001 | 0.000 | -0.552 | 0.1026 |-0.0246 |0.0000 |-0.0053 |0.0908 |
222.926 | 0.001 | 0.000 | -0.555 | 0.1030 |-0.0247 |0.0000 |-0.0053 |0.0911 |
223.156 | 0.001 | 0.000 | -0.557 | 0.1033 |-0.0248 |0.0000 |-0.0053 |0.0915 |
223.385 | 0.001 | 0.000 | -0.560 | 0.1037 |-0.0249 |0.0000 |-0.0053 |0.0918 |
223.613 | 0.001 | 0.000 | -0.563 | 0.1041 |-0.0250 |0.0000 |-0.0054 |0.0922 |
223.841 | 0.001 | 0.000 | -0.565 | 0.1045 |-0.0251 |0.0000 |-0.0054 |0.0925 |
224.068 | 0.001 | 0.000 | -0.568 | 0.1049 |-0.0252 |0.0000 |-0.0054 |0.0929 |
224.294 | 0.001 | 0.000 | -0.571 | 0.1053 |-0.0253 |0.0000 |-0.0054 |0.0932 |
224.520 | 0.001 | 0.000 | -0.573 | 0.1057 |-0.0254 |0.0000 |-0.0054 |0.0936 |
224.745 | 0.001 | 0.000 | -0.576 | 0.1060 |-0.0254 |0.0000 |-0.0055 |0.0939 |
224.970 | 0.001 | 0.000 | -0.579 | 0.1064 |-0.0255 |0.0000 |-0.0055 |0.0943 |
225.194 | 0.001 | 0.000 | -0.581 | 0.1068 |-0.0256 |0.0000 |-0.0055 |0.0946 |
225.417 | 0.002 | 0.000 | -0.584 | 0.1072 |-0.0257 |0.0000 |-0.0055 |0.0950 |
225.640 | 0.002 | 0.000 | -0.587 | 0.1076 |-0.0258 |0.0000 |-0.0056 |0.0953 |
225.862 | 0.002 | 0.000 | -0.590 | 0.1080 |-0.0259 |0.0000 |-0.0056 |0.0957 |
226.084 | 0.002 | 0.000 | -0.592 | 0.1083 |-0.0260 |0.0000 |-0.0056 |0.0960 |
226.305 | 0.002 | 0.000 | -0.595 | 0.1087 |-0.0261 |0.0000 |-0.0056 |0.0964 |
226.525 | 0.002 | 0.000 | -0.598 | 0.1091 |-0.0262 |0.0000 |-0.0056 |0.0967 |
226.745 | 0.002 | 0.000 | -0.600 | 0.1095 |-0.0263 |0.0000 |-0.0057 |0.0971 |
226.964 | 0.002 | 0.000 | -0.603 | 0.1099 |-0.0264 |0.0000 |-0.0057 |0.0974 |
227.183 | 0.002 | 0.000 | -0.606 | 0.1103 |-0.0264 |0.0000 |-0.0057 |0.0978 |
227.401 | 0.002 | 0.000 | -0.608 | 0.1106 |-0.0265 |0.0000 |-0.0057 |0.0981 |
227.619 | 0.002 | 0.000 | -0.611 | 0.1110 |-0.0266 |0.0000 |-0.0057 |0.0985 |
227.836 | 0.002 | 0.000 | -0.614 | 0.1114 |-0.0267 |0.0000 |-0.0058 |0.0988 |
228.052 | 0.002 | 0.000 | -0.617 | 0.1118 |-0.0268 |0.0000 |-0.0058 |0.0992 |
228.268 | 0.002 | 0.000 | -0.619 | 0.1122 |-0.0269 |0.0000 |-0.0058 |0.0995 |
228.483 | 0.002 | 0.000 | -0.622 | 0.1126 |-0.0270 |0.0000 |-0.0058 |0.0998 |
228.698 | 0.002 | 0.000 | -0.625 | 0.1129 |-0.0271 |0.0000 |-0.0059 |0.1002 |
228.912 | 0.002 | 0.000 | -0.627 | 0.1133 |-0.0272 |0.0000 |-0.0059 |0.1005 |
229.126 | 0.002 | 0.000 | -0.630 | 0.1137 |-0.0273 |0.0000 |-0.0059 |0.1009 |
229.339 | 0.002 | 0.000 | -0.633 | 0.1141 |-0.0274 |0.0000 |-0.0059 |0.1012 |
229.552 | 0.002 | 0.000 | -0.636 | 0.1145 |-0.0274 |0.0000 |-0.0059 |0.1016 |
229.764 | 0.002 | 0.000 | -0.638 | 0.1149 |-0.0275 |0.0000 |-0.0060 |0.1019 |
229.975 | 0.002 | 0.000 | -0.641 | 0.1152 |-0.0276 |0.0000 |-0.0060 |0.1023 |
230.186 | 0.002 | 0.000 | -0.644 | 0.1156 |-0.0277 |0.0000 |-0.0060 |0.1026 |
230.397 | 0.002 | 0.000 | -0.647 | 0.1160 |-0.0278 |0.0000 |-0.0060 |0.1030 |
230.607 | 0.002 | 0.000 | -0.649 | 0.1164 |-0.0279 |0.0000 |-0.0060 |0.1033 |
230.816 | 0.002 | 0.000 | -0.652 | 0.1168 |-0.0280 |0.0000 |-0.0061 |0.1037 |
231.025 | 0.002 | 0.000 | -0.655 | 0.1171 |-0.0281 |0.0000 |-0.0061 |0.1040 |
231.233 | 0.002 | 0.000 | -0.657 | 0.1175 |-0.0282 |0.0000 |-0.0061 |0.1043 |
231.441 | 0.002 | 0.000 | -0.660 | 0.1179 |-0.0283 |0.0000 |-0.0061 |0.1047 |
231.649 | 0.002 | 0.000 | -0.663 | 0.1183 |-0.0284 |0.0000 |-0.0062 |0.1050 |
231.855 | 0.002 | 0.000 | -0.666 | 0.1187 |-0.0284 |0.0000 |-0.0062 |0.1054 |
232.062 | 0.002 | 0.000 | -0.668 | 0.1191 |-0.0285 |0.0000 |-0.0062 |0.1057 |
232.268 | 0.002 | 0.000 | -0.671 | 0.1194 |-0.0286 |0.0000 |-0.0062 |0.1061 |
232.473 | 0.002 | 0.000 | -0.674 | 0.1198 |-0.0287 |0.0000 |-0.0062 |0.1064 |
232.678 | 0.002 | 0.000 | -0.677 | 0.1202 |-0.0288 |0.0000 |-0.0063 |0.1068 |
232.882 | 0.002 | 0.000 | -0.679 | 0.1206 |-0.0289 |0.0000 |-0.0063 |0.1071 |
233.086 | 0.002 | 0.000 | -0.682 | 0.1210 |-0.0290 |0.0000 |-0.0063 |0.1075 |
233.289 | 0.002 | 0.000 | -0.685 | 0.1213 |-0.0291 |0.0000 |-0.0063 |0.1078 |
233.492 | 0.002 | 0.000 | -0.688 | 0.1217 |-0.0292 |0.0000 |-0.0063 |0.1081 |
233.695 | 0.002 | 0.000 | -0.690 | 0.1221 |-0.0293 |0.0000 |-0.0064 |0.1085 |
233.896 | 0.002 | 0.000 | -0.693 | 0.1225 |-0.0294 |0.0000 |-0.0064 |0.1088 |
234.098 | 0.002 | 0.000 | -0.696 | 0.1229 |-0.0294 |0.0000 |-0.0064 |0.1092 |
234.299 | 0.002 | 0.000 | -0.699 | 0.1232 |-0.0295 |0.0000 |-0.0064 |0.1095 |
234.499 | 0.002 | 0.000 | -0.701 | 0.1236 |-0.0296 |0.0000 |-0.0065 |0.1099 |
234.699 | 0.002 | 0.000 | -0.704 | 0.1240 |-0.0297 |0.0000 |-0.0065 |0.1102 |
234.899 | 0.002 | 0.000 | -0.707 | 0.1244 |-0.0298 |0.0000 |-0.0065 |0.1106 |
235.098 | 0.002 | 0.000 | -0.710 | 0.1248 |-0.0299 |0.0000 |-0.0065 |0.1109 |
235.297 | 0.002 | 0.000 | -0.713 | 0.1251 |-0.0300 |0.0000 |-0.0065 |0.1112 |
235.495 | 0.002 | 0.000 | -0.715 | 0.1255 |-0.0301 |0.0000 |-0.0066 |0.1116 |
235.692 | 0.002 | 0.000 | -0.718 | 0.1259 |-0.0302 |0.0000 |-0.0066 |0.1119 |
235.890 | 0.002 | 0.000 | -0.721 | 0.1263 |-0.0303 |0.0000 |-0.0066 |0.1123 |
236.087 | 0.002 | 0.000 | -0.724 | 0.1267 |-0.0303 |0.0000 |-0.0066 |0.1126 |
236.283 | 0.002 | 0.000 | -0.726 | 0.1270 |-0.0304 |0.0000 |-0.0066 |0.1130 |
236.479 | 0.002 | 0.000 | -0.729 | 0.1274 |-0.0305 |0.0000 |-0.0067 |0.1133 |
236.674 | 0.002 | 0.000 | -0.732 | 0.1278 |-0.0306 |0.0000 |-0.0067 |0.1137 |
236.869 | 0.002 | 0.000 | -0.735 | 0.1282 |-0.0307 |0.0000 |-0.0067 |0.1140 |
237.064 | 0.002 | 0.000 | -0.738 | 0.1285 |-0.0308 |0.0000 |-0.0067 |0.1143 |
237.258 | 0.002 | 0.000 | -0.740 | 0.1289 |-0.0309 |0.0000 |-0.0068 |0.1147 |
237.452 | 0.002 | 0.000 | -0.743 | 0.1293 |-0.0310 |0.0000 |-0.0068 |0.1150 |
237.645 | 0.002 | 0.000 | -0.746 | 0.1297 |-0.0311 |0.0000 |-0.0068 |0.1154 |
237.838 | 0.002 | 0.000 | -0.749 | 0.1301 |-0.0312 |0.0000 |-0.0068 |0.1157 |
238.030 | 0.002 | 0.000 | -0.751 | 0.1304 |-0.0312 |0.0000 |-0.0068 |0.1161 |
238.222 | 0.002 | 0.000 | -0.754 | 0.1308 |-0.0313 |0.0000 |-0.0069 |0.1164 |
238.414 | 0.002 | 0.000 | -0.757 | 0.1312 |-0.0314 |0.0000 |-0.0069 |0.1167 |
238.605 | 0.002 | 0.000 | -0.760 | 0.1316 |-0.0315 |0.0000 |-0.0069 |0.1171 |
238.795 | 0.002 | 0.000 | -0.763 | 0.1320 |-0.0316 |0.0000 |-0.0069 |0.1174 |
238.941 | 0.002 | 0.000 | -0.765 | 0.1322 |-0.0317 |0.0000 |-0.0069 |0.1177 |
