Test angle: 0
Mesh element_496 : S11 | S22 | S33 | S12 | E11 | E22 | E33 | 2*E12 | EPbar 
0.000 | 0.000 | 0.000 | 0.000 | 0.0000 |0.0000 |0.0000 |0.0000 |0.0000 |
0.503 | -0.000 | 0.000 | -0.000 | 0.0000 |-0.0000 |0.0000 |-0.0000 |0.0000 |
1.005 | -0.000 | 0.000 | -0.000 | 0.0000 |-0.0000 |0.0000 |-0.0000 |0.0000 |
1.759 | -0.000 | 0.000 | -0.000 | 0.0000 |-0.0000 |0.0000 |-0.0000 |0.0000 |
2.891 | -0.000 | 0.000 | -0.000 | 0.0000 |-0.0000 |0.0000 |-0.0000 |0.0000 |
4.587 | -0.000 | 0.000 | -0.000 | 0.0001 |-0.0000 |0.0000 |-0.0000 |0.0000 |
7.132 | -0.000 | 0.000 | -0.000 | 0.0001 |-0.0000 |0.0000 |-0.0000 |0.0000 |
10.949 | -0.000 | 0.000 | -0.000 | 0.0002 |-0.0001 |0.0000 |-0.0000 |0.0000 |
16.675 | -0.000 | 0.000 | -0.000 | 0.0002 |-0.0001 |0.0000 |-0.0000 |0.0000 |
25.262 | -0.000 | 0.000 | -0.000 | 0.0004 |-0.0001 |0.0000 |-0.0000 |0.0000 |
38.142 | -0.000 | 0.000 | -0.000 | 0.0005 |-0.0002 |0.0000 |-0.0000 |0.0000 |
57.458 | -0.000 | 0.000 | -0.000 | 0.0008 |-0.0003 |0.0000 |-0.0000 |0.0000 |
82.576 | -0.000 | 0.000 | -0.000 | 0.0012 |-0.0004 |0.0000 |-0.0000 |0.0000 |
107.683 | -0.000 | 0.000 | -0.000 | 0.0015 |-0.0005 |0.0000 |-0.0000 |0.0000 |
114.363 | -0.000 | 0.000 | 0.000 | 0.0020 |-0.0006 |0.0000 |0.0000 |0.0003 |
116.238 | 0.000 | 0.000 | 0.001 | 0.0024 |-0.0008 |0.0000 |0.0000 |0.0007 |
118.029 | 0.000 | 0.000 | 0.001 | 0.0028 |-0.0009 |0.0000 |0.0000 |0.0012 |
119.747 | 0.000 | 0.000 | 0.002 | 0.0033 |-0.0011 |0.0000 |0.0000 |0.0016 |
121.403 | 0.000 | 0.000 | 0.002 | 0.0037 |-0.0012 |0.0000 |0.0000 |0.0020 |
123.001 | 0.000 | 0.000 | 0.003 | 0.0041 |-0.0014 |0.0000 |0.0000 |0.0024 |
124.548 | 0.000 | 0.000 | 0.004 | 0.0046 |-0.0015 |0.0000 |0.0001 |0.0028 |
126.047 | 0.000 | 0.000 | 0.004 | 0.0050 |-0.0016 |0.0000 |0.0001 |0.0032 |
127.502 | 0.000 | 0.000 | 0.005 | 0.0054 |-0.0018 |0.0000 |0.0001 |0.0036 |
128.917 | 0.000 | 0.000 | 0.005 | 0.0058 |-0.0019 |0.0000 |0.0001 |0.0040 |
130.293 | 0.000 | 0.000 | 0.006 | 0.0062 |-0.0021 |0.0000 |0.0001 |0.0044 |
131.634 | 0.000 | 0.000 | 0.007 | 0.0067 |-0.0022 |0.0000 |0.0001 |0.0048 |
132.941 | 0.000 | 0.000 | 0.007 | 0.0071 |-0.0023 |0.0000 |0.0001 |0.0052 |
134.217 | 0.000 | 0.000 | 0.008 | 0.0075 |-0.0025 |0.0000 |0.0001 |0.0056 |
135.463 | 0.000 | 0.000 | 0.008 | 0.0079 |-0.0026 |0.0000 |0.0001 |0.0060 |
136.681 | 0.000 | 0.000 | 0.009 | 0.0084 |-0.0028 |0.0000 |0.0001 |0.0064 |
137.873 | 0.000 | 0.000 | 0.010 | 0.0088 |-0.0029 |0.0000 |0.0001 |0.0068 |
139.040 | 0.000 | 0.000 | 0.010 | 0.0092 |-0.0030 |0.0000 |0.0002 |0.0072 |
140.182 | 0.000 | 0.000 | 0.011 | 0.0096 |-0.0032 |0.0000 |0.0002 |0.0076 |
141.302 | 0.000 | 0.000 | 0.012 | 0.0100 |-0.0033 |0.0000 |0.0002 |0.0080 |
142.401 | 0.000 | 0.000 | 0.012 | 0.0104 |-0.0035 |0.0000 |0.0002 |0.0084 |
143.479 | 0.000 | 0.000 | 0.013 | 0.0109 |-0.0036 |0.0000 |0.0002 |0.0088 |
144.536 | 0.000 | 0.000 | 0.014 | 0.0113 |-0.0037 |0.0000 |0.0002 |0.0092 |
145.575 | 0.000 | 0.000 | 0.015 | 0.0117 |-0.0039 |0.0000 |0.0002 |0.0096 |
146.596 | 0.000 | 0.000 | 0.015 | 0.0121 |-0.0040 |0.0000 |0.0002 |0.0100 |
147.600 | 0.000 | 0.000 | 0.016 | 0.0125 |-0.0041 |0.0000 |0.0002 |0.0104 |
148.587 | 0.000 | 0.000 | 0.017 | 0.0129 |-0.0043 |0.0000 |0.0002 |0.0108 |
149.558 | 0.000 | 0.000 | 0.017 | 0.0133 |-0.0044 |0.0000 |0.0002 |0.0112 |
150.513 | 0.000 | 0.000 | 0.018 | 0.0138 |-0.0046 |0.0000 |0.0002 |0.0116 |
151.453 | 0.000 | 0.000 | 0.019 | 0.0142 |-0.0047 |0.0000 |0.0003 |0.0120 |
152.380 | 0.000 | 0.000 | 0.020 | 0.0146 |-0.0048 |0.0000 |0.0003 |0.0124 |
153.292 | 0.000 | 0.000 | 0.021 | 0.0150 |-0.0050 |0.0000 |0.0003 |0.0128 |
154.191 | 0.000 | 0.000 | 0.021 | 0.0154 |-0.0051 |0.0000 |0.0003 |0.0132 |
155.078 | 0.000 | 0.000 | 0.022 | 0.0158 |-0.0052 |0.0000 |0.0003 |0.0136 |
155.952 | 0.000 | 0.000 | 0.023 | 0.0162 |-0.0054 |0.0000 |0.0003 |0.0140 |
156.813 | 0.000 | 0.000 | 0.024 | 0.0167 |-0.0055 |0.0000 |0.0003 |0.0144 |
157.664 | 0.000 | 0.000 | 0.024 | 0.0171 |-0.0057 |0.0000 |0.0003 |0.0148 |
158.502 | 0.000 | 0.000 | 0.025 | 0.0175 |-0.0058 |0.0000 |0.0003 |0.0152 |
159.330 | 0.000 | 0.000 | 0.026 | 0.0179 |-0.0059 |0.0000 |0.0003 |0.0156 |
160.148 | 0.000 | 0.000 | 0.027 | 0.0183 |-0.0061 |0.0000 |0.0003 |0.0160 |
160.955 | 0.000 | 0.000 | 0.028 | 0.0187 |-0.0062 |0.0000 |0.0003 |0.0164 |
161.752 | 0.000 | 0.000 | 0.028 | 0.0191 |-0.0063 |0.0000 |0.0004 |0.0168 |
162.540 | 0.000 | 0.000 | 0.029 | 0.0195 |-0.0065 |0.0000 |0.0004 |0.0172 |
163.318 | 0.000 | 0.000 | 0.030 | 0.0199 |-0.0066 |0.0000 |0.0004 |0.0176 |
164.087 | 0.000 | 0.000 | 0.031 | 0.0204 |-0.0067 |0.0000 |0.0004 |0.0180 |
164.847 | 0.000 | 0.000 | 0.032 | 0.0208 |-0.0069 |0.0000 |0.0004 |0.0184 |
165.598 | 0.000 | 0.000 | 0.033 | 0.0212 |-0.0070 |0.0000 |0.0004 |0.0188 |
166.341 | 0.000 | 0.000 | 0.034 | 0.0216 |-0.0072 |0.0000 |0.0004 |0.0192 |
167.076 | 0.000 | 0.000 | 0.034 | 0.0220 |-0.0073 |0.0000 |0.0004 |0.0196 |
167.802 | 0.000 | 0.000 | 0.035 | 0.0224 |-0.0074 |0.0000 |0.0004 |0.0200 |
168.521 | 0.000 | 0.000 | 0.036 | 0.0228 |-0.0076 |0.0000 |0.0004 |0.0204 |
169.233 | 0.000 | 0.000 | 0.037 | 0.0232 |-0.0077 |0.0000 |0.0004 |0.0208 |
169.937 | 0.000 | 0.000 | 0.038 | 0.0236 |-0.0078 |0.0000 |0.0005 |0.0212 |
170.634 | 0.000 | 0.000 | 0.039 | 0.0240 |-0.0080 |0.0000 |0.0005 |0.0216 |
171.324 | 0.000 | 0.000 | 0.040 | 0.0244 |-0.0081 |0.0000 |0.0005 |0.0220 |
172.006 | 0.000 | 0.000 | 0.041 | 0.0249 |-0.0082 |0.0000 |0.0005 |0.0224 |
172.682 | 0.000 | 0.000 | 0.041 | 0.0253 |-0.0084 |0.0000 |0.0005 |0.0228 |
173.352 | 0.000 | 0.000 | 0.042 | 0.0257 |-0.0085 |0.0000 |0.0005 |0.0232 |
174.015 | 0.000 | 0.000 | 0.043 | 0.0261 |-0.0086 |0.0000 |0.0005 |0.0236 |
174.671 | 0.000 | 0.000 | 0.044 | 0.0265 |-0.0088 |0.0000 |0.0005 |0.0240 |
175.322 | 0.000 | 0.000 | 0.045 | 0.0269 |-0.0089 |0.0000 |0.0005 |0.0244 |
175.966 | 0.000 | 0.000 | 0.046 | 0.0273 |-0.0090 |0.0000 |0.0005 |0.0248 |
176.605 | 0.000 | 0.000 | 0.047 | 0.0277 |-0.0092 |0.0000 |0.0005 |0.0252 |
177.238 | 0.000 | 0.000 | 0.048 | 0.0281 |-0.0093 |0.0000 |0.0005 |0.0256 |
177.866 | 0.000 | 0.000 | 0.049 | 0.0285 |-0.0095 |0.0000 |0.0006 |0.0260 |
178.488 | 0.000 | 0.000 | 0.050 | 0.0289 |-0.0096 |0.0000 |0.0006 |0.0264 |
179.104 | 0.000 | 0.000 | 0.051 | 0.0293 |-0.0097 |0.0000 |0.0006 |0.0268 |
179.715 | 0.000 | 0.000 | 0.051 | 0.0297 |-0.0099 |0.0000 |0.0006 |0.0272 |
180.321 | 0.000 | 0.000 | 0.052 | 0.0301 |-0.0100 |0.0000 |0.0006 |0.0276 |
180.922 | 0.000 | 0.000 | 0.053 | 0.0305 |-0.0101 |0.0000 |0.0006 |0.0280 |
181.518 | 0.000 | 0.000 | 0.054 | 0.0310 |-0.0103 |0.0000 |0.0006 |0.0284 |
182.109 | 0.000 | 0.000 | 0.055 | 0.0314 |-0.0104 |0.0000 |0.0006 |0.0288 |
182.695 | 0.000 | 0.000 | 0.056 | 0.0318 |-0.0105 |0.0000 |0.0006 |0.0292 |
183.276 | 0.000 | 0.000 | 0.057 | 0.0322 |-0.0107 |0.0000 |0.0006 |0.0296 |
183.853 | 0.000 | 0.000 | 0.058 | 0.0326 |-0.0108 |0.0000 |0.0006 |0.0300 |
184.425 | 0.000 | 0.000 | 0.059 | 0.0330 |-0.0109 |0.0000 |0.0007 |0.0304 |
184.993 | 0.000 | 0.000 | 0.060 | 0.0334 |-0.0111 |0.0000 |0.0007 |0.0308 |
185.557 | 0.000 | 0.000 | 0.061 | 0.0338 |-0.0112 |0.0000 |0.0007 |0.0312 |
186.116 | 0.000 | 0.000 | 0.062 | 0.0342 |-0.0113 |0.0000 |0.0007 |0.0315 |
186.671 | 0.000 | 0.000 | 0.063 | 0.0346 |-0.0115 |0.0000 |0.0007 |0.0319 |
187.222 | 0.000 | 0.000 | 0.064 | 0.0350 |-0.0116 |0.0000 |0.0007 |0.0323 |
187.768 | 0.000 | 0.000 | 0.065 | 0.0354 |-0.0117 |0.0000 |0.0007 |0.0327 |
188.311 | 0.000 | 0.000 | 0.066 | 0.0358 |-0.0119 |0.0000 |0.0007 |0.0331 |
188.850 | 0.000 | 0.000 | 0.067 | 0.0362 |-0.0120 |0.0000 |0.0007 |0.0335 |
189.385 | 0.000 | 0.000 | 0.068 | 0.0366 |-0.0121 |0.0000 |0.0007 |0.0339 |
189.916 | 0.000 | 0.000 | 0.069 | 0.0370 |-0.0123 |0.0000 |0.0007 |0.0343 |
190.444 | 0.000 | 0.000 | 0.070 | 0.0374 |-0.0124 |0.0000 |0.0008 |0.0347 |
190.967 | 0.000 | 0.000 | 0.071 | 0.0378 |-0.0125 |0.0000 |0.0008 |0.0351 |
191.487 | 0.000 | 0.000 | 0.072 | 0.0382 |-0.0127 |0.0000 |0.0008 |0.0355 |
192.004 | 0.000 | 0.000 | 0.073 | 0.0386 |-0.0128 |0.0000 |0.0008 |0.0359 |
192.517 | 0.000 | 0.000 | 0.074 | 0.0390 |-0.0129 |0.0000 |0.0008 |0.0363 |
193.026 | 0.000 | 0.000 | 0.075 | 0.0394 |-0.0131 |0.0000 |0.0008 |0.0367 |
193.532 | 0.000 | 0.000 | 0.076 | 0.0398 |-0.0132 |0.0000 |0.0008 |0.0371 |
194.035 | 0.000 | 0.000 | 0.077 | 0.0402 |-0.0133 |0.0000 |0.0008 |0.0375 |
194.535 | 0.000 | 0.000 | 0.078 | 0.0406 |-0.0135 |0.0000 |0.0008 |0.0379 |
195.031 | 0.000 | 0.000 | 0.079 | 0.0410 |-0.0136 |0.0000 |0.0008 |0.0383 |
195.524 | 0.000 | 0.000 | 0.080 | 0.0414 |-0.0137 |0.0000 |0.0008 |0.0387 |
196.014 | 0.000 | 0.000 | 0.081 | 0.0418 |-0.0139 |0.0000 |0.0009 |0.0391 |
196.500 | 0.000 | 0.000 | 0.082 | 0.0422 |-0.0140 |0.0000 |0.0009 |0.0395 |
196.984 | 0.000 | 0.000 | 0.083 | 0.0427 |-0.0141 |0.0000 |0.0009 |0.0399 |
197.465 | 0.000 | 0.000 | 0.084 | 0.0431 |-0.0143 |0.0000 |0.0009 |0.0402 |
197.943 | 0.000 | 0.000 | 0.085 | 0.0435 |-0.0144 |0.0000 |0.0009 |0.0406 |
198.418 | 0.000 | 0.000 | 0.087 | 0.0439 |-0.0145 |0.0000 |0.0009 |0.0410 |
198.890 | 0.000 | 0.000 | 0.088 | 0.0443 |-0.0147 |0.0000 |0.0009 |0.0414 |
199.359 | 0.000 | 0.000 | 0.089 | 0.0447 |-0.0148 |0.0000 |0.0009 |0.0418 |
199.825 | 0.000 | 0.000 | 0.090 | 0.0451 |-0.0149 |0.0000 |0.0009 |0.0422 |
200.289 | 0.000 | 0.000 | 0.091 | 0.0455 |-0.0151 |0.0000 |0.0009 |0.0426 |
200.750 | 0.000 | 0.000 | 0.092 | 0.0459 |-0.0152 |0.0000 |0.0009 |0.0430 |
201.208 | 0.000 | 0.000 | 0.093 | 0.0463 |-0.0153 |0.0000 |0.0010 |0.0434 |
201.663 | 0.000 | 0.000 | 0.094 | 0.0467 |-0.0155 |0.0000 |0.0010 |0.0438 |
202.116 | 0.000 | 0.000 | 0.095 | 0.0471 |-0.0156 |0.0000 |0.0010 |0.0442 |
202.566 | 0.000 | 0.000 | 0.096 | 0.0475 |-0.0157 |0.0000 |0.0010 |0.0446 |
203.014 | 0.000 | 0.000 | 0.097 | 0.0479 |-0.0159 |0.0000 |0.0010 |0.0450 |
203.459 | 0.000 | 0.000 | 0.098 | 0.0483 |-0.0160 |0.0000 |0.0010 |0.0454 |
203.902 | 0.000 | 0.000 | 0.099 | 0.0487 |-0.0161 |0.0000 |0.0010 |0.0458 |
204.342 | 0.000 | 0.000 | 0.101 | 0.0491 |-0.0163 |0.0000 |0.0010 |0.0462 |
204.780 | 0.000 | 0.000 | 0.102 | 0.0495 |-0.0164 |0.0000 |0.0010 |0.0465 |
205.215 | 0.000 | 0.000 | 0.103 | 0.0499 |-0.0165 |0.0000 |0.0010 |0.0469 |
205.648 | 0.000 | 0.000 | 0.104 | 0.0503 |-0.0167 |0.0000 |0.0010 |0.0473 |
206.079 | 0.000 | 0.000 | 0.105 | 0.0506 |-0.0168 |0.0000 |0.0011 |0.0477 |
206.507 | 0.000 | 0.000 | 0.106 | 0.0510 |-0.0169 |0.0000 |0.0011 |0.0481 |
206.933 | 0.000 | 0.000 | 0.107 | 0.0514 |-0.0171 |0.0000 |0.0011 |0.0485 |
207.357 | 0.000 | 0.000 | 0.108 | 0.0518 |-0.0172 |0.0000 |0.0011 |0.0489 |
207.779 | 0.000 | 0.000 | 0.109 | 0.0522 |-0.0173 |0.0000 |0.0011 |0.0493 |
208.198 | 0.000 | 0.000 | 0.111 | 0.0526 |-0.0174 |0.0000 |0.0011 |0.0497 |
208.616 | 0.000 | 0.000 | 0.112 | 0.0530 |-0.0176 |0.0000 |0.0011 |0.0501 |
209.031 | 0.000 | 0.000 | 0.113 | 0.0534 |-0.0177 |0.0000 |0.0011 |0.0505 |
209.444 | 0.000 | 0.000 | 0.114 | 0.0538 |-0.0178 |0.0000 |0.0011 |0.0509 |
209.855 | 0.000 | 0.000 | 0.115 | 0.0542 |-0.0180 |0.0000 |0.0011 |0.0513 |
210.264 | 0.000 | 0.000 | 0.116 | 0.0546 |-0.0181 |0.0000 |0.0011 |0.0516 |
210.671 | 0.000 | 0.000 | 0.117 | 0.0550 |-0.0182 |0.0000 |0.0012 |0.0520 |
211.076 | 0.000 | 0.000 | 0.118 | 0.0554 |-0.0184 |0.0000 |0.0012 |0.0524 |
211.479 | 0.000 | 0.000 | 0.120 | 0.0558 |-0.0185 |0.0000 |0.0012 |0.0528 |
211.879 | 0.000 | 0.000 | 0.121 | 0.0562 |-0.0186 |0.0000 |0.0012 |0.0532 |
212.278 | 0.000 | 0.000 | 0.122 | 0.0566 |-0.0188 |0.0000 |0.0012 |0.0536 |
212.675 | 0.000 | 0.000 | 0.123 | 0.0570 |-0.0189 |0.0000 |0.0012 |0.0540 |
213.071 | 0.000 | 0.000 | 0.124 | 0.0574 |-0.0190 |0.0000 |0.0012 |0.0544 |
213.464 | 0.000 | 0.000 | 0.125 | 0.0578 |-0.0192 |0.0000 |0.0012 |0.0548 |
213.855 | 0.000 | 0.000 | 0.126 | 0.0582 |-0.0193 |0.0000 |0.0012 |0.0552 |
214.245 | 0.000 | 0.000 | 0.128 | 0.0586 |-0.0194 |0.0000 |0.0012 |0.0556 |
214.632 | 0.000 | 0.000 | 0.129 | 0.0590 |-0.0196 |0.0000 |0.0012 |0.0559 |
215.018 | 0.000 | 0.000 | 0.130 | 0.0594 |-0.0197 |0.0000 |0.0013 |0.0563 |
215.402 | 0.000 | 0.000 | 0.131 | 0.0598 |-0.0198 |0.0000 |0.0013 |0.0567 |
215.784 | 0.000 | 0.000 | 0.132 | 0.0602 |-0.0199 |0.0000 |0.0013 |0.0571 |
216.165 | 0.000 | 0.000 | 0.133 | 0.0606 |-0.0201 |0.0000 |0.0013 |0.0575 |
216.544 | 0.000 | 0.000 | 0.135 | 0.0610 |-0.0202 |0.0000 |0.0013 |0.0579 |
216.921 | 0.000 | 0.000 | 0.136 | 0.0614 |-0.0203 |0.0000 |0.0013 |0.0583 |
217.296 | 0.000 | 0.000 | 0.137 | 0.0618 |-0.0205 |0.0000 |0.0013 |0.0587 |
217.670 | 0.000 | 0.000 | 0.138 | 0.0622 |-0.0206 |0.0000 |0.0013 |0.0591 |
218.042 | 0.000 | 0.000 | 0.139 | 0.0626 |-0.0207 |0.0000 |0.0013 |0.0595 |
218.412 | 0.000 | 0.000 | 0.140 | 0.0629 |-0.0209 |0.0000 |0.0013 |0.0599 |
218.781 | 0.000 | 0.000 | 0.142 | 0.0633 |-0.0210 |0.0000 |0.0014 |0.0602 |
219.148 | 0.000 | 0.000 | 0.143 | 0.0637 |-0.0211 |0.0000 |0.0014 |0.0606 |
219.514 | 0.000 | 0.000 | 0.144 | 0.0641 |-0.0213 |0.0000 |0.0014 |0.0610 |
219.878 | 0.000 | 0.000 | 0.145 | 0.0645 |-0.0214 |0.0000 |0.0014 |0.0614 |
220.240 | 0.000 | 0.000 | 0.146 | 0.0649 |-0.0215 |0.0000 |0.0014 |0.0618 |
220.601 | 0.000 | 0.000 | 0.148 | 0.0653 |-0.0216 |0.0000 |0.0014 |0.0622 |
220.960 | 0.000 | 0.000 | 0.149 | 0.0657 |-0.0218 |0.0000 |0.0014 |0.0626 |
221.318 | 0.000 | 0.000 | 0.150 | 0.0661 |-0.0219 |0.0000 |0.0014 |0.0630 |
221.675 | 0.000 | 0.000 | 0.151 | 0.0665 |-0.0220 |0.0000 |0.0014 |0.0634 |
222.029 | 0.000 | 0.000 | 0.152 | 0.0669 |-0.0222 |0.0000 |0.0014 |0.0637 |
222.383 | 0.000 | 0.000 | 0.154 | 0.0673 |-0.0223 |0.0000 |0.0014 |0.0641 |
222.735 | 0.000 | 0.000 | 0.155 | 0.0677 |-0.0224 |0.0000 |0.0015 |0.0645 |
223.085 | 0.000 | 0.000 | 0.156 | 0.0681 |-0.0226 |0.0000 |0.0015 |0.0649 |
223.434 | 0.000 | 0.000 | 0.157 | 0.0685 |-0.0227 |0.0000 |0.0015 |0.0653 |
223.782 | 0.000 | 0.000 | 0.158 | 0.0689 |-0.0228 |0.0000 |0.0015 |0.0657 |
224.128 | 0.000 | 0.000 | 0.160 | 0.0692 |-0.0230 |0.0000 |0.0015 |0.0661 |
224.473 | 0.000 | 0.000 | 0.161 | 0.0696 |-0.0231 |0.0000 |0.0015 |0.0665 |
224.816 | 0.000 | 0.000 | 0.162 | 0.0700 |-0.0232 |0.0000 |0.0015 |0.0668 |
225.158 | 0.000 | 0.000 | 0.163 | 0.0704 |-0.0233 |0.0000 |0.0015 |0.0672 |
225.499 | 0.000 | 0.000 | 0.165 | 0.0708 |-0.0235 |0.0000 |0.0015 |0.0676 |
225.838 | 0.000 | 0.000 | 0.166 | 0.0712 |-0.0236 |0.0000 |0.0015 |0.0680 |
226.176 | 0.000 | 0.000 | 0.167 | 0.0716 |-0.0237 |0.0000 |0.0015 |0.0684 |
226.513 | 0.000 | 0.000 | 0.168 | 0.0720 |-0.0239 |0.0000 |0.0016 |0.0688 |
226.848 | 0.000 | 0.000 | 0.170 | 0.0724 |-0.0240 |0.0000 |0.0016 |0.0692 |
227.183 | 0.000 | 0.000 | 0.171 | 0.0728 |-0.0241 |0.0000 |0.0016 |0.0696 |
227.515 | 0.000 | 0.000 | 0.172 | 0.0732 |-0.0243 |0.0000 |0.0016 |0.0699 |
227.847 | 0.000 | 0.000 | 0.173 | 0.0736 |-0.0244 |0.0000 |0.0016 |0.0703 |
228.177 | 0.000 | 0.000 | 0.174 | 0.0740 |-0.0245 |0.0000 |0.0016 |0.0707 |
228.506 | 0.000 | 0.000 | 0.176 | 0.0743 |-0.0246 |0.0000 |0.0016 |0.0711 |
228.834 | 0.000 | 0.000 | 0.177 | 0.0747 |-0.0248 |0.0000 |0.0016 |0.0715 |
229.160 | 0.000 | 0.000 | 0.178 | 0.0751 |-0.0249 |0.0000 |0.0016 |0.0719 |
229.486 | 0.000 | 0.000 | 0.179 | 0.0755 |-0.0250 |0.0000 |0.0016 |0.0723 |
229.810 | 0.000 | 0.000 | 0.181 | 0.0759 |-0.0252 |0.0000 |0.0017 |0.0727 |
230.133 | 0.000 | 0.000 | 0.182 | 0.0763 |-0.0253 |0.0000 |0.0017 |0.0730 |
230.454 | 0.000 | 0.000 | 0.183 | 0.0767 |-0.0254 |0.0000 |0.0017 |0.0734 |
230.775 | 0.000 | 0.000 | 0.185 | 0.0771 |-0.0256 |0.0000 |0.0017 |0.0738 |
231.094 | 0.000 | 0.000 | 0.186 | 0.0775 |-0.0257 |0.0000 |0.0017 |0.0742 |
231.412 | 0.000 | 0.000 | 0.187 | 0.0779 |-0.0258 |0.0000 |0.0017 |0.0746 |
231.729 | 0.000 | 0.000 | 0.188 | 0.0782 |-0.0259 |0.0000 |0.0017 |0.0750 |
232.045 | 0.000 | 0.000 | 0.190 | 0.0786 |-0.0261 |0.0000 |0.0017 |0.0754 |
232.360 | 0.000 | 0.000 | 0.191 | 0.0790 |-0.0262 |0.0000 |0.0017 |0.0757 |
232.674 | 0.000 | 0.000 | 0.192 | 0.0794 |-0.0263 |0.0000 |0.0017 |0.0761 |
232.986 | 0.000 | 0.000 | 0.193 | 0.0798 |-0.0265 |0.0000 |0.0017 |0.0765 |
233.298 | 0.000 | 0.000 | 0.195 | 0.0802 |-0.0266 |0.0000 |0.0018 |0.0769 |
233.608 | 0.000 | 0.000 | 0.196 | 0.0806 |-0.0267 |0.0000 |0.0018 |0.0773 |
233.917 | 0.000 | 0.000 | 0.197 | 0.0810 |-0.0268 |0.0000 |0.0018 |0.0777 |
234.226 | 0.000 | 0.000 | 0.199 | 0.0814 |-0.0270 |0.0000 |0.0018 |0.0781 |
234.533 | 0.000 | 0.000 | 0.200 | 0.0818 |-0.0271 |0.0000 |0.0018 |0.0784 |
234.839 | 0.000 | 0.000 | 0.201 | 0.0821 |-0.0272 |0.0000 |0.0018 |0.0788 |
235.144 | 0.000 | 0.000 | 0.202 | 0.0825 |-0.0274 |0.0000 |0.0018 |0.0792 |
235.448 | 0.000 | 0.000 | 0.204 | 0.0829 |-0.0275 |0.0000 |0.0018 |0.0796 |
235.751 | 0.000 | 0.000 | 0.205 | 0.0833 |-0.0276 |0.0000 |0.0018 |0.0800 |
236.053 | 0.000 | 0.000 | 0.206 | 0.0837 |-0.0277 |0.0000 |0.0018 |0.0804 |
236.353 | 0.000 | 0.000 | 0.208 | 0.0841 |-0.0279 |0.0000 |0.0019 |0.0807 |
236.653 | 0.000 | 0.000 | 0.209 | 0.0845 |-0.0280 |0.0000 |0.0019 |0.0811 |
236.952 | 0.000 | 0.000 | 0.210 | 0.0849 |-0.0281 |0.0000 |0.0019 |0.0815 |
237.250 | 0.000 | 0.000 | 0.211 | 0.0853 |-0.0283 |0.0000 |0.0019 |0.0819 |
237.547 | 0.000 | 0.000 | 0.213 | 0.0856 |-0.0284 |0.0000 |0.0019 |0.0823 |
237.843 | 0.000 | 0.000 | 0.214 | 0.0860 |-0.0285 |0.0000 |0.0019 |0.0827 |
238.138 | 0.000 | 0.000 | 0.215 | 0.0864 |-0.0286 |0.0000 |0.0019 |0.0831 |
238.432 | 0.000 | 0.000 | 0.217 | 0.0868 |-0.0288 |0.0000 |0.0019 |0.0834 |
238.725 | 0.000 | 0.000 | 0.218 | 0.0872 |-0.0289 |0.0000 |0.0019 |0.0838 |
239.017 | 0.000 | 0.000 | 0.219 | 0.0876 |-0.0290 |0.0000 |0.0019 |0.0842 |
239.308 | 0.000 | 0.000 | 0.221 | 0.0880 |-0.0292 |0.0000 |0.0020 |0.0846 |
239.598 | 0.000 | 0.000 | 0.222 | 0.0884 |-0.0293 |0.0000 |0.0020 |0.0850 |
239.887 | 0.000 | 0.000 | 0.223 | 0.0887 |-0.0294 |0.0000 |0.0020 |0.0854 |
240.175 | 0.000 | 0.000 | 0.225 | 0.0891 |-0.0295 |0.0000 |0.0020 |0.0857 |
240.463 | 0.000 | 0.000 | 0.226 | 0.0895 |-0.0297 |0.0000 |0.0020 |0.0861 |
240.749 | 0.000 | 0.000 | 0.227 | 0.0899 |-0.0298 |0.0000 |0.0020 |0.0865 |
241.035 | 0.000 | 0.000 | 0.229 | 0.0903 |-0.0299 |0.0000 |0.0020 |0.0869 |
241.319 | 0.000 | 0.000 | 0.230 | 0.0907 |-0.0301 |0.0000 |0.0020 |0.0873 |
241.603 | 0.000 | 0.000 | 0.231 | 0.0911 |-0.0302 |0.0000 |0.0020 |0.0876 |
241.886 | 0.000 | 0.000 | 0.232 | 0.0914 |-0.0303 |0.0000 |0.0020 |0.0880 |
242.168 | 0.000 | 0.000 | 0.234 | 0.0918 |-0.0304 |0.0000 |0.0021 |0.0884 |
242.449 | 0.000 | 0.000 | 0.235 | 0.0922 |-0.0306 |0.0000 |0.0021 |0.0888 |
242.729 | 0.000 | 0.000 | 0.237 | 0.0926 |-0.0307 |0.0000 |0.0021 |0.0892 |
243.009 | 0.000 | 0.000 | 0.238 | 0.0930 |-0.0308 |0.0000 |0.0021 |0.0896 |
243.287 | 0.000 | 0.000 | 0.239 | 0.0934 |-0.0310 |0.0000 |0.0021 |0.0899 |
243.565 | 0.000 | 0.000 | 0.241 | 0.0938 |-0.0311 |0.0000 |0.0021 |0.0903 |
243.842 | 0.000 | 0.000 | 0.242 | 0.0942 |-0.0312 |0.0000 |0.0021 |0.0907 |
244.118 | 0.000 | 0.000 | 0.243 | 0.0945 |-0.0313 |0.0000 |0.0021 |0.0911 |
244.393 | 0.000 | 0.000 | 0.245 | 0.0949 |-0.0315 |0.0000 |0.0021 |0.0915 |
244.667 | 0.000 | 0.000 | 0.246 | 0.0953 |-0.0316 |0.0000 |0.0021 |0.0919 |
244.941 | 0.000 | 0.000 | 0.247 | 0.0957 |-0.0317 |0.0000 |0.0022 |0.0922 |
245.213 | 0.000 | 0.000 | 0.249 | 0.0961 |-0.0318 |0.0000 |0.0022 |0.0926 |
245.485 | 0.000 | 0.000 | 0.250 | 0.0965 |-0.0320 |0.0000 |0.0022 |0.0930 |
245.756 | 0.000 | 0.000 | 0.251 | 0.0968 |-0.0321 |0.0000 |0.0022 |0.0934 |
246.026 | 0.000 | 0.000 | 0.253 | 0.0972 |-0.0322 |0.0000 |0.0022 |0.0938 |
246.296 | 0.000 | 0.000 | 0.254 | 0.0976 |-0.0324 |0.0000 |0.0022 |0.0941 |
246.565 | 0.000 | 0.000 | 0.255 | 0.0980 |-0.0325 |0.0000 |0.0022 |0.0945 |
246.833 | 0.000 | 0.000 | 0.257 | 0.0984 |-0.0326 |0.0000 |0.0022 |0.0949 |
247.100 | 0.000 | 0.000 | 0.258 | 0.0988 |-0.0327 |0.0000 |0.0022 |0.0953 |
247.366 | 0.000 | 0.000 | 0.259 | 0.0992 |-0.0329 |0.0000 |0.0022 |0.0957 |
247.632 | 0.000 | 0.000 | 0.261 | 0.0995 |-0.0330 |0.0000 |0.0022 |0.0960 |
247.896 | 0.000 | 0.000 | 0.262 | 0.0999 |-0.0331 |0.0000 |0.0023 |0.0964 |
248.160 | 0.000 | 0.000 | 0.264 | 0.1003 |-0.0333 |0.0000 |0.0023 |0.0968 |
248.424 | 0.000 | 0.000 | 0.265 | 0.1007 |-0.0334 |0.0000 |0.0023 |0.0972 |
248.686 | 0.000 | 0.000 | 0.266 | 0.1011 |-0.0335 |0.0000 |0.0023 |0.0976 |
248.948 | 0.000 | 0.000 | 0.268 | 0.1015 |-0.0336 |0.0000 |0.0023 |0.0979 |
249.209 | 0.000 | 0.000 | 0.269 | 0.1018 |-0.0338 |0.0000 |0.0023 |0.0983 |
249.470 | 0.000 | 0.000 | 0.270 | 0.1022 |-0.0339 |0.0000 |0.0023 |0.0987 |
249.729 | 0.000 | 0.000 | 0.272 | 0.1026 |-0.0340 |0.0000 |0.0023 |0.0991 |
249.988 | 0.000 | 0.000 | 0.273 | 0.1030 |-0.0341 |0.0000 |0.0023 |0.0995 |
250.246 | 0.000 | 0.000 | 0.275 | 0.1034 |-0.0343 |0.0000 |0.0023 |0.0998 |
250.504 | 0.000 | 0.000 | 0.276 | 0.1038 |-0.0344 |0.0000 |0.0024 |0.1002 |
250.760 | 0.000 | 0.000 | 0.277 | 0.1041 |-0.0345 |0.0000 |0.0024 |0.1006 |
251.016 | 0.000 | 0.000 | 0.279 | 0.1045 |-0.0346 |0.0000 |0.0024 |0.1010 |
251.272 | 0.000 | 0.000 | 0.280 | 0.1049 |-0.0348 |0.0000 |0.0024 |0.1014 |
251.526 | 0.000 | 0.000 | 0.282 | 0.1053 |-0.0349 |0.0000 |0.0024 |0.1017 |
251.780 | 0.000 | 0.000 | 0.283 | 0.1057 |-0.0350 |0.0000 |0.0024 |0.1021 |
252.033 | 0.000 | 0.000 | 0.284 | 0.1061 |-0.0352 |0.0000 |0.0024 |0.1025 |
252.286 | 0.000 | 0.000 | 0.286 | 0.1064 |-0.0353 |0.0000 |0.0024 |0.1029 |
252.538 | 0.000 | 0.000 | 0.287 | 0.1068 |-0.0354 |0.0000 |0.0024 |0.1033 |
252.789 | 0.000 | 0.000 | 0.289 | 0.1072 |-0.0355 |0.0000 |0.0024 |0.1036 |
253.040 | 0.000 | 0.000 | 0.290 | 0.1076 |-0.0357 |0.0000 |0.0025 |0.1040 |
253.290 | 0.000 | 0.000 | 0.291 | 0.1080 |-0.0358 |0.0000 |0.0025 |0.1044 |
253.539 | 0.000 | 0.000 | 0.293 | 0.1083 |-0.0359 |0.0000 |0.0025 |0.1048 |
253.787 | 0.000 | 0.000 | 0.294 | 0.1087 |-0.0360 |0.0000 |0.0025 |0.1051 |
254.035 | 0.000 | 0.000 | 0.296 | 0.1091 |-0.0362 |0.0000 |0.0025 |0.1055 |
254.282 | 0.000 | 0.000 | 0.297 | 0.1095 |-0.0363 |0.0000 |0.0025 |0.1059 |
254.529 | 0.000 | 0.000 | 0.298 | 0.1099 |-0.0364 |0.0000 |0.0025 |0.1063 |
254.775 | 0.000 | 0.000 | 0.300 | 0.1103 |-0.0365 |0.0000 |0.0025 |0.1067 |
255.020 | 0.000 | 0.000 | 0.301 | 0.1106 |-0.0367 |0.0000 |0.0025 |0.1070 |
255.265 | 0.000 | 0.000 | 0.303 | 0.1110 |-0.0368 |0.0000 |0.0026 |0.1074 |
255.509 | 0.000 | 0.000 | 0.304 | 0.1114 |-0.0369 |0.0000 |0.0026 |0.1078 |
255.752 | 0.000 | 0.000 | 0.305 | 0.1118 |-0.0371 |0.0000 |0.0026 |0.1082 |
255.995 | 0.000 | 0.000 | 0.307 | 0.1122 |-0.0372 |0.0000 |0.0026 |0.1085 |
256.237 | 0.000 | 0.000 | 0.308 | 0.1125 |-0.0373 |0.0000 |0.0026 |0.1089 |
256.479 | 0.000 | 0.000 | 0.310 | 0.1129 |-0.0374 |0.0000 |0.0026 |0.1093 |
256.719 | 0.000 | 0.000 | 0.311 | 0.1133 |-0.0376 |0.0000 |0.0026 |0.1097 |
256.960 | 0.000 | 0.000 | 0.313 | 0.1137 |-0.0377 |0.0000 |0.0026 |0.1101 |
257.199 | 0.000 | 0.000 | 0.314 | 0.1141 |-0.0378 |0.0000 |0.0026 |0.1104 |
257.438 | 0.000 | 0.000 | 0.315 | 0.1144 |-0.0379 |0.0000 |0.0026 |0.1108 |
257.677 | 0.000 | 0.000 | 0.317 | 0.1148 |-0.0381 |0.0000 |0.0027 |0.1112 |
257.915 | 0.000 | 0.000 | 0.318 | 0.1152 |-0.0382 |0.0000 |0.0027 |0.1116 |
258.152 | 0.000 | 0.000 | 0.320 | 0.1156 |-0.0383 |0.0000 |0.0027 |0.1119 |
258.389 | 0.000 | 0.000 | 0.321 | 0.1160 |-0.0384 |0.0000 |0.0027 |0.1123 |
258.625 | 0.000 | 0.000 | 0.323 | 0.1163 |-0.0386 |0.0000 |0.0027 |0.1127 |
258.860 | 0.000 | 0.000 | 0.324 | 0.1167 |-0.0387 |0.0000 |0.0027 |0.1131 |
259.095 | 0.000 | 0.000 | 0.325 | 0.1171 |-0.0388 |0.0000 |0.0027 |0.1134 |
259.330 | 0.000 | 0.000 | 0.327 | 0.1175 |-0.0389 |0.0000 |0.0027 |0.1138 |
259.563 | 0.000 | 0.000 | 0.328 | 0.1179 |-0.0391 |0.0000 |0.0027 |0.1142 |
259.797 | 0.000 | 0.000 | 0.330 | 0.1182 |-0.0392 |0.0000 |0.0027 |0.1146 |
260.029 | 0.000 | 0.000 | 0.331 | 0.1186 |-0.0393 |0.0000 |0.0028 |0.1149 |
260.261 | 0.000 | 0.000 | 0.333 | 0.1190 |-0.0394 |0.0000 |0.0028 |0.1153 |
260.493 | 0.000 | 0.000 | 0.334 | 0.1194 |-0.0396 |0.0000 |0.0028 |0.1157 |
260.724 | 0.000 | 0.000 | 0.336 | 0.1198 |-0.0397 |0.0000 |0.0028 |0.1161 |
260.954 | 0.000 | 0.000 | 0.337 | 0.1201 |-0.0398 |0.0000 |0.0028 |0.1165 |
261.184 | 0.000 | 0.000 | 0.338 | 0.1205 |-0.0399 |0.0000 |0.0028 |0.1168 |
261.413 | 0.000 | 0.000 | 0.340 | 0.1209 |-0.0401 |0.0000 |0.0028 |0.1172 |
261.642 | 0.000 | 0.000 | 0.341 | 0.1213 |-0.0402 |0.0000 |0.0028 |0.1176 |
261.870 | 0.000 | 0.000 | 0.343 | 0.1216 |-0.0403 |0.0000 |0.0028 |0.1180 |
262.098 | 0.000 | 0.000 | 0.344 | 0.1220 |-0.0404 |0.0000 |0.0028 |0.1183 |
262.325 | 0.000 | 0.000 | 0.346 | 0.1224 |-0.0406 |0.0000 |0.0029 |0.1187 |
262.551 | 0.000 | 0.000 | 0.347 | 0.1228 |-0.0407 |0.0000 |0.0029 |0.1191 |
262.777 | 0.000 | 0.000 | 0.349 | 0.1232 |-0.0408 |0.0000 |0.0029 |0.1195 |
263.003 | 0.000 | 0.000 | 0.350 | 0.1235 |-0.0409 |0.0000 |0.0029 |0.1198 |
263.228 | 0.000 | 0.000 | 0.352 | 0.1239 |-0.0411 |0.0000 |0.0029 |0.1202 |
263.452 | 0.000 | 0.000 | 0.353 | 0.1243 |-0.0412 |0.0000 |0.0029 |0.1206 |
263.676 | 0.000 | 0.000 | 0.355 | 0.1247 |-0.0413 |0.0000 |0.0029 |0.1210 |
263.900 | 0.000 | 0.000 | 0.356 | 0.1250 |-0.0414 |0.0000 |0.0029 |0.1213 |
264.123 | 0.000 | 0.000 | 0.358 | 0.1254 |-0.0416 |0.0000 |0.0029 |0.1217 |
264.345 | 0.000 | 0.000 | 0.359 | 0.1258 |-0.0417 |0.0000 |0.0029 |0.1221 |
264.567 | 0.000 | 0.000 | 0.360 | 0.1262 |-0.0418 |0.0000 |0.0030 |0.1224 |
264.788 | 0.000 | 0.000 | 0.362 | 0.1266 |-0.0419 |0.0000 |0.0030 |0.1228 |
265.009 | 0.000 | 0.000 | 0.363 | 0.1269 |-0.0421 |0.0000 |0.0030 |0.1232 |
265.229 | 0.001 | 0.000 | 0.365 | 0.1273 |-0.0422 |0.0000 |0.0030 |0.1236 |
265.449 | 0.001 | 0.000 | 0.366 | 0.1277 |-0.0423 |0.0000 |0.0030 |0.1239 |
265.668 | 0.001 | 0.000 | 0.368 | 0.1281 |-0.0424 |0.0000 |0.0030 |0.1243 |
265.887 | 0.001 | 0.000 | 0.369 | 0.1284 |-0.0426 |0.0000 |0.0030 |0.1247 |
266.106 | 0.001 | 0.000 | 0.371 | 0.1288 |-0.0427 |0.0000 |0.0030 |0.1251 |
266.324 | 0.001 | 0.000 | 0.372 | 0.1292 |-0.0428 |0.0000 |0.0030 |0.1254 |
266.541 | 0.001 | 0.000 | 0.374 | 0.1296 |-0.0429 |0.0000 |0.0031 |0.1258 |
266.758 | 0.001 | 0.000 | 0.375 | 0.1299 |-0.0431 |0.0000 |0.0031 |0.1262 |
266.974 | 0.001 | 0.000 | 0.377 | 0.1303 |-0.0432 |0.0000 |0.0031 |0.1266 |
267.190 | 0.001 | 0.000 | 0.378 | 0.1307 |-0.0433 |0.0000 |0.0031 |0.1269 |
267.406 | 0.001 | 0.000 | 0.380 | 0.1311 |-0.0434 |0.0000 |0.0031 |0.1273 |
267.620 | 0.001 | 0.000 | 0.381 | 0.1314 |-0.0436 |0.0000 |0.0031 |0.1277 |
267.630 | 0.001 | 0.000 | 0.381 | 0.1315 |-0.0436 |0.0000 |0.0031 |0.1277 |
