Test angle: 15
Mesh element_496 : S11 | S22 | S33 | S12 | E11 | E22 | E33 | 2*E12 | EPbar 
0.000 | 0.000 | 0.000 | 0.000 | 0.0000 |0.0000 |0.0000 |0.0000 |0.0000 |
0.503 | -0.000 | 0.000 | -0.000 | 0.0000 |-0.0000 |0.0000 |-0.0000 |0.0000 |
1.005 | -0.000 | 0.000 | -0.000 | 0.0000 |-0.0000 |0.0000 |-0.0000 |0.0000 |
1.759 | -0.000 | 0.000 | -0.000 | 0.0000 |-0.0000 |0.0000 |-0.0000 |0.0000 |
2.891 | 0.000 | 0.000 | -0.000 | 0.0000 |-0.0000 |0.0000 |-0.0000 |0.0000 |
4.587 | 0.000 | 0.000 | -0.000 | 0.0001 |-0.0000 |0.0000 |-0.0000 |0.0000 |
7.132 | -0.000 | 0.000 | -0.000 | 0.0001 |-0.0000 |0.0000 |-0.0000 |0.0000 |
10.949 | -0.000 | 0.000 | -0.000 | 0.0002 |-0.0001 |0.0000 |-0.0000 |0.0000 |
16.675 | -0.000 | 0.000 | -0.000 | 0.0002 |-0.0001 |0.0000 |-0.0000 |0.0000 |
25.262 | -0.000 | 0.000 | -0.000 | 0.0004 |-0.0001 |0.0000 |-0.0000 |0.0000 |
38.142 | 0.000 | 0.000 | -0.000 | 0.0005 |-0.0002 |0.0000 |-0.0000 |0.0000 |
57.458 | 0.000 | 0.000 | -0.000 | 0.0008 |-0.0003 |0.0000 |-0.0000 |0.0000 |
82.576 | 0.000 | 0.000 | -0.000 | 0.0012 |-0.0004 |0.0000 |-0.0000 |0.0000 |
107.114 | -0.000 | 0.000 | 0.000 | 0.0015 |-0.0005 |0.0000 |-0.0000 |0.0000 |
107.572 | -0.000 | 0.000 | -0.001 | 0.0017 |-0.0005 |0.0000 |-0.0000 |0.0001 |
108.019 | -0.000 | 0.000 | -0.003 | 0.0018 |-0.0006 |0.0000 |-0.0001 |0.0002 |
108.460 | -0.000 | 0.000 | -0.004 | 0.0019 |-0.0006 |0.0000 |-0.0001 |0.0003 |
109.110 | -0.000 | 0.000 | -0.006 | 0.0020 |-0.0006 |0.0000 |-0.0001 |0.0005 |
110.063 | -0.000 | 0.000 | -0.010 | 0.0023 |-0.0007 |0.0000 |-0.0002 |0.0007 |
111.450 | 0.000 | 0.000 | -0.015 | 0.0027 |-0.0008 |0.0000 |-0.0003 |0.0010 |
113.034 | 0.000 | 0.000 | -0.021 | 0.0031 |-0.0009 |0.0000 |-0.0004 |0.0014 |
114.561 | 0.000 | 0.000 | -0.027 | 0.0035 |-0.0010 |0.0000 |-0.0005 |0.0018 |
116.036 | 0.000 | 0.000 | -0.034 | 0.0040 |-0.0012 |0.0000 |-0.0006 |0.0022 |
117.464 | 0.000 | 0.000 | -0.041 | 0.0044 |-0.0013 |0.0000 |-0.0007 |0.0026 |
118.849 | 0.000 | 0.000 | -0.047 | 0.0048 |-0.0014 |0.0000 |-0.0008 |0.0030 |
120.194 | 0.000 | 0.000 | -0.054 | 0.0052 |-0.0015 |0.0000 |-0.0009 |0.0033 |
121.501 | 0.000 | 0.000 | -0.061 | 0.0057 |-0.0016 |0.0000 |-0.0010 |0.0037 |
122.773 | 0.000 | 0.000 | -0.069 | 0.0061 |-0.0017 |0.0000 |-0.0011 |0.0041 |
124.014 | 0.000 | 0.000 | -0.076 | 0.0065 |-0.0018 |0.0000 |-0.0012 |0.0045 |
125.223 | 0.000 | 0.000 | -0.083 | 0.0069 |-0.0019 |0.0000 |-0.0013 |0.0049 |
126.404 | 0.000 | 0.000 | -0.091 | 0.0074 |-0.0021 |0.0000 |-0.0014 |0.0053 |
127.558 | 0.000 | 0.000 | -0.098 | 0.0078 |-0.0022 |0.0000 |-0.0016 |0.0057 |
128.686 | 0.000 | 0.000 | -0.106 | 0.0082 |-0.0023 |0.0000 |-0.0017 |0.0060 |
129.790 | 0.000 | 0.000 | -0.114 | 0.0086 |-0.0024 |0.0000 |-0.0018 |0.0064 |
130.871 | 0.000 | 0.000 | -0.122 | 0.0090 |-0.0025 |0.0000 |-0.0019 |0.0068 |
131.929 | 0.000 | 0.000 | -0.130 | 0.0095 |-0.0026 |0.0000 |-0.0020 |0.0072 |
132.967 | 0.000 | 0.000 | -0.138 | 0.0099 |-0.0027 |0.0000 |-0.0021 |0.0076 |
133.986 | 0.000 | 0.000 | -0.146 | 0.0103 |-0.0028 |0.0000 |-0.0022 |0.0080 |
134.985 | 0.000 | 0.000 | -0.154 | 0.0107 |-0.0029 |0.0000 |-0.0023 |0.0083 |
135.965 | 0.000 | 0.000 | -0.162 | 0.0111 |-0.0031 |0.0000 |-0.0024 |0.0087 |
136.929 | 0.000 | 0.000 | -0.171 | 0.0116 |-0.0032 |0.0000 |-0.0025 |0.0091 |
137.875 | 0.000 | 0.000 | -0.179 | 0.0120 |-0.0033 |0.0000 |-0.0026 |0.0095 |
138.806 | 0.000 | 0.000 | -0.188 | 0.0124 |-0.0034 |0.0000 |-0.0027 |0.0099 |
139.722 | 0.000 | 0.000 | -0.196 | 0.0128 |-0.0035 |0.0000 |-0.0028 |0.0103 |
140.622 | 0.000 | 0.000 | -0.205 | 0.0132 |-0.0036 |0.0000 |-0.0029 |0.0107 |
141.508 | 0.000 | 0.000 | -0.213 | 0.0136 |-0.0037 |0.0000 |-0.0030 |0.0110 |
142.381 | 0.000 | 0.000 | -0.222 | 0.0141 |-0.0038 |0.0000 |-0.0032 |0.0114 |
143.241 | 0.000 | 0.000 | -0.231 | 0.0145 |-0.0039 |0.0000 |-0.0033 |0.0118 |
144.087 | 0.000 | 0.000 | -0.240 | 0.0149 |-0.0041 |0.0000 |-0.0034 |0.0122 |
144.922 | 0.000 | 0.000 | -0.249 | 0.0153 |-0.0042 |0.0000 |-0.0035 |0.0126 |
145.744 | 0.000 | 0.000 | -0.258 | 0.0157 |-0.0043 |0.0000 |-0.0036 |0.0130 |
146.555 | 0.000 | 0.000 | -0.267 | 0.0161 |-0.0044 |0.0000 |-0.0037 |0.0133 |
147.355 | 0.001 | 0.000 | -0.276 | 0.0166 |-0.0045 |0.0000 |-0.0038 |0.0137 |
148.144 | 0.001 | 0.000 | -0.286 | 0.0170 |-0.0046 |0.0000 |-0.0039 |0.0141 |
148.923 | 0.001 | 0.000 | -0.295 | 0.0174 |-0.0047 |0.0000 |-0.0040 |0.0145 |
149.691 | 0.001 | 0.000 | -0.304 | 0.0178 |-0.0048 |0.0000 |-0.0041 |0.0149 |
150.450 | 0.001 | 0.000 | -0.314 | 0.0182 |-0.0049 |0.0000 |-0.0042 |0.0153 |
151.199 | 0.001 | 0.000 | -0.323 | 0.0186 |-0.0050 |0.0000 |-0.0043 |0.0156 |
151.939 | 0.001 | 0.000 | -0.333 | 0.0190 |-0.0051 |0.0000 |-0.0044 |0.0160 |
152.670 | 0.001 | 0.000 | -0.342 | 0.0195 |-0.0053 |0.0000 |-0.0045 |0.0164 |
153.393 | 0.001 | 0.000 | -0.352 | 0.0199 |-0.0054 |0.0000 |-0.0046 |0.0168 |
154.107 | 0.001 | 0.000 | -0.362 | 0.0203 |-0.0055 |0.0000 |-0.0048 |0.0172 |
154.812 | 0.001 | 0.000 | -0.371 | 0.0207 |-0.0056 |0.0000 |-0.0049 |0.0175 |
155.510 | 0.001 | 0.000 | -0.381 | 0.0211 |-0.0057 |0.0000 |-0.0050 |0.0179 |
156.200 | 0.001 | 0.000 | -0.391 | 0.0215 |-0.0058 |0.0000 |-0.0051 |0.0183 |
156.882 | 0.001 | 0.000 | -0.401 | 0.0219 |-0.0059 |0.0000 |-0.0052 |0.0187 |
157.557 | 0.001 | 0.000 | -0.411 | 0.0223 |-0.0060 |0.0000 |-0.0053 |0.0191 |
158.224 | 0.001 | 0.000 | -0.421 | 0.0228 |-0.0061 |0.0000 |-0.0054 |0.0195 |
158.885 | 0.001 | 0.000 | -0.431 | 0.0232 |-0.0062 |0.0000 |-0.0055 |0.0198 |
159.538 | 0.001 | 0.000 | -0.441 | 0.0236 |-0.0063 |0.0000 |-0.0056 |0.0202 |
160.185 | 0.001 | 0.000 | -0.451 | 0.0240 |-0.0065 |0.0000 |-0.0057 |0.0206 |
160.825 | 0.001 | 0.000 | -0.461 | 0.0244 |-0.0066 |0.0000 |-0.0058 |0.0210 |
161.459 | 0.001 | 0.000 | -0.471 | 0.0248 |-0.0067 |0.0000 |-0.0059 |0.0214 |
162.087 | 0.001 | 0.000 | -0.482 | 0.0252 |-0.0068 |0.0000 |-0.0060 |0.0217 |
162.708 | 0.001 | 0.000 | -0.492 | 0.0256 |-0.0069 |0.0000 |-0.0061 |0.0221 |
163.324 | 0.002 | 0.000 | -0.502 | 0.0260 |-0.0070 |0.0000 |-0.0063 |0.0225 |
163.934 | 0.002 | 0.000 | -0.513 | 0.0264 |-0.0071 |0.0000 |-0.0064 |0.0229 |
164.538 | 0.002 | 0.000 | -0.523 | 0.0269 |-0.0072 |0.0000 |-0.0065 |0.0233 |
165.136 | 0.002 | 0.000 | -0.533 | 0.0273 |-0.0073 |0.0000 |-0.0066 |0.0237 |
165.729 | 0.002 | 0.000 | -0.544 | 0.0277 |-0.0074 |0.0000 |-0.0067 |0.0240 |
166.317 | 0.002 | 0.000 | -0.555 | 0.0281 |-0.0075 |0.0000 |-0.0068 |0.0244 |
166.899 | 0.002 | 0.000 | -0.565 | 0.0285 |-0.0076 |0.0000 |-0.0069 |0.0248 |
167.476 | 0.002 | 0.000 | -0.576 | 0.0289 |-0.0078 |0.0000 |-0.0070 |0.0252 |
168.049 | 0.002 | 0.000 | -0.586 | 0.0293 |-0.0079 |0.0000 |-0.0071 |0.0256 |
168.616 | 0.002 | 0.000 | -0.597 | 0.0297 |-0.0080 |0.0000 |-0.0072 |0.0259 |
169.178 | 0.002 | 0.000 | -0.608 | 0.0301 |-0.0081 |0.0000 |-0.0073 |0.0263 |
169.736 | 0.002 | 0.000 | -0.619 | 0.0305 |-0.0082 |0.0000 |-0.0074 |0.0267 |
170.289 | 0.002 | 0.000 | -0.629 | 0.0309 |-0.0083 |0.0000 |-0.0075 |0.0271 |
170.837 | 0.002 | 0.000 | -0.640 | 0.0314 |-0.0084 |0.0000 |-0.0076 |0.0275 |
171.381 | 0.002 | 0.000 | -0.651 | 0.0318 |-0.0085 |0.0000 |-0.0078 |0.0278 |
171.921 | 0.003 | 0.000 | -0.662 | 0.0322 |-0.0086 |0.0000 |-0.0079 |0.0282 |
172.457 | 0.003 | 0.000 | -0.673 | 0.0326 |-0.0087 |0.0000 |-0.0080 |0.0286 |
172.988 | 0.003 | 0.000 | -0.684 | 0.0330 |-0.0088 |0.0000 |-0.0081 |0.0290 |
173.515 | 0.003 | 0.000 | -0.695 | 0.0334 |-0.0089 |0.0000 |-0.0082 |0.0294 |
174.038 | 0.003 | 0.000 | -0.706 | 0.0338 |-0.0090 |0.0000 |-0.0083 |0.0297 |
174.557 | 0.003 | 0.000 | -0.717 | 0.0342 |-0.0091 |0.0000 |-0.0084 |0.0301 |
175.072 | 0.003 | 0.000 | -0.728 | 0.0346 |-0.0093 |0.0000 |-0.0085 |0.0305 |
175.583 | 0.003 | 0.000 | -0.740 | 0.0350 |-0.0094 |0.0000 |-0.0086 |0.0309 |
176.090 | 0.003 | 0.000 | -0.751 | 0.0354 |-0.0095 |0.0000 |-0.0087 |0.0313 |
176.594 | 0.003 | 0.000 | -0.762 | 0.0358 |-0.0096 |0.0000 |-0.0088 |0.0316 |
177.093 | 0.003 | 0.000 | -0.773 | 0.0362 |-0.0097 |0.0000 |-0.0089 |0.0320 |
177.590 | 0.003 | 0.000 | -0.785 | 0.0366 |-0.0098 |0.0000 |-0.0090 |0.0324 |
178.082 | 0.004 | 0.000 | -0.796 | 0.0371 |-0.0099 |0.0000 |-0.0092 |0.0328 |
178.572 | 0.004 | 0.000 | -0.807 | 0.0375 |-0.0100 |0.0000 |-0.0093 |0.0331 |
179.057 | 0.004 | 0.000 | -0.819 | 0.0379 |-0.0101 |0.0000 |-0.0094 |0.0335 |
179.540 | 0.004 | 0.000 | -0.830 | 0.0383 |-0.0102 |0.0000 |-0.0095 |0.0339 |
180.019 | 0.004 | 0.000 | -0.842 | 0.0387 |-0.0103 |0.0000 |-0.0096 |0.0343 |
180.495 | 0.004 | 0.000 | -0.853 | 0.0391 |-0.0104 |0.0000 |-0.0097 |0.0347 |
180.967 | 0.004 | 0.000 | -0.865 | 0.0395 |-0.0105 |0.0000 |-0.0098 |0.0350 |
181.437 | 0.004 | 0.000 | -0.876 | 0.0399 |-0.0106 |0.0000 |-0.0099 |0.0354 |
181.903 | 0.004 | 0.000 | -0.888 | 0.0403 |-0.0107 |0.0000 |-0.0100 |0.0358 |
182.367 | 0.004 | 0.000 | -0.899 | 0.0407 |-0.0109 |0.0000 |-0.0101 |0.0362 |
182.827 | 0.005 | 0.000 | -0.911 | 0.0411 |-0.0110 |0.0000 |-0.0102 |0.0366 |
183.284 | 0.005 | 0.000 | -0.923 | 0.0415 |-0.0111 |0.0000 |-0.0103 |0.0369 |
183.738 | 0.005 | 0.000 | -0.934 | 0.0419 |-0.0112 |0.0000 |-0.0104 |0.0373 |
184.190 | 0.005 | 0.000 | -0.946 | 0.0423 |-0.0113 |0.0000 |-0.0106 |0.0377 |
184.638 | 0.005 | 0.000 | -0.958 | 0.0427 |-0.0114 |0.0000 |-0.0107 |0.0381 |
185.084 | 0.005 | 0.000 | -0.970 | 0.0431 |-0.0115 |0.0000 |-0.0108 |0.0384 |
185.527 | 0.005 | 0.000 | -0.981 | 0.0435 |-0.0116 |0.0000 |-0.0109 |0.0388 |
185.967 | 0.005 | 0.000 | -0.993 | 0.0439 |-0.0117 |0.0000 |-0.0110 |0.0392 |
186.405 | 0.005 | 0.000 | -1.005 | 0.0443 |-0.0118 |0.0000 |-0.0111 |0.0396 |
186.840 | 0.006 | 0.000 | -1.017 | 0.0447 |-0.0119 |0.0000 |-0.0112 |0.0399 |
187.272 | 0.006 | 0.000 | -1.029 | 0.0451 |-0.0120 |0.0000 |-0.0113 |0.0403 |
187.702 | 0.006 | 0.000 | -1.041 | 0.0455 |-0.0121 |0.0000 |-0.0114 |0.0407 |
188.129 | 0.006 | 0.000 | -1.053 | 0.0459 |-0.0122 |0.0000 |-0.0115 |0.0411 |
188.553 | 0.006 | 0.000 | -1.065 | 0.0463 |-0.0123 |0.0000 |-0.0116 |0.0415 |
188.975 | 0.006 | 0.000 | -1.077 | 0.0467 |-0.0124 |0.0000 |-0.0117 |0.0418 |
189.395 | 0.006 | 0.000 | -1.089 | 0.0472 |-0.0125 |0.0000 |-0.0118 |0.0422 |
189.812 | 0.006 | 0.000 | -1.101 | 0.0476 |-0.0126 |0.0000 |-0.0120 |0.0426 |
190.227 | 0.007 | 0.000 | -1.113 | 0.0480 |-0.0128 |0.0000 |-0.0121 |0.0430 |
190.640 | 0.007 | 0.000 | -1.125 | 0.0484 |-0.0129 |0.0000 |-0.0122 |0.0433 |
191.050 | 0.007 | 0.000 | -1.137 | 0.0488 |-0.0130 |0.0000 |-0.0123 |0.0437 |
191.458 | 0.007 | 0.000 | -1.149 | 0.0492 |-0.0131 |0.0000 |-0.0124 |0.0441 |
191.864 | 0.007 | 0.000 | -1.161 | 0.0496 |-0.0132 |0.0000 |-0.0125 |0.0445 |
192.267 | 0.007 | 0.000 | -1.174 | 0.0500 |-0.0133 |0.0000 |-0.0126 |0.0448 |
192.668 | 0.007 | 0.000 | -1.186 | 0.0504 |-0.0134 |0.0000 |-0.0127 |0.0452 |
193.067 | 0.007 | 0.000 | -1.198 | 0.0508 |-0.0135 |0.0000 |-0.0128 |0.0456 |
193.464 | 0.008 | 0.000 | -1.210 | 0.0512 |-0.0136 |0.0000 |-0.0129 |0.0460 |
193.859 | 0.008 | 0.000 | -1.223 | 0.0516 |-0.0137 |0.0000 |-0.0130 |0.0463 |
194.252 | 0.008 | 0.000 | -1.235 | 0.0520 |-0.0138 |0.0000 |-0.0131 |0.0467 |
194.642 | 0.008 | 0.000 | -1.247 | 0.0524 |-0.0139 |0.0000 |-0.0132 |0.0471 |
195.031 | 0.008 | 0.000 | -1.260 | 0.0528 |-0.0140 |0.0000 |-0.0134 |0.0475 |
195.417 | 0.008 | 0.000 | -1.272 | 0.0532 |-0.0141 |0.0000 |-0.0135 |0.0478 |
195.802 | 0.008 | 0.000 | -1.285 | 0.0536 |-0.0142 |0.0000 |-0.0136 |0.0482 |
196.184 | 0.009 | 0.000 | -1.297 | 0.0540 |-0.0143 |0.0000 |-0.0137 |0.0486 |
196.565 | 0.009 | 0.000 | -1.309 | 0.0544 |-0.0144 |0.0000 |-0.0138 |0.0490 |
196.943 | 0.009 | 0.000 | -1.322 | 0.0548 |-0.0145 |0.0000 |-0.0139 |0.0493 |
197.320 | 0.009 | 0.000 | -1.334 | 0.0552 |-0.0146 |0.0000 |-0.0140 |0.0497 |
197.695 | 0.009 | 0.000 | -1.347 | 0.0556 |-0.0147 |0.0000 |-0.0141 |0.0501 |
198.068 | 0.009 | 0.000 | -1.359 | 0.0560 |-0.0149 |0.0000 |-0.0142 |0.0505 |
198.439 | 0.009 | 0.000 | -1.372 | 0.0564 |-0.0150 |0.0000 |-0.0143 |0.0508 |
198.808 | 0.010 | 0.000 | -1.385 | 0.0568 |-0.0151 |0.0000 |-0.0144 |0.0512 |
199.176 | 0.010 | 0.000 | -1.397 | 0.0572 |-0.0152 |0.0000 |-0.0145 |0.0516 |
199.541 | 0.010 | 0.000 | -1.410 | 0.0576 |-0.0153 |0.0000 |-0.0147 |0.0520 |
199.905 | 0.010 | 0.000 | -1.422 | 0.0580 |-0.0154 |0.0000 |-0.0148 |0.0523 |
200.267 | 0.010 | 0.000 | -1.435 | 0.0584 |-0.0155 |0.0000 |-0.0149 |0.0527 |
200.628 | 0.010 | 0.000 | -1.448 | 0.0588 |-0.0156 |0.0000 |-0.0150 |0.0531 |
200.987 | 0.011 | 0.000 | -1.461 | 0.0592 |-0.0157 |0.0000 |-0.0151 |0.0535 |
201.344 | 0.011 | 0.000 | -1.473 | 0.0596 |-0.0158 |0.0000 |-0.0152 |0.0538 |
201.699 | 0.011 | 0.000 | -1.486 | 0.0600 |-0.0159 |0.0000 |-0.0153 |0.0542 |
202.053 | 0.011 | 0.000 | -1.499 | 0.0604 |-0.0160 |0.0000 |-0.0154 |0.0546 |
202.405 | 0.011 | 0.000 | -1.512 | 0.0608 |-0.0161 |0.0000 |-0.0155 |0.0549 |
202.755 | 0.011 | 0.000 | -1.524 | 0.0611 |-0.0162 |0.0000 |-0.0156 |0.0553 |
203.104 | 0.012 | 0.000 | -1.537 | 0.0615 |-0.0163 |0.0000 |-0.0157 |0.0557 |
203.451 | 0.012 | 0.000 | -1.550 | 0.0619 |-0.0164 |0.0000 |-0.0158 |0.0561 |
203.797 | 0.012 | 0.000 | -1.563 | 0.0623 |-0.0165 |0.0000 |-0.0160 |0.0564 |
204.141 | 0.012 | 0.000 | -1.576 | 0.0627 |-0.0166 |0.0000 |-0.0161 |0.0568 |
204.484 | 0.012 | 0.000 | -1.589 | 0.0631 |-0.0167 |0.0000 |-0.0162 |0.0572 |
204.825 | 0.013 | 0.000 | -1.602 | 0.0635 |-0.0168 |0.0000 |-0.0163 |0.0576 |
205.164 | 0.013 | 0.000 | -1.614 | 0.0639 |-0.0169 |0.0000 |-0.0164 |0.0579 |
205.502 | 0.013 | 0.000 | -1.627 | 0.0643 |-0.0170 |0.0000 |-0.0165 |0.0583 |
205.839 | 0.013 | 0.000 | -1.640 | 0.0647 |-0.0171 |0.0000 |-0.0166 |0.0587 |
206.174 | 0.013 | 0.000 | -1.653 | 0.0651 |-0.0172 |0.0000 |-0.0167 |0.0590 |
206.508 | 0.013 | 0.000 | -1.666 | 0.0655 |-0.0173 |0.0000 |-0.0168 |0.0594 |
206.840 | 0.014 | 0.000 | -1.679 | 0.0659 |-0.0175 |0.0000 |-0.0169 |0.0598 |
207.171 | 0.014 | 0.000 | -1.692 | 0.0663 |-0.0176 |0.0000 |-0.0170 |0.0602 |
207.500 | 0.014 | 0.000 | -1.706 | 0.0667 |-0.0177 |0.0000 |-0.0171 |0.0605 |
207.828 | 0.014 | 0.000 | -1.719 | 0.0671 |-0.0178 |0.0000 |-0.0173 |0.0609 |
208.155 | 0.014 | 0.000 | -1.732 | 0.0675 |-0.0179 |0.0000 |-0.0174 |0.0613 |
208.480 | 0.015 | 0.000 | -1.745 | 0.0679 |-0.0180 |0.0000 |-0.0175 |0.0616 |
208.804 | 0.015 | 0.000 | -1.758 | 0.0683 |-0.0181 |0.0000 |-0.0176 |0.0620 |
209.127 | 0.015 | 0.000 | -1.771 | 0.0687 |-0.0182 |0.0000 |-0.0177 |0.0624 |
209.448 | 0.015 | 0.000 | -1.784 | 0.0691 |-0.0183 |0.0000 |-0.0178 |0.0628 |
209.768 | 0.015 | 0.000 | -1.797 | 0.0695 |-0.0184 |0.0000 |-0.0179 |0.0631 |
210.086 | 0.016 | 0.000 | -1.811 | 0.0699 |-0.0185 |0.0000 |-0.0180 |0.0635 |
210.404 | 0.016 | 0.000 | -1.824 | 0.0703 |-0.0186 |0.0000 |-0.0181 |0.0639 |
210.720 | 0.016 | 0.000 | -1.837 | 0.0707 |-0.0187 |0.0000 |-0.0182 |0.0642 |
211.034 | 0.016 | 0.000 | -1.850 | 0.0711 |-0.0188 |0.0000 |-0.0183 |0.0646 |
211.348 | 0.016 | 0.000 | -1.863 | 0.0714 |-0.0189 |0.0000 |-0.0184 |0.0650 |
211.660 | 0.017 | 0.000 | -1.877 | 0.0718 |-0.0190 |0.0000 |-0.0186 |0.0654 |
211.971 | 0.017 | 0.000 | -1.890 | 0.0722 |-0.0191 |0.0000 |-0.0187 |0.0657 |
212.281 | 0.017 | 0.000 | -1.903 | 0.0726 |-0.0192 |0.0000 |-0.0188 |0.0661 |
212.590 | 0.017 | 0.000 | -1.917 | 0.0730 |-0.0193 |0.0000 |-0.0189 |0.0665 |
212.897 | 0.017 | 0.000 | -1.930 | 0.0734 |-0.0194 |0.0000 |-0.0190 |0.0668 |
213.203 | 0.018 | 0.000 | -1.943 | 0.0738 |-0.0195 |0.0000 |-0.0191 |0.0672 |
213.508 | 0.018 | 0.000 | -1.957 | 0.0742 |-0.0196 |0.0000 |-0.0192 |0.0676 |
213.812 | 0.018 | 0.000 | -1.970 | 0.0746 |-0.0197 |0.0000 |-0.0193 |0.0679 |
214.115 | 0.018 | 0.000 | -1.983 | 0.0750 |-0.0198 |0.0000 |-0.0194 |0.0683 |
214.416 | 0.019 | 0.000 | -1.997 | 0.0754 |-0.0199 |0.0000 |-0.0195 |0.0687 |
214.717 | 0.019 | 0.000 | -2.010 | 0.0758 |-0.0200 |0.0000 |-0.0196 |0.0691 |
215.016 | 0.019 | 0.000 | -2.024 | 0.0762 |-0.0201 |0.0000 |-0.0197 |0.0694 |
215.314 | 0.019 | 0.000 | -2.037 | 0.0766 |-0.0202 |0.0000 |-0.0199 |0.0698 |
215.611 | 0.020 | 0.000 | -2.051 | 0.0770 |-0.0203 |0.0000 |-0.0200 |0.0702 |
215.907 | 0.020 | 0.000 | -2.064 | 0.0774 |-0.0204 |0.0000 |-0.0201 |0.0705 |
216.201 | 0.020 | 0.000 | -2.078 | 0.0777 |-0.0205 |0.0000 |-0.0202 |0.0709 |
216.495 | 0.020 | 0.000 | -2.091 | 0.0781 |-0.0206 |0.0000 |-0.0203 |0.0713 |
216.788 | 0.020 | 0.000 | -2.105 | 0.0785 |-0.0207 |0.0000 |-0.0204 |0.0716 |
217.079 | 0.021 | 0.000 | -2.118 | 0.0789 |-0.0208 |0.0000 |-0.0205 |0.0720 |
217.370 | 0.021 | 0.000 | -2.132 | 0.0793 |-0.0209 |0.0000 |-0.0206 |0.0724 |
217.659 | 0.021 | 0.000 | -2.145 | 0.0797 |-0.0210 |0.0000 |-0.0207 |0.0727 |
217.948 | 0.021 | 0.000 | -2.159 | 0.0801 |-0.0211 |0.0000 |-0.0208 |0.0731 |
218.235 | 0.022 | 0.000 | -2.173 | 0.0805 |-0.0212 |0.0000 |-0.0209 |0.0735 |
218.521 | 0.022 | 0.000 | -2.186 | 0.0809 |-0.0214 |0.0000 |-0.0210 |0.0738 |
218.807 | 0.022 | 0.000 | -2.200 | 0.0813 |-0.0215 |0.0000 |-0.0212 |0.0742 |
219.091 | 0.022 | 0.000 | -2.213 | 0.0817 |-0.0216 |0.0000 |-0.0213 |0.0746 |
219.374 | 0.023 | 0.000 | -2.227 | 0.0821 |-0.0217 |0.0000 |-0.0214 |0.0750 |
219.656 | 0.023 | 0.000 | -2.241 | 0.0824 |-0.0218 |0.0000 |-0.0215 |0.0753 |
219.938 | 0.023 | 0.000 | -2.254 | 0.0828 |-0.0219 |0.0000 |-0.0216 |0.0757 |
220.218 | 0.023 | 0.000 | -2.268 | 0.0832 |-0.0220 |0.0000 |-0.0217 |0.0761 |
220.497 | 0.024 | 0.000 | -2.282 | 0.0836 |-0.0221 |0.0000 |-0.0218 |0.0764 |
220.776 | 0.024 | 0.000 | -2.296 | 0.0840 |-0.0222 |0.0000 |-0.0219 |0.0768 |
221.053 | 0.024 | 0.000 | -2.309 | 0.0844 |-0.0223 |0.0000 |-0.0220 |0.0772 |
221.330 | 0.024 | 0.000 | -2.323 | 0.0848 |-0.0224 |0.0000 |-0.0221 |0.0775 |
221.605 | 0.025 | 0.000 | -2.337 | 0.0852 |-0.0225 |0.0000 |-0.0222 |0.0779 |
221.880 | 0.025 | 0.000 | -2.350 | 0.0856 |-0.0226 |0.0000 |-0.0224 |0.0783 |
222.153 | 0.025 | 0.000 | -2.364 | 0.0860 |-0.0227 |0.0000 |-0.0225 |0.0786 |
222.426 | 0.025 | 0.000 | -2.378 | 0.0864 |-0.0228 |0.0000 |-0.0226 |0.0790 |
222.698 | 0.026 | 0.000 | -2.392 | 0.0867 |-0.0229 |0.0000 |-0.0227 |0.0794 |
222.969 | 0.026 | 0.000 | -2.406 | 0.0871 |-0.0230 |0.0000 |-0.0228 |0.0797 |
223.239 | 0.026 | 0.000 | -2.420 | 0.0875 |-0.0231 |0.0000 |-0.0229 |0.0801 |
223.508 | 0.026 | 0.000 | -2.433 | 0.0879 |-0.0232 |0.0000 |-0.0230 |0.0805 |
223.776 | 0.027 | 0.000 | -2.447 | 0.0883 |-0.0233 |0.0000 |-0.0231 |0.0808 |
224.044 | 0.027 | 0.000 | -2.461 | 0.0887 |-0.0234 |0.0000 |-0.0232 |0.0812 |
224.310 | 0.027 | 0.000 | -2.475 | 0.0891 |-0.0235 |0.0000 |-0.0233 |0.0816 |
224.576 | 0.028 | 0.000 | -2.489 | 0.0895 |-0.0236 |0.0000 |-0.0234 |0.0819 |
224.841 | 0.028 | 0.000 | -2.503 | 0.0899 |-0.0237 |0.0000 |-0.0236 |0.0823 |
225.105 | 0.028 | 0.000 | -2.517 | 0.0902 |-0.0238 |0.0000 |-0.0237 |0.0827 |
225.368 | 0.028 | 0.000 | -2.531 | 0.0906 |-0.0239 |0.0000 |-0.0238 |0.0830 |
225.630 | 0.029 | 0.000 | -2.545 | 0.0910 |-0.0240 |0.0000 |-0.0239 |0.0834 |
225.891 | 0.029 | 0.000 | -2.558 | 0.0914 |-0.0241 |0.0000 |-0.0240 |0.0838 |
226.152 | 0.029 | 0.000 | -2.572 | 0.0918 |-0.0242 |0.0000 |-0.0241 |0.0841 |
226.411 | 0.030 | 0.000 | -2.586 | 0.0922 |-0.0243 |0.0000 |-0.0242 |0.0845 |
226.670 | 0.030 | 0.000 | -2.600 | 0.0926 |-0.0244 |0.0000 |-0.0243 |0.0848 |
226.928 | 0.030 | 0.000 | -2.614 | 0.0930 |-0.0245 |0.0000 |-0.0244 |0.0852 |
227.186 | 0.030 | 0.000 | -2.628 | 0.0934 |-0.0246 |0.0000 |-0.0245 |0.0856 |
227.442 | 0.031 | 0.000 | -2.642 | 0.0937 |-0.0247 |0.0000 |-0.0246 |0.0859 |
227.698 | 0.031 | 0.000 | -2.656 | 0.0941 |-0.0248 |0.0000 |-0.0247 |0.0863 |
227.953 | 0.031 | 0.000 | -2.670 | 0.0945 |-0.0249 |0.0000 |-0.0249 |0.0867 |
228.207 | 0.032 | 0.000 | -2.685 | 0.0949 |-0.0250 |0.0000 |-0.0250 |0.0870 |
228.460 | 0.032 | 0.000 | -2.699 | 0.0953 |-0.0251 |0.0000 |-0.0251 |0.0874 |
228.713 | 0.032 | 0.000 | -2.713 | 0.0957 |-0.0252 |0.0000 |-0.0252 |0.0878 |
228.964 | 0.032 | 0.000 | -2.727 | 0.0961 |-0.0253 |0.0000 |-0.0253 |0.0881 |
229.215 | 0.033 | 0.000 | -2.741 | 0.0965 |-0.0254 |0.0000 |-0.0254 |0.0885 |
229.466 | 0.033 | 0.000 | -2.755 | 0.0968 |-0.0255 |0.0000 |-0.0255 |0.0889 |
229.715 | 0.033 | 0.000 | -2.769 | 0.0972 |-0.0256 |0.0000 |-0.0256 |0.0892 |
229.964 | 0.034 | 0.000 | -2.783 | 0.0976 |-0.0257 |0.0000 |-0.0257 |0.0896 |
230.212 | 0.034 | 0.000 | -2.797 | 0.0980 |-0.0258 |0.0000 |-0.0258 |0.0900 |
230.459 | 0.034 | 0.000 | -2.811 | 0.0984 |-0.0259 |0.0000 |-0.0259 |0.0903 |
230.706 | 0.035 | 0.000 | -2.826 | 0.0988 |-0.0260 |0.0000 |-0.0261 |0.0907 |
230.951 | 0.035 | 0.000 | -2.840 | 0.0992 |-0.0261 |0.0000 |-0.0262 |0.0910 |
231.196 | 0.035 | 0.000 | -2.854 | 0.0995 |-0.0262 |0.0000 |-0.0263 |0.0914 |
231.441 | 0.036 | 0.000 | -2.868 | 0.0999 |-0.0263 |0.0000 |-0.0264 |0.0918 |
231.684 | 0.036 | 0.000 | -2.882 | 0.1003 |-0.0264 |0.0000 |-0.0265 |0.0921 |
231.927 | 0.036 | 0.000 | -2.897 | 0.1007 |-0.0265 |0.0000 |-0.0266 |0.0925 |
232.169 | 0.036 | 0.000 | -2.911 | 0.1011 |-0.0266 |0.0000 |-0.0267 |0.0929 |
232.411 | 0.037 | 0.000 | -2.925 | 0.1015 |-0.0267 |0.0000 |-0.0268 |0.0932 |
232.652 | 0.037 | 0.000 | -2.939 | 0.1019 |-0.0268 |0.0000 |-0.0269 |0.0936 |
232.892 | 0.037 | 0.000 | -2.953 | 0.1022 |-0.0269 |0.0000 |-0.0270 |0.0940 |
233.131 | 0.038 | 0.000 | -2.968 | 0.1026 |-0.0270 |0.0000 |-0.0271 |0.0943 |
233.370 | 0.038 | 0.000 | -2.982 | 0.1030 |-0.0271 |0.0000 |-0.0273 |0.0947 |
233.608 | 0.038 | 0.000 | -2.996 | 0.1034 |-0.0272 |0.0000 |-0.0274 |0.0950 |
233.845 | 0.039 | 0.000 | -3.011 | 0.1038 |-0.0273 |0.0000 |-0.0275 |0.0954 |
234.082 | 0.039 | 0.000 | -3.025 | 0.1042 |-0.0274 |0.0000 |-0.0276 |0.0958 |
234.318 | 0.039 | 0.000 | -3.039 | 0.1046 |-0.0275 |0.0000 |-0.0277 |0.0961 |
234.553 | 0.040 | 0.000 | -3.053 | 0.1049 |-0.0276 |0.0000 |-0.0278 |0.0965 |
234.788 | 0.040 | 0.000 | -3.068 | 0.1053 |-0.0277 |0.0000 |-0.0279 |0.0969 |
235.022 | 0.040 | 0.000 | -3.082 | 0.1057 |-0.0278 |0.0000 |-0.0280 |0.0972 |
235.255 | 0.041 | 0.000 | -3.096 | 0.1061 |-0.0279 |0.0000 |-0.0281 |0.0976 |
235.488 | 0.041 | 0.000 | -3.111 | 0.1065 |-0.0280 |0.0000 |-0.0282 |0.0979 |
235.720 | 0.041 | 0.000 | -3.125 | 0.1069 |-0.0281 |0.0000 |-0.0283 |0.0983 |
235.952 | 0.042 | 0.000 | -3.140 | 0.1073 |-0.0282 |0.0000 |-0.0285 |0.0987 |
236.183 | 0.042 | 0.000 | -3.154 | 0.1076 |-0.0283 |0.0000 |-0.0286 |0.0990 |
236.413 | 0.042 | 0.000 | -3.168 | 0.1080 |-0.0284 |0.0000 |-0.0287 |0.0994 |
236.642 | 0.043 | 0.000 | -3.183 | 0.1084 |-0.0285 |0.0000 |-0.0288 |0.0997 |
236.871 | 0.043 | 0.000 | -3.197 | 0.1088 |-0.0286 |0.0000 |-0.0289 |0.1001 |
237.100 | 0.044 | 0.000 | -3.212 | 0.1092 |-0.0287 |0.0000 |-0.0290 |0.1005 |
237.327 | 0.044 | 0.000 | -3.226 | 0.1096 |-0.0288 |0.0000 |-0.0291 |0.1008 |
237.554 | 0.044 | 0.000 | -3.240 | 0.1099 |-0.0289 |0.0000 |-0.0292 |0.1012 |
237.781 | 0.045 | 0.000 | -3.255 | 0.1103 |-0.0290 |0.0000 |-0.0293 |0.1016 |
238.007 | 0.045 | 0.000 | -3.269 | 0.1107 |-0.0291 |0.0000 |-0.0294 |0.1019 |
238.232 | 0.045 | 0.000 | -3.284 | 0.1111 |-0.0292 |0.0000 |-0.0295 |0.1023 |
238.457 | 0.046 | 0.000 | -3.298 | 0.1115 |-0.0293 |0.0000 |-0.0297 |0.1026 |
238.681 | 0.046 | 0.000 | -3.313 | 0.1119 |-0.0294 |0.0000 |-0.0298 |0.1030 |
238.904 | 0.046 | 0.000 | -3.327 | 0.1122 |-0.0295 |0.0000 |-0.0299 |0.1034 |
239.127 | 0.047 | 0.000 | -3.342 | 0.1126 |-0.0296 |0.0000 |-0.0300 |0.1037 |
239.349 | 0.047 | 0.000 | -3.356 | 0.1130 |-0.0297 |0.0000 |-0.0301 |0.1041 |
239.571 | 0.047 | 0.000 | -3.371 | 0.1134 |-0.0298 |0.0000 |-0.0302 |0.1044 |
239.792 | 0.048 | 0.000 | -3.385 | 0.1138 |-0.0299 |0.0000 |-0.0303 |0.1048 |
240.013 | 0.048 | 0.000 | -3.400 | 0.1141 |-0.0300 |0.0000 |-0.0304 |0.1052 |
240.233 | 0.049 | 0.000 | -3.414 | 0.1145 |-0.0301 |0.0000 |-0.0305 |0.1055 |
240.452 | 0.049 | 0.000 | -3.429 | 0.1149 |-0.0302 |0.0000 |-0.0306 |0.1059 |
240.671 | 0.049 | 0.000 | -3.443 | 0.1153 |-0.0303 |0.0000 |-0.0308 |0.1062 |
240.890 | 0.050 | 0.000 | -3.458 | 0.1157 |-0.0304 |0.0000 |-0.0309 |0.1066 |
241.107 | 0.050 | 0.000 | -3.472 | 0.1161 |-0.0305 |0.0000 |-0.0310 |0.1070 |
241.324 | 0.050 | 0.000 | -3.487 | 0.1164 |-0.0306 |0.0000 |-0.0311 |0.1073 |
241.541 | 0.051 | 0.000 | -3.502 | 0.1168 |-0.0307 |0.0000 |-0.0312 |0.1077 |
241.757 | 0.051 | 0.000 | -3.516 | 0.1172 |-0.0308 |0.0000 |-0.0313 |0.1080 |
241.973 | 0.052 | 0.000 | -3.531 | 0.1176 |-0.0309 |0.0000 |-0.0314 |0.1084 |
242.188 | 0.052 | 0.000 | -3.545 | 0.1180 |-0.0310 |0.0000 |-0.0315 |0.1088 |
242.402 | 0.052 | 0.000 | -3.560 | 0.1183 |-0.0311 |0.0000 |-0.0316 |0.1091 |
242.616 | 0.053 | 0.000 | -3.575 | 0.1187 |-0.0312 |0.0000 |-0.0317 |0.1095 |
242.829 | 0.053 | 0.000 | -3.589 | 0.1191 |-0.0313 |0.0000 |-0.0318 |0.1098 |
243.042 | 0.053 | 0.000 | -3.604 | 0.1195 |-0.0314 |0.0000 |-0.0320 |0.1102 |
243.255 | 0.054 | 0.000 | -3.619 | 0.1199 |-0.0315 |0.0000 |-0.0321 |0.1105 |
243.466 | 0.054 | 0.000 | -3.633 | 0.1203 |-0.0316 |0.0000 |-0.0322 |0.1109 |
243.678 | 0.055 | 0.000 | -3.648 | 0.1206 |-0.0317 |0.0000 |-0.0323 |0.1113 |
243.888 | 0.055 | 0.000 | -3.663 | 0.1210 |-0.0317 |0.0000 |-0.0324 |0.1116 |
244.099 | 0.055 | 0.000 | -3.677 | 0.1214 |-0.0318 |0.0000 |-0.0325 |0.1120 |
244.308 | 0.056 | 0.000 | -3.692 | 0.1218 |-0.0319 |0.0000 |-0.0326 |0.1123 |
244.518 | 0.056 | 0.000 | -3.707 | 0.1222 |-0.0320 |0.0000 |-0.0327 |0.1127 |
244.726 | 0.057 | 0.000 | -3.721 | 0.1225 |-0.0321 |0.0000 |-0.0328 |0.1131 |
244.935 | 0.057 | 0.000 | -3.736 | 0.1229 |-0.0322 |0.0000 |-0.0329 |0.1134 |
245.142 | 0.057 | 0.000 | -3.751 | 0.1233 |-0.0323 |0.0000 |-0.0330 |0.1138 |
245.349 | 0.058 | 0.000 | -3.765 | 0.1237 |-0.0324 |0.0000 |-0.0332 |0.1141 |
245.556 | 0.058 | 0.000 | -3.780 | 0.1241 |-0.0325 |0.0000 |-0.0333 |0.1145 |
245.762 | 0.059 | 0.000 | -3.795 | 0.1244 |-0.0326 |0.0000 |-0.0334 |0.1148 |
245.968 | 0.059 | 0.000 | -3.810 | 0.1248 |-0.0327 |0.0000 |-0.0335 |0.1152 |
246.173 | 0.059 | 0.000 | -3.824 | 0.1252 |-0.0328 |0.0000 |-0.0336 |0.1156 |
246.378 | 0.060 | 0.000 | -3.839 | 0.1256 |-0.0329 |0.0000 |-0.0337 |0.1159 |
246.582 | 0.060 | 0.000 | -3.854 | 0.1259 |-0.0330 |0.0000 |-0.0338 |0.1163 |
246.786 | 0.061 | 0.000 | -3.869 | 0.1263 |-0.0331 |0.0000 |-0.0339 |0.1166 |
246.989 | 0.061 | 0.000 | -3.883 | 0.1267 |-0.0332 |0.0000 |-0.0340 |0.1170 |
247.192 | 0.061 | 0.000 | -3.898 | 0.1271 |-0.0333 |0.0000 |-0.0341 |0.1173 |
247.394 | 0.062 | 0.000 | -3.913 | 0.1275 |-0.0334 |0.0000 |-0.0343 |0.1177 |
247.596 | 0.062 | 0.000 | -3.928 | 0.1278 |-0.0335 |0.0000 |-0.0344 |0.1181 |
247.798 | 0.063 | 0.000 | -3.943 | 0.1282 |-0.0336 |0.0000 |-0.0345 |0.1184 |
247.999 | 0.063 | 0.000 | -3.957 | 0.1286 |-0.0337 |0.0000 |-0.0346 |0.1188 |
248.199 | 0.064 | 0.000 | -3.972 | 0.1290 |-0.0338 |0.0000 |-0.0347 |0.1191 |
248.399 | 0.064 | 0.000 | -3.987 | 0.1294 |-0.0339 |0.0000 |-0.0348 |0.1195 |
248.599 | 0.064 | 0.000 | -4.002 | 0.1297 |-0.0340 |0.0000 |-0.0349 |0.1198 |
248.798 | 0.065 | 0.000 | -4.017 | 0.1301 |-0.0341 |0.0000 |-0.0350 |0.1202 |
248.996 | 0.065 | 0.000 | -4.032 | 0.1305 |-0.0342 |0.0000 |-0.0351 |0.1206 |
249.194 | 0.066 | 0.000 | -4.046 | 0.1309 |-0.0343 |0.0000 |-0.0352 |0.1209 |
249.392 | 0.066 | 0.000 | -4.061 | 0.1312 |-0.0344 |0.0000 |-0.0353 |0.1213 |
249.589 | 0.067 | 0.000 | -4.076 | 0.1316 |-0.0345 |0.0000 |-0.0355 |0.1216 |
249.786 | 0.067 | 0.000 | -4.091 | 0.1320 |-0.0346 |0.0000 |-0.0356 |0.1220 |
249.887 | 0.067 | 0.000 | -4.099 | 0.1322 |-0.0346 |0.0000 |-0.0356 |0.1222 |
