Test angle: 90
Mesh element_496 : S11 | S22 | S33 | S12 | E11 | E22 | E33 | 2*E12 | EPbar 
0.000 | 0.000 | 0.000 | 0.000 | 0.0000 |0.0000 |0.0000 |0.0000 |0.0000 |
0.503 | -0.000 | 0.000 | -0.000 | 0.0000 |-0.0000 |0.0000 |-0.0000 |0.0000 |
1.005 | -0.000 | 0.000 | -0.000 | 0.0000 |-0.0000 |0.0000 |-0.0000 |0.0000 |
1.759 | -0.000 | 0.000 | -0.000 | 0.0000 |-0.0000 |0.0000 |-0.0000 |0.0000 |
2.891 | -0.000 | 0.000 | -0.000 | 0.0000 |-0.0000 |0.0000 |-0.0000 |0.0000 |
4.587 | -0.000 | 0.000 | -0.000 | 0.0001 |-0.0000 |0.0000 |-0.0000 |0.0000 |
7.132 | -0.000 | 0.000 | -0.000 | 0.0001 |-0.0000 |0.0000 |-0.0000 |0.0000 |
10.949 | -0.000 | 0.000 | -0.000 | 0.0002 |-0.0001 |0.0000 |-0.0000 |0.0000 |
16.675 | -0.000 | 0.000 | -0.000 | 0.0002 |-0.0001 |0.0000 |-0.0000 |0.0000 |
25.262 | -0.000 | 0.000 | -0.000 | 0.0004 |-0.0001 |0.0000 |-0.0000 |0.0000 |
38.142 | -0.000 | 0.000 | -0.000 | 0.0005 |-0.0002 |0.0000 |-0.0000 |0.0000 |
57.458 | -0.000 | 0.000 | -0.000 | 0.0008 |-0.0003 |0.0000 |-0.0000 |0.0000 |
82.576 | -0.000 | 0.000 | -0.000 | 0.0012 |-0.0004 |0.0000 |-0.0000 |0.0000 |
107.666 | -0.000 | 0.000 | -0.000 | 0.0015 |-0.0005 |0.0000 |-0.0000 |0.0000 |
112.582 | -0.000 | 0.000 | -0.000 | 0.0020 |-0.0007 |0.0000 |-0.0000 |0.0004 |
114.396 | -0.000 | 0.000 | -0.000 | 0.0024 |-0.0008 |0.0000 |-0.0000 |0.0008 |
116.130 | -0.000 | 0.000 | -0.000 | 0.0028 |-0.0010 |0.0000 |-0.0000 |0.0012 |
117.795 | -0.000 | 0.000 | -0.000 | 0.0033 |-0.0011 |0.0000 |-0.0000 |0.0016 |
119.398 | -0.000 | 0.000 | -0.000 | 0.0037 |-0.0013 |0.0000 |-0.0000 |0.0020 |
120.948 | -0.000 | 0.000 | -0.000 | 0.0041 |-0.0015 |0.0000 |-0.0000 |0.0024 |
122.448 | -0.000 | 0.000 | -0.001 | 0.0046 |-0.0016 |0.0000 |-0.0000 |0.0028 |
123.902 | -0.000 | 0.000 | -0.001 | 0.0050 |-0.0018 |0.0000 |-0.0000 |0.0032 |
125.314 | -0.000 | 0.000 | -0.001 | 0.0054 |-0.0019 |0.0000 |-0.0000 |0.0036 |
126.686 | -0.000 | 0.000 | -0.001 | 0.0058 |-0.0021 |0.0000 |-0.0000 |0.0040 |
128.022 | -0.000 | 0.000 | -0.001 | 0.0063 |-0.0022 |0.0000 |-0.0000 |0.0044 |
129.324 | 0.000 | 0.000 | -0.001 | 0.0067 |-0.0024 |0.0000 |-0.0000 |0.0048 |
130.593 | 0.000 | 0.000 | -0.001 | 0.0071 |-0.0026 |0.0000 |-0.0000 |0.0052 |
131.832 | 0.000 | 0.000 | -0.001 | 0.0075 |-0.0027 |0.0000 |-0.0000 |0.0055 |
133.043 | 0.000 | 0.000 | -0.001 | 0.0079 |-0.0029 |0.0000 |-0.0000 |0.0059 |
134.227 | 0.000 | 0.000 | -0.001 | 0.0084 |-0.0030 |0.0000 |-0.0000 |0.0063 |
135.385 | 0.000 | 0.000 | -0.001 | 0.0088 |-0.0032 |0.0000 |-0.0000 |0.0067 |
136.519 | 0.000 | 0.000 | -0.002 | 0.0092 |-0.0033 |0.0000 |-0.0000 |0.0071 |
137.630 | 0.000 | 0.000 | -0.002 | 0.0096 |-0.0035 |0.0000 |-0.0000 |0.0075 |
138.719 | 0.000 | 0.000 | -0.002 | 0.0100 |-0.0036 |0.0000 |-0.0000 |0.0079 |
139.787 | 0.000 | 0.000 | -0.002 | 0.0105 |-0.0038 |0.0000 |-0.0000 |0.0083 |
140.835 | 0.000 | 0.000 | -0.002 | 0.0109 |-0.0039 |0.0000 |-0.0000 |0.0087 |
141.864 | 0.000 | 0.000 | -0.002 | 0.0113 |-0.0041 |0.0000 |-0.0000 |0.0091 |
142.875 | 0.000 | 0.000 | -0.002 | 0.0117 |-0.0043 |0.0000 |-0.0000 |0.0095 |
143.868 | 0.000 | 0.000 | -0.002 | 0.0121 |-0.0044 |0.0000 |-0.0000 |0.0099 |
144.845 | 0.000 | 0.000 | -0.002 | 0.0125 |-0.0046 |0.0000 |-0.0000 |0.0103 |
145.805 | 0.000 | 0.000 | -0.003 | 0.0129 |-0.0047 |0.0000 |-0.0000 |0.0107 |
146.750 | 0.000 | 0.000 | -0.003 | 0.0134 |-0.0049 |0.0000 |-0.0000 |0.0111 |
147.680 | 0.000 | 0.000 | -0.003 | 0.0138 |-0.0050 |0.0000 |-0.0000 |0.0115 |
148.596 | 0.000 | 0.000 | -0.003 | 0.0142 |-0.0052 |0.0000 |-0.0000 |0.0119 |
149.497 | 0.000 | 0.000 | -0.003 | 0.0146 |-0.0053 |0.0000 |-0.0000 |0.0123 |
150.385 | 0.000 | 0.000 | -0.003 | 0.0150 |-0.0055 |0.0000 |-0.0000 |0.0127 |
151.261 | 0.000 | 0.000 | -0.003 | 0.0154 |-0.0056 |0.0000 |-0.0000 |0.0131 |
152.124 | 0.000 | 0.000 | -0.003 | 0.0158 |-0.0058 |0.0000 |-0.0000 |0.0134 |
152.975 | 0.000 | 0.000 | -0.003 | 0.0163 |-0.0059 |0.0000 |-0.0000 |0.0138 |
153.815 | 0.000 | 0.000 | -0.004 | 0.0167 |-0.0061 |0.0000 |-0.0000 |0.0142 |
154.643 | 0.000 | 0.000 | -0.004 | 0.0171 |-0.0062 |0.0000 |-0.0000 |0.0146 |
155.460 | 0.000 | 0.000 | -0.004 | 0.0175 |-0.0064 |0.0000 |-0.0000 |0.0150 |
156.266 | 0.000 | 0.000 | -0.004 | 0.0179 |-0.0065 |0.0000 |-0.0001 |0.0154 |
157.063 | 0.000 | 0.000 | -0.004 | 0.0183 |-0.0067 |0.0000 |-0.0001 |0.0158 |
157.849 | 0.000 | 0.000 | -0.004 | 0.0187 |-0.0069 |0.0000 |-0.0001 |0.0162 |
158.626 | 0.000 | 0.000 | -0.004 | 0.0191 |-0.0070 |0.0000 |-0.0001 |0.0166 |
159.393 | 0.000 | 0.000 | -0.004 | 0.0195 |-0.0072 |0.0000 |-0.0001 |0.0170 |
160.152 | 0.000 | 0.000 | -0.005 | 0.0200 |-0.0073 |0.0000 |-0.0001 |0.0174 |
160.901 | 0.000 | 0.000 | -0.005 | 0.0204 |-0.0075 |0.0000 |-0.0001 |0.0178 |
161.642 | 0.000 | 0.000 | -0.005 | 0.0208 |-0.0076 |0.0000 |-0.0001 |0.0182 |
162.374 | 0.000 | 0.000 | -0.005 | 0.0212 |-0.0078 |0.0000 |-0.0001 |0.0186 |
163.098 | 0.000 | 0.000 | -0.005 | 0.0216 |-0.0079 |0.0000 |-0.0001 |0.0190 |
163.814 | 0.000 | 0.000 | -0.005 | 0.0220 |-0.0081 |0.0000 |-0.0001 |0.0193 |
164.522 | 0.000 | 0.000 | -0.005 | 0.0224 |-0.0082 |0.0000 |-0.0001 |0.0197 |
165.223 | 0.000 | 0.000 | -0.005 | 0.0228 |-0.0084 |0.0000 |-0.0001 |0.0201 |
165.917 | 0.000 | 0.000 | -0.006 | 0.0232 |-0.0085 |0.0000 |-0.0001 |0.0205 |
166.603 | 0.000 | 0.000 | -0.006 | 0.0236 |-0.0087 |0.0000 |-0.0001 |0.0209 |
167.283 | 0.000 | 0.000 | -0.006 | 0.0240 |-0.0088 |0.0000 |-0.0001 |0.0213 |
167.955 | 0.000 | 0.000 | -0.006 | 0.0245 |-0.0090 |0.0000 |-0.0001 |0.0217 |
168.621 | 0.000 | 0.000 | -0.006 | 0.0249 |-0.0091 |0.0000 |-0.0001 |0.0221 |
169.280 | 0.000 | 0.000 | -0.006 | 0.0253 |-0.0093 |0.0000 |-0.0001 |0.0225 |
169.933 | 0.000 | 0.000 | -0.006 | 0.0257 |-0.0094 |0.0000 |-0.0001 |0.0229 |
170.579 | 0.000 | 0.000 | -0.007 | 0.0261 |-0.0096 |0.0000 |-0.0001 |0.0233 |
171.220 | 0.000 | 0.000 | -0.007 | 0.0265 |-0.0097 |0.0000 |-0.0001 |0.0237 |
171.854 | 0.000 | 0.000 | -0.007 | 0.0269 |-0.0099 |0.0000 |-0.0001 |0.0241 |
172.483 | 0.000 | 0.000 | -0.007 | 0.0273 |-0.0100 |0.0000 |-0.0001 |0.0244 |
173.106 | 0.000 | 0.000 | -0.007 | 0.0277 |-0.0102 |0.0000 |-0.0001 |0.0248 |
173.723 | 0.000 | 0.000 | -0.007 | 0.0281 |-0.0103 |0.0000 |-0.0001 |0.0252 |
174.335 | 0.000 | 0.000 | -0.007 | 0.0285 |-0.0105 |0.0000 |-0.0001 |0.0256 |
174.942 | 0.000 | 0.000 | -0.007 | 0.0289 |-0.0106 |0.0000 |-0.0001 |0.0260 |
175.543 | 0.000 | 0.000 | -0.008 | 0.0293 |-0.0108 |0.0000 |-0.0001 |0.0264 |
176.139 | 0.000 | 0.000 | -0.008 | 0.0297 |-0.0109 |0.0000 |-0.0001 |0.0268 |
176.731 | 0.000 | 0.000 | -0.008 | 0.0302 |-0.0111 |0.0000 |-0.0001 |0.0272 |
177.317 | 0.000 | 0.000 | -0.008 | 0.0306 |-0.0112 |0.0000 |-0.0001 |0.0276 |
177.898 | 0.000 | 0.000 | -0.008 | 0.0310 |-0.0114 |0.0000 |-0.0001 |0.0280 |
178.474 | 0.000 | 0.000 | -0.008 | 0.0314 |-0.0115 |0.0000 |-0.0001 |0.0284 |
179.046 | 0.000 | 0.000 | -0.008 | 0.0318 |-0.0117 |0.0000 |-0.0001 |0.0287 |
179.613 | 0.000 | 0.000 | -0.009 | 0.0322 |-0.0118 |0.0000 |-0.0001 |0.0291 |
180.176 | 0.000 | 0.000 | -0.009 | 0.0326 |-0.0120 |0.0000 |-0.0001 |0.0295 |
180.735 | 0.000 | 0.000 | -0.009 | 0.0330 |-0.0121 |0.0000 |-0.0001 |0.0299 |
181.289 | 0.000 | 0.000 | -0.009 | 0.0334 |-0.0123 |0.0000 |-0.0001 |0.0303 |
181.839 | 0.000 | 0.000 | -0.009 | 0.0338 |-0.0124 |0.0000 |-0.0001 |0.0307 |
182.384 | 0.000 | 0.000 | -0.009 | 0.0342 |-0.0126 |0.0000 |-0.0001 |0.0311 |
182.926 | 0.000 | 0.000 | -0.009 | 0.0346 |-0.0127 |0.0000 |-0.0001 |0.0315 |
183.463 | 0.000 | 0.000 | -0.010 | 0.0350 |-0.0129 |0.0000 |-0.0001 |0.0319 |
183.997 | 0.000 | 0.000 | -0.010 | 0.0354 |-0.0130 |0.0000 |-0.0001 |0.0323 |
184.527 | 0.000 | 0.000 | -0.010 | 0.0358 |-0.0132 |0.0000 |-0.0001 |0.0326 |
185.052 | 0.000 | 0.000 | -0.010 | 0.0362 |-0.0133 |0.0000 |-0.0001 |0.0330 |
185.574 | 0.000 | 0.000 | -0.010 | 0.0366 |-0.0135 |0.0000 |-0.0001 |0.0334 |
186.093 | 0.000 | 0.000 | -0.010 | 0.0370 |-0.0136 |0.0000 |-0.0001 |0.0338 |
186.608 | 0.000 | 0.000 | -0.011 | 0.0374 |-0.0138 |0.0000 |-0.0001 |0.0342 |
187.119 | 0.000 | 0.000 | -0.011 | 0.0378 |-0.0139 |0.0000 |-0.0001 |0.0346 |
187.626 | 0.000 | 0.000 | -0.011 | 0.0382 |-0.0141 |0.0000 |-0.0001 |0.0350 |
188.130 | 0.000 | 0.000 | -0.011 | 0.0386 |-0.0142 |0.0000 |-0.0001 |0.0354 |
188.631 | 0.000 | 0.000 | -0.011 | 0.0390 |-0.0144 |0.0000 |-0.0001 |0.0358 |
189.128 | 0.000 | 0.000 | -0.011 | 0.0394 |-0.0145 |0.0000 |-0.0001 |0.0362 |
189.622 | 0.000 | 0.000 | -0.011 | 0.0398 |-0.0147 |0.0000 |-0.0001 |0.0365 |
190.113 | 0.000 | 0.000 | -0.012 | 0.0403 |-0.0148 |0.0000 |-0.0001 |0.0369 |
190.601 | 0.000 | 0.000 | -0.012 | 0.0407 |-0.0150 |0.0000 |-0.0001 |0.0373 |
191.085 | 0.000 | 0.000 | -0.012 | 0.0411 |-0.0151 |0.0000 |-0.0001 |0.0377 |
191.566 | 0.000 | 0.000 | -0.012 | 0.0415 |-0.0153 |0.0000 |-0.0001 |0.0381 |
192.045 | 0.000 | 0.000 | -0.012 | 0.0419 |-0.0154 |0.0000 |-0.0001 |0.0385 |
192.520 | 0.000 | 0.000 | -0.012 | 0.0423 |-0.0156 |0.0000 |-0.0001 |0.0389 |
192.992 | 0.000 | 0.000 | -0.013 | 0.0427 |-0.0157 |0.0000 |-0.0001 |0.0393 |
193.461 | 0.000 | 0.000 | -0.013 | 0.0431 |-0.0159 |0.0000 |-0.0001 |0.0396 |
193.928 | 0.000 | 0.000 | -0.013 | 0.0435 |-0.0160 |0.0000 |-0.0001 |0.0400 |
194.391 | 0.000 | 0.000 | -0.013 | 0.0439 |-0.0162 |0.0000 |-0.0001 |0.0404 |
194.852 | 0.000 | 0.000 | -0.013 | 0.0443 |-0.0163 |0.0000 |-0.0001 |0.0408 |
195.310 | 0.000 | 0.000 | -0.013 | 0.0447 |-0.0165 |0.0000 |-0.0001 |0.0412 |
195.766 | 0.000 | 0.000 | -0.014 | 0.0451 |-0.0166 |0.0000 |-0.0001 |0.0416 |
196.218 | 0.000 | 0.000 | -0.014 | 0.0455 |-0.0168 |0.0000 |-0.0001 |0.0420 |
196.668 | 0.000 | 0.000 | -0.014 | 0.0459 |-0.0169 |0.0000 |-0.0001 |0.0424 |
197.115 | 0.000 | 0.000 | -0.014 | 0.0463 |-0.0170 |0.0000 |-0.0001 |0.0427 |
197.560 | 0.000 | 0.000 | -0.014 | 0.0467 |-0.0172 |0.0000 |-0.0001 |0.0431 |
198.002 | 0.000 | 0.000 | -0.014 | 0.0471 |-0.0173 |0.0000 |-0.0001 |0.0435 |
198.442 | 0.000 | 0.000 | -0.015 | 0.0475 |-0.0175 |0.0000 |-0.0002 |0.0439 |
198.879 | 0.000 | 0.000 | -0.015 | 0.0479 |-0.0176 |0.0000 |-0.0002 |0.0443 |
199.314 | 0.000 | 0.000 | -0.015 | 0.0483 |-0.0178 |0.0000 |-0.0002 |0.0447 |
199.746 | 0.000 | 0.000 | -0.015 | 0.0487 |-0.0179 |0.0000 |-0.0002 |0.0451 |
200.176 | 0.000 | 0.000 | -0.015 | 0.0491 |-0.0181 |0.0000 |-0.0002 |0.0455 |
200.603 | 0.000 | 0.000 | -0.015 | 0.0495 |-0.0182 |0.0000 |-0.0002 |0.0458 |
201.028 | 0.000 | 0.000 | -0.016 | 0.0499 |-0.0184 |0.0000 |-0.0002 |0.0462 |
201.451 | 0.000 | 0.000 | -0.016 | 0.0503 |-0.0185 |0.0000 |-0.0002 |0.0466 |
201.872 | 0.000 | 0.000 | -0.016 | 0.0507 |-0.0187 |0.0000 |-0.0002 |0.0470 |
202.290 | 0.000 | 0.000 | -0.016 | 0.0511 |-0.0188 |0.0000 |-0.0002 |0.0474 |
202.706 | 0.000 | 0.000 | -0.016 | 0.0515 |-0.0190 |0.0000 |-0.0002 |0.0478 |
203.120 | 0.000 | 0.000 | -0.016 | 0.0519 |-0.0191 |0.0000 |-0.0002 |0.0482 |
203.532 | 0.000 | 0.000 | -0.017 | 0.0523 |-0.0193 |0.0000 |-0.0002 |0.0485 |
203.942 | 0.000 | 0.000 | -0.017 | 0.0526 |-0.0194 |0.0000 |-0.0002 |0.0489 |
204.349 | 0.000 | 0.000 | -0.017 | 0.0530 |-0.0196 |0.0000 |-0.0002 |0.0493 |
204.755 | 0.000 | 0.000 | -0.017 | 0.0534 |-0.0197 |0.0000 |-0.0002 |0.0497 |
205.158 | 0.000 | 0.000 | -0.017 | 0.0538 |-0.0199 |0.0000 |-0.0002 |0.0501 |
205.560 | 0.000 | 0.000 | -0.017 | 0.0542 |-0.0200 |0.0000 |-0.0002 |0.0505 |
205.959 | 0.000 | 0.000 | -0.018 | 0.0546 |-0.0201 |0.0000 |-0.0002 |0.0509 |
206.357 | 0.000 | 0.000 | -0.018 | 0.0550 |-0.0203 |0.0000 |-0.0002 |0.0512 |
206.752 | 0.000 | 0.000 | -0.018 | 0.0554 |-0.0204 |0.0000 |-0.0002 |0.0516 |
207.145 | 0.000 | 0.000 | -0.018 | 0.0558 |-0.0206 |0.0000 |-0.0002 |0.0520 |
207.537 | 0.000 | 0.000 | -0.018 | 0.0562 |-0.0207 |0.0000 |-0.0002 |0.0524 |
207.927 | 0.000 | 0.000 | -0.018 | 0.0566 |-0.0209 |0.0000 |-0.0002 |0.0528 |
208.315 | 0.000 | 0.000 | -0.019 | 0.0570 |-0.0210 |0.0000 |-0.0002 |0.0532 |
208.700 | 0.000 | 0.000 | -0.019 | 0.0574 |-0.0212 |0.0000 |-0.0002 |0.0536 |
209.084 | 0.000 | 0.000 | -0.019 | 0.0578 |-0.0213 |0.0000 |-0.0002 |0.0539 |
209.467 | 0.000 | 0.000 | -0.019 | 0.0582 |-0.0215 |0.0000 |-0.0002 |0.0543 |
209.847 | 0.000 | 0.000 | -0.019 | 0.0586 |-0.0216 |0.0000 |-0.0002 |0.0547 |
210.226 | 0.000 | 0.000 | -0.019 | 0.0590 |-0.0218 |0.0000 |-0.0002 |0.0551 |
210.602 | 0.000 | 0.000 | -0.020 | 0.0594 |-0.0219 |0.0000 |-0.0002 |0.0555 |
210.978 | 0.000 | 0.000 | -0.020 | 0.0598 |-0.0221 |0.0000 |-0.0002 |0.0559 |
211.351 | 0.000 | 0.000 | -0.020 | 0.0602 |-0.0222 |0.0000 |-0.0002 |0.0562 |
211.723 | 0.000 | 0.000 | -0.020 | 0.0606 |-0.0223 |0.0000 |-0.0002 |0.0566 |
212.093 | 0.000 | 0.000 | -0.020 | 0.0610 |-0.0225 |0.0000 |-0.0002 |0.0570 |
212.461 | 0.000 | 0.000 | -0.021 | 0.0614 |-0.0226 |0.0000 |-0.0002 |0.0574 |
212.828 | 0.000 | 0.000 | -0.021 | 0.0618 |-0.0228 |0.0000 |-0.0002 |0.0578 |
213.193 | 0.000 | 0.000 | -0.021 | 0.0622 |-0.0229 |0.0000 |-0.0002 |0.0582 |
213.556 | 0.000 | 0.000 | -0.021 | 0.0626 |-0.0231 |0.0000 |-0.0002 |0.0585 |
213.918 | 0.000 | 0.000 | -0.021 | 0.0630 |-0.0232 |0.0000 |-0.0002 |0.0589 |
214.278 | 0.000 | 0.000 | -0.021 | 0.0633 |-0.0234 |0.0000 |-0.0002 |0.0593 |
214.637 | 0.000 | 0.000 | -0.022 | 0.0637 |-0.0235 |0.0000 |-0.0002 |0.0597 |
214.994 | 0.000 | 0.000 | -0.022 | 0.0641 |-0.0237 |0.0000 |-0.0002 |0.0601 |
215.350 | 0.000 | 0.000 | -0.022 | 0.0645 |-0.0238 |0.0000 |-0.0002 |0.0605 |
215.704 | 0.000 | 0.000 | -0.022 | 0.0649 |-0.0240 |0.0000 |-0.0002 |0.0608 |
216.056 | 0.000 | 0.000 | -0.022 | 0.0653 |-0.0241 |0.0000 |-0.0002 |0.0612 |
216.408 | 0.000 | 0.000 | -0.023 | 0.0657 |-0.0242 |0.0000 |-0.0002 |0.0616 |
216.757 | 0.000 | 0.000 | -0.023 | 0.0661 |-0.0244 |0.0000 |-0.0002 |0.0620 |
217.105 | 0.000 | 0.000 | -0.023 | 0.0665 |-0.0245 |0.0000 |-0.0002 |0.0624 |
217.452 | 0.000 | 0.000 | -0.023 | 0.0669 |-0.0247 |0.0000 |-0.0002 |0.0628 |
217.797 | 0.000 | 0.000 | -0.023 | 0.0673 |-0.0248 |0.0000 |-0.0002 |0.0631 |
218.141 | 0.000 | 0.000 | -0.023 | 0.0677 |-0.0250 |0.0000 |-0.0002 |0.0635 |
218.483 | 0.000 | 0.000 | -0.024 | 0.0681 |-0.0251 |0.0000 |-0.0002 |0.0639 |
218.824 | 0.000 | 0.000 | -0.024 | 0.0685 |-0.0253 |0.0000 |-0.0002 |0.0643 |
219.164 | 0.000 | 0.000 | -0.024 | 0.0689 |-0.0254 |0.0000 |-0.0002 |0.0647 |
219.502 | 0.000 | 0.000 | -0.024 | 0.0693 |-0.0256 |0.0000 |-0.0002 |0.0650 |
219.839 | 0.000 | 0.000 | -0.024 | 0.0696 |-0.0257 |0.0000 |-0.0002 |0.0654 |
220.175 | 0.000 | 0.000 | -0.025 | 0.0700 |-0.0259 |0.0000 |-0.0002 |0.0658 |
220.509 | 0.000 | 0.000 | -0.025 | 0.0704 |-0.0260 |0.0000 |-0.0002 |0.0662 |
220.842 | 0.000 | 0.000 | -0.025 | 0.0708 |-0.0261 |0.0000 |-0.0002 |0.0666 |
221.173 | 0.000 | 0.000 | -0.025 | 0.0712 |-0.0263 |0.0000 |-0.0002 |0.0670 |
221.504 | 0.000 | 0.000 | -0.025 | 0.0716 |-0.0264 |0.0000 |-0.0002 |0.0673 |
221.833 | 0.000 | 0.000 | -0.025 | 0.0720 |-0.0266 |0.0000 |-0.0002 |0.0677 |
222.160 | 0.000 | 0.000 | -0.026 | 0.0724 |-0.0267 |0.0000 |-0.0002 |0.0681 |
222.487 | 0.000 | 0.000 | -0.026 | 0.0728 |-0.0269 |0.0000 |-0.0002 |0.0685 |
222.812 | 0.000 | 0.000 | -0.026 | 0.0732 |-0.0270 |0.0000 |-0.0002 |0.0689 |
223.136 | 0.000 | 0.000 | -0.026 | 0.0736 |-0.0272 |0.0000 |-0.0002 |0.0692 |
223.458 | 0.000 | 0.000 | -0.026 | 0.0740 |-0.0273 |0.0000 |-0.0002 |0.0696 |
223.780 | 0.000 | 0.000 | -0.027 | 0.0743 |-0.0274 |0.0000 |-0.0003 |0.0700 |
224.100 | 0.000 | 0.000 | -0.027 | 0.0747 |-0.0276 |0.0000 |-0.0003 |0.0704 |
224.419 | 0.000 | 0.000 | -0.027 | 0.0751 |-0.0277 |0.0000 |-0.0003 |0.0708 |
224.737 | 0.000 | 0.000 | -0.027 | 0.0755 |-0.0279 |0.0000 |-0.0003 |0.0711 |
225.054 | 0.000 | 0.000 | -0.027 | 0.0759 |-0.0280 |0.0000 |-0.0003 |0.0715 |
225.369 | 0.000 | 0.000 | -0.028 | 0.0763 |-0.0282 |0.0000 |-0.0003 |0.0719 |
225.684 | 0.000 | 0.000 | -0.028 | 0.0767 |-0.0283 |0.0000 |-0.0003 |0.0723 |
225.997 | 0.000 | 0.000 | -0.028 | 0.0771 |-0.0285 |0.0000 |-0.0003 |0.0727 |
226.309 | 0.000 | 0.000 | -0.028 | 0.0775 |-0.0286 |0.0000 |-0.0003 |0.0730 |
226.620 | 0.000 | 0.000 | -0.028 | 0.0779 |-0.0288 |0.0000 |-0.0003 |0.0734 |
226.930 | 0.000 | 0.000 | -0.029 | 0.0783 |-0.0289 |0.0000 |-0.0003 |0.0738 |
227.238 | 0.000 | 0.000 | -0.029 | 0.0786 |-0.0290 |0.0000 |-0.0003 |0.0742 |
227.546 | 0.000 | 0.000 | -0.029 | 0.0790 |-0.0292 |0.0000 |-0.0003 |0.0746 |
227.853 | 0.000 | 0.000 | -0.029 | 0.0794 |-0.0293 |0.0000 |-0.0003 |0.0749 |
228.158 | 0.000 | 0.000 | -0.029 | 0.0798 |-0.0295 |0.0000 |-0.0003 |0.0753 |
228.462 | 0.000 | 0.000 | -0.030 | 0.0802 |-0.0296 |0.0000 |-0.0003 |0.0757 |
228.766 | 0.000 | 0.000 | -0.030 | 0.0806 |-0.0298 |0.0000 |-0.0003 |0.0761 |
229.068 | 0.000 | 0.000 | -0.030 | 0.0810 |-0.0299 |0.0000 |-0.0003 |0.0764 |
229.369 | 0.000 | 0.000 | -0.030 | 0.0814 |-0.0301 |0.0000 |-0.0003 |0.0768 |
229.669 | 0.000 | 0.000 | -0.030 | 0.0818 |-0.0302 |0.0000 |-0.0003 |0.0772 |
229.968 | 0.000 | 0.000 | -0.031 | 0.0821 |-0.0303 |0.0000 |-0.0003 |0.0776 |
230.266 | 0.000 | 0.000 | -0.031 | 0.0825 |-0.0305 |0.0000 |-0.0003 |0.0780 |
230.563 | 0.000 | 0.000 | -0.031 | 0.0829 |-0.0306 |0.0000 |-0.0003 |0.0783 |
230.859 | 0.000 | 0.000 | -0.031 | 0.0833 |-0.0308 |0.0000 |-0.0003 |0.0787 |
231.154 | 0.000 | 0.000 | -0.031 | 0.0837 |-0.0309 |0.0000 |-0.0003 |0.0791 |
231.448 | 0.000 | 0.000 | -0.032 | 0.0841 |-0.0311 |0.0000 |-0.0003 |0.0795 |
231.741 | 0.000 | 0.000 | -0.032 | 0.0845 |-0.0312 |0.0000 |-0.0003 |0.0799 |
232.034 | 0.000 | 0.000 | -0.032 | 0.0849 |-0.0313 |0.0000 |-0.0003 |0.0802 |
232.325 | 0.000 | 0.000 | -0.032 | 0.0853 |-0.0315 |0.0000 |-0.0003 |0.0806 |
232.615 | 0.000 | 0.000 | -0.032 | 0.0856 |-0.0316 |0.0000 |-0.0003 |0.0810 |
232.904 | 0.000 | 0.000 | -0.032 | 0.0860 |-0.0318 |0.0000 |-0.0003 |0.0814 |
233.192 | 0.000 | 0.000 | -0.033 | 0.0864 |-0.0319 |0.0000 |-0.0003 |0.0817 |
233.479 | 0.000 | 0.000 | -0.033 | 0.0868 |-0.0321 |0.0000 |-0.0003 |0.0821 |
233.766 | 0.000 | 0.000 | -0.033 | 0.0872 |-0.0322 |0.0000 |-0.0003 |0.0825 |
234.051 | 0.000 | 0.000 | -0.033 | 0.0876 |-0.0324 |0.0000 |-0.0003 |0.0829 |
234.336 | 0.000 | 0.000 | -0.034 | 0.0880 |-0.0325 |0.0000 |-0.0003 |0.0833 |
234.619 | 0.000 | 0.000 | -0.034 | 0.0884 |-0.0326 |0.0000 |-0.0003 |0.0836 |
234.902 | 0.000 | 0.000 | -0.034 | 0.0887 |-0.0328 |0.0000 |-0.0003 |0.0840 |
235.184 | 0.000 | 0.000 | -0.034 | 0.0891 |-0.0329 |0.0000 |-0.0003 |0.0844 |
235.465 | 0.000 | 0.000 | -0.034 | 0.0895 |-0.0331 |0.0000 |-0.0003 |0.0848 |
235.745 | 0.000 | 0.000 | -0.035 | 0.0899 |-0.0332 |0.0000 |-0.0003 |0.0851 |
236.024 | 0.000 | 0.000 | -0.035 | 0.0903 |-0.0334 |0.0000 |-0.0003 |0.0855 |
236.302 | 0.000 | 0.000 | -0.035 | 0.0907 |-0.0335 |0.0000 |-0.0003 |0.0859 |
236.579 | 0.000 | 0.000 | -0.035 | 0.0911 |-0.0336 |0.0000 |-0.0003 |0.0863 |
236.856 | 0.000 | 0.000 | -0.035 | 0.0915 |-0.0338 |0.0000 |-0.0003 |0.0866 |
237.131 | 0.000 | 0.000 | -0.036 | 0.0918 |-0.0339 |0.0000 |-0.0003 |0.0870 |
237.406 | 0.000 | 0.000 | -0.036 | 0.0922 |-0.0341 |0.0000 |-0.0003 |0.0874 |
237.680 | 0.000 | 0.000 | -0.036 | 0.0926 |-0.0342 |0.0000 |-0.0003 |0.0878 |
237.953 | 0.000 | 0.000 | -0.036 | 0.0930 |-0.0344 |0.0000 |-0.0003 |0.0881 |
238.225 | 0.000 | 0.000 | -0.036 | 0.0934 |-0.0345 |0.0000 |-0.0003 |0.0885 |
238.497 | 0.000 | 0.000 | -0.037 | 0.0938 |-0.0346 |0.0000 |-0.0003 |0.0889 |
238.767 | 0.000 | 0.000 | -0.037 | 0.0942 |-0.0348 |0.0000 |-0.0003 |0.0893 |
239.037 | 0.000 | 0.000 | -0.037 | 0.0945 |-0.0349 |0.0000 |-0.0003 |0.0896 |
239.306 | 0.000 | 0.000 | -0.037 | 0.0949 |-0.0351 |0.0000 |-0.0003 |0.0900 |
239.574 | 0.000 | 0.000 | -0.037 | 0.0953 |-0.0352 |0.0000 |-0.0003 |0.0904 |
239.841 | 0.000 | 0.000 | -0.038 | 0.0957 |-0.0354 |0.0000 |-0.0003 |0.0908 |
240.108 | 0.000 | 0.000 | -0.038 | 0.0961 |-0.0355 |0.0000 |-0.0003 |0.0911 |
240.374 | 0.000 | 0.000 | -0.038 | 0.0965 |-0.0356 |0.0000 |-0.0003 |0.0915 |
240.639 | 0.000 | 0.000 | -0.038 | 0.0968 |-0.0358 |0.0000 |-0.0003 |0.0919 |
240.903 | 0.000 | 0.000 | -0.038 | 0.0972 |-0.0359 |0.0000 |-0.0003 |0.0923 |
241.166 | 0.000 | 0.000 | -0.039 | 0.0976 |-0.0361 |0.0000 |-0.0003 |0.0926 |
241.429 | 0.000 | 0.000 | -0.039 | 0.0980 |-0.0362 |0.0000 |-0.0003 |0.0930 |
241.691 | 0.000 | 0.000 | -0.039 | 0.0984 |-0.0364 |0.0000 |-0.0003 |0.0934 |
241.952 | 0.000 | 0.000 | -0.039 | 0.0988 |-0.0365 |0.0000 |-0.0003 |0.0938 |
242.212 | 0.000 | 0.000 | -0.039 | 0.0992 |-0.0366 |0.0000 |-0.0003 |0.0941 |
242.472 | 0.000 | 0.000 | -0.040 | 0.0995 |-0.0368 |0.0000 |-0.0004 |0.0945 |
242.731 | 0.000 | 0.000 | -0.040 | 0.0999 |-0.0369 |0.0000 |-0.0004 |0.0949 |
242.989 | 0.000 | 0.000 | -0.040 | 0.1003 |-0.0371 |0.0000 |-0.0004 |0.0953 |
243.246 | 0.000 | 0.000 | -0.040 | 0.1007 |-0.0372 |0.0000 |-0.0004 |0.0956 |
243.503 | 0.000 | 0.000 | -0.041 | 0.1011 |-0.0374 |0.0000 |-0.0004 |0.0960 |
243.759 | 0.000 | 0.000 | -0.041 | 0.1015 |-0.0375 |0.0000 |-0.0004 |0.0964 |
244.014 | 0.000 | 0.000 | -0.041 | 0.1018 |-0.0376 |0.0000 |-0.0004 |0.0968 |
244.268 | 0.000 | 0.000 | -0.041 | 0.1022 |-0.0378 |0.0000 |-0.0004 |0.0971 |
244.522 | 0.000 | 0.000 | -0.041 | 0.1026 |-0.0379 |0.0000 |-0.0004 |0.0975 |
244.775 | 0.000 | 0.000 | -0.042 | 0.1030 |-0.0381 |0.0000 |-0.0004 |0.0979 |
245.028 | 0.000 | 0.000 | -0.042 | 0.1034 |-0.0382 |0.0000 |-0.0004 |0.0983 |
245.279 | 0.000 | 0.000 | -0.042 | 0.1038 |-0.0383 |0.0000 |-0.0004 |0.0986 |
245.530 | 0.000 | 0.000 | -0.042 | 0.1041 |-0.0385 |0.0000 |-0.0004 |0.0990 |
245.781 | 0.000 | 0.000 | -0.042 | 0.1045 |-0.0386 |0.0000 |-0.0004 |0.0994 |
246.030 | 0.000 | 0.000 | -0.043 | 0.1049 |-0.0388 |0.0000 |-0.0004 |0.0997 |
246.279 | 0.000 | 0.000 | -0.043 | 0.1053 |-0.0389 |0.0000 |-0.0004 |0.1001 |
246.527 | 0.000 | 0.000 | -0.043 | 0.1057 |-0.0391 |0.0000 |-0.0004 |0.1005 |
246.775 | 0.000 | 0.000 | -0.043 | 0.1061 |-0.0392 |0.0000 |-0.0004 |0.1009 |
247.022 | 0.000 | 0.000 | -0.044 | 0.1064 |-0.0393 |0.0000 |-0.0004 |0.1012 |
247.268 | 0.000 | 0.000 | -0.044 | 0.1068 |-0.0395 |0.0000 |-0.0004 |0.1016 |
247.514 | 0.000 | 0.000 | -0.044 | 0.1072 |-0.0396 |0.0000 |-0.0004 |0.1020 |
247.758 | 0.000 | 0.000 | -0.044 | 0.1076 |-0.0398 |0.0000 |-0.0004 |0.1024 |
248.003 | 0.000 | 0.000 | -0.044 | 0.1080 |-0.0399 |0.0000 |-0.0004 |0.1027 |
248.246 | 0.000 | 0.000 | -0.045 | 0.1083 |-0.0400 |0.0000 |-0.0004 |0.1031 |
248.489 | 0.000 | 0.000 | -0.045 | 0.1087 |-0.0402 |0.0000 |-0.0004 |0.1035 |
248.732 | 0.000 | 0.000 | -0.045 | 0.1091 |-0.0403 |0.0000 |-0.0004 |0.1038 |
248.973 | 0.000 | 0.000 | -0.045 | 0.1095 |-0.0405 |0.0000 |-0.0004 |0.1042 |
249.214 | 0.000 | 0.000 | -0.045 | 0.1099 |-0.0406 |0.0000 |-0.0004 |0.1046 |
249.455 | 0.000 | 0.000 | -0.046 | 0.1103 |-0.0408 |0.0000 |-0.0004 |0.1050 |
249.695 | 0.000 | 0.000 | -0.046 | 0.1106 |-0.0409 |0.0000 |-0.0004 |0.1053 |
249.934 | 0.000 | 0.000 | -0.046 | 0.1110 |-0.0410 |0.0000 |-0.0004 |0.1057 |
250.172 | 0.000 | 0.000 | -0.046 | 0.1114 |-0.0412 |0.0000 |-0.0004 |0.1061 |
250.410 | 0.000 | 0.000 | -0.047 | 0.1118 |-0.0413 |0.0000 |-0.0004 |0.1064 |
250.648 | 0.000 | 0.000 | -0.047 | 0.1122 |-0.0415 |0.0000 |-0.0004 |0.1068 |
250.884 | 0.000 | 0.000 | -0.047 | 0.1125 |-0.0416 |0.0000 |-0.0004 |0.1072 |
251.121 | 0.000 | 0.000 | -0.047 | 0.1129 |-0.0417 |0.0000 |-0.0004 |0.1076 |
251.356 | 0.000 | 0.000 | -0.047 | 0.1133 |-0.0419 |0.0000 |-0.0004 |0.1079 |
251.591 | 0.000 | 0.000 | -0.048 | 0.1137 |-0.0420 |0.0000 |-0.0004 |0.1083 |
251.825 | 0.000 | 0.000 | -0.048 | 0.1141 |-0.0422 |0.0000 |-0.0004 |0.1087 |
252.059 | 0.000 | 0.000 | -0.048 | 0.1144 |-0.0423 |0.0000 |-0.0004 |0.1090 |
252.292 | 0.000 | 0.000 | -0.048 | 0.1148 |-0.0424 |0.0000 |-0.0004 |0.1094 |
252.525 | 0.000 | 0.000 | -0.049 | 0.1152 |-0.0426 |0.0000 |-0.0004 |0.1098 |
252.757 | 0.000 | 0.000 | -0.049 | 0.1156 |-0.0427 |0.0000 |-0.0004 |0.1102 |
252.988 | 0.000 | 0.000 | -0.049 | 0.1160 |-0.0429 |0.0000 |-0.0004 |0.1105 |
253.219 | 0.000 | 0.000 | -0.049 | 0.1163 |-0.0430 |0.0000 |-0.0004 |0.1109 |
253.449 | 0.000 | 0.000 | -0.049 | 0.1167 |-0.0431 |0.0000 |-0.0004 |0.1113 |
253.679 | 0.000 | 0.000 | -0.050 | 0.1171 |-0.0433 |0.0000 |-0.0004 |0.1116 |
253.908 | 0.000 | 0.000 | -0.050 | 0.1175 |-0.0434 |0.0000 |-0.0004 |0.1120 |
254.137 | 0.000 | 0.000 | -0.050 | 0.1179 |-0.0436 |0.0000 |-0.0004 |0.1124 |
254.365 | 0.000 | 0.000 | -0.050 | 0.1182 |-0.0437 |0.0000 |-0.0004 |0.1127 |
254.592 | 0.000 | 0.000 | -0.051 | 0.1186 |-0.0439 |0.0000 |-0.0004 |0.1131 |
254.819 | 0.000 | 0.000 | -0.051 | 0.1190 |-0.0440 |0.0000 |-0.0004 |0.1135 |
255.045 | 0.000 | 0.000 | -0.051 | 0.1194 |-0.0441 |0.0000 |-0.0004 |0.1139 |
255.271 | 0.000 | 0.000 | -0.051 | 0.1197 |-0.0443 |0.0000 |-0.0004 |0.1142 |
255.497 | 0.000 | 0.000 | -0.051 | 0.1201 |-0.0444 |0.0000 |-0.0004 |0.1146 |
255.721 | 0.000 | 0.000 | -0.052 | 0.1205 |-0.0446 |0.0000 |-0.0004 |0.1150 |
255.945 | 0.000 | 0.000 | -0.052 | 0.1209 |-0.0447 |0.0000 |-0.0004 |0.1153 |
256.169 | 0.000 | 0.000 | -0.052 | 0.1213 |-0.0448 |0.0000 |-0.0004 |0.1157 |
256.392 | 0.000 | 0.000 | -0.052 | 0.1216 |-0.0450 |0.0000 |-0.0004 |0.1161 |
256.615 | 0.000 | 0.000 | -0.053 | 0.1220 |-0.0451 |0.0000 |-0.0004 |0.1164 |
256.837 | 0.000 | 0.000 | -0.053 | 0.1224 |-0.0453 |0.0000 |-0.0004 |0.1168 |
257.058 | 0.000 | 0.000 | -0.053 | 0.1228 |-0.0454 |0.0000 |-0.0004 |0.1172 |
257.279 | 0.000 | 0.000 | -0.053 | 0.1232 |-0.0455 |0.0000 |-0.0005 |0.1175 |
257.500 | 0.000 | 0.000 | -0.054 | 0.1235 |-0.0457 |0.0000 |-0.0005 |0.1179 |
257.720 | 0.000 | 0.000 | -0.054 | 0.1239 |-0.0458 |0.0000 |-0.0005 |0.1183 |
257.939 | 0.000 | 0.000 | -0.054 | 0.1243 |-0.0460 |0.0000 |-0.0005 |0.1186 |
258.158 | 0.000 | 0.000 | -0.054 | 0.1247 |-0.0461 |0.0000 |-0.0005 |0.1190 |
258.377 | 0.000 | 0.000 | -0.054 | 0.1250 |-0.0462 |0.0000 |-0.0005 |0.1194 |
258.595 | 0.000 | 0.000 | -0.055 | 0.1254 |-0.0464 |0.0000 |-0.0005 |0.1198 |
258.812 | 0.000 | 0.000 | -0.055 | 0.1258 |-0.0465 |0.0000 |-0.0005 |0.1201 |
259.029 | 0.000 | 0.000 | -0.055 | 0.1262 |-0.0467 |0.0000 |-0.0005 |0.1205 |
259.245 | 0.000 | 0.000 | -0.055 | 0.1265 |-0.0468 |0.0000 |-0.0005 |0.1209 |
259.461 | 0.000 | 0.000 | -0.056 | 0.1269 |-0.0469 |0.0000 |-0.0005 |0.1212 |
259.677 | 0.000 | 0.000 | -0.056 | 0.1273 |-0.0471 |0.0000 |-0.0005 |0.1216 |
259.892 | 0.000 | 0.000 | -0.056 | 0.1277 |-0.0472 |0.0000 |-0.0005 |0.1220 |
260.106 | 0.000 | 0.000 | -0.056 | 0.1281 |-0.0473 |0.0000 |-0.0005 |0.1223 |
260.320 | 0.000 | 0.000 | -0.056 | 0.1284 |-0.0475 |0.0000 |-0.0005 |0.1227 |
260.534 | 0.000 | 0.000 | -0.057 | 0.1288 |-0.0476 |0.0000 |-0.0005 |0.1231 |
260.747 | 0.000 | 0.000 | -0.057 | 0.1292 |-0.0478 |0.0000 |-0.0005 |0.1234 |
260.959 | 0.000 | 0.000 | -0.057 | 0.1296 |-0.0479 |0.0000 |-0.0005 |0.1238 |
261.171 | 0.000 | 0.000 | -0.057 | 0.1299 |-0.0480 |0.0000 |-0.0005 |0.1242 |
261.383 | 0.000 | 0.000 | -0.058 | 0.1303 |-0.0482 |0.0000 |-0.0005 |0.1245 |
261.594 | 0.000 | 0.000 | -0.058 | 0.1307 |-0.0483 |0.0000 |-0.0005 |0.1249 |
261.805 | 0.000 | 0.000 | -0.058 | 0.1311 |-0.0485 |0.0000 |-0.0005 |0.1253 |
262.015 | 0.000 | 0.000 | -0.058 | 0.1314 |-0.0486 |0.0000 |-0.0005 |0.1256 |
262.025 | 0.000 | 0.000 | -0.058 | 0.1315 |-0.0486 |0.0000 |-0.0005 |0.1256 |
