Test angle: 60
Mesh element_496 : S11 | S22 | S33 | S12 | E11 | E22 | E33 | 2*E12 | EPbar 
0.000 | 0.000 | 0.000 | 0.000 | 0.0000 |0.0000 |0.0000 |0.0000 |0.0000 |
0.503 | 0.000 | 0.000 | -0.000 | 0.0000 |-0.0000 |0.0000 |-0.0000 |0.0000 |
1.005 | -0.000 | 0.000 | -0.000 | 0.0000 |-0.0000 |0.0000 |-0.0000 |0.0000 |
1.759 | -0.000 | 0.000 | -0.000 | 0.0000 |-0.0000 |0.0000 |-0.0000 |0.0000 |
2.891 | 0.000 | 0.000 | -0.000 | 0.0000 |-0.0000 |0.0000 |-0.0000 |0.0000 |
4.587 | -0.000 | 0.000 | -0.000 | 0.0001 |-0.0000 |0.0000 |-0.0000 |0.0000 |
7.132 | -0.000 | 0.000 | -0.000 | 0.0001 |-0.0000 |0.0000 |-0.0000 |0.0000 |
10.949 | -0.000 | 0.000 | -0.000 | 0.0002 |-0.0001 |0.0000 |-0.0000 |0.0000 |
16.675 | -0.000 | 0.000 | -0.000 | 0.0002 |-0.0001 |0.0000 |-0.0000 |0.0000 |
25.262 | -0.000 | 0.000 | -0.000 | 0.0004 |-0.0001 |0.0000 |-0.0000 |0.0000 |
38.142 | 0.000 | 0.000 | -0.000 | 0.0005 |-0.0002 |0.0000 |-0.0000 |0.0000 |
57.458 | 0.000 | 0.000 | -0.000 | 0.0008 |-0.0003 |0.0000 |-0.0000 |0.0000 |
82.576 | -0.000 | 0.000 | -0.000 | 0.0012 |-0.0004 |0.0000 |-0.0000 |0.0000 |
101.812 | 0.000 | 0.000 | -0.000 | 0.0016 |-0.0005 |0.0000 |-0.0000 |0.0001 |
103.401 | 0.000 | 0.000 | -0.001 | 0.0020 |-0.0006 |0.0000 |-0.0000 |0.0005 |
104.916 | -0.000 | 0.000 | -0.001 | 0.0024 |-0.0007 |0.0000 |-0.0000 |0.0008 |
106.371 | 0.000 | 0.000 | -0.001 | 0.0029 |-0.0008 |0.0000 |-0.0000 |0.0012 |
107.775 | 0.000 | 0.000 | -0.002 | 0.0033 |-0.0009 |0.0000 |-0.0000 |0.0016 |
109.130 | -0.000 | 0.000 | -0.002 | 0.0037 |-0.0010 |0.0000 |-0.0000 |0.0020 |
110.443 | 0.000 | 0.000 | -0.003 | 0.0042 |-0.0011 |0.0000 |-0.0000 |0.0023 |
111.717 | 0.000 | 0.000 | -0.003 | 0.0046 |-0.0012 |0.0000 |-0.0001 |0.0027 |
112.954 | -0.000 | 0.000 | -0.004 | 0.0050 |-0.0013 |0.0000 |-0.0001 |0.0031 |
114.158 | 0.000 | 0.000 | -0.004 | 0.0055 |-0.0015 |0.0000 |-0.0001 |0.0034 |
115.330 | -0.000 | 0.000 | -0.005 | 0.0059 |-0.0016 |0.0000 |-0.0001 |0.0038 |
116.473 | -0.000 | 0.000 | -0.005 | 0.0063 |-0.0017 |0.0000 |-0.0001 |0.0042 |
117.588 | 0.000 | 0.000 | -0.006 | 0.0067 |-0.0018 |0.0000 |-0.0001 |0.0045 |
118.676 | 0.000 | 0.000 | -0.006 | 0.0072 |-0.0019 |0.0000 |-0.0001 |0.0049 |
119.740 | 0.000 | 0.000 | -0.007 | 0.0076 |-0.0020 |0.0000 |-0.0001 |0.0053 |
120.782 | 0.000 | 0.000 | -0.007 | 0.0080 |-0.0021 |0.0000 |-0.0001 |0.0056 |
121.800 | -0.000 | 0.000 | -0.008 | 0.0084 |-0.0022 |0.0000 |-0.0001 |0.0060 |
122.799 | 0.000 | 0.000 | -0.008 | 0.0088 |-0.0023 |0.0000 |-0.0001 |0.0064 |
123.776 | 0.000 | 0.000 | -0.009 | 0.0093 |-0.0024 |0.0000 |-0.0001 |0.0067 |
124.735 | 0.000 | 0.000 | -0.009 | 0.0097 |-0.0025 |0.0000 |-0.0002 |0.0071 |
125.676 | 0.000 | 0.000 | -0.010 | 0.0101 |-0.0026 |0.0000 |-0.0002 |0.0075 |
126.600 | 0.000 | 0.000 | -0.010 | 0.0105 |-0.0027 |0.0000 |-0.0002 |0.0078 |
127.507 | 0.000 | 0.000 | -0.011 | 0.0109 |-0.0028 |0.0000 |-0.0002 |0.0082 |
128.398 | 0.000 | 0.000 | -0.012 | 0.0114 |-0.0029 |0.0000 |-0.0002 |0.0086 |
129.274 | -0.000 | 0.000 | -0.012 | 0.0118 |-0.0030 |0.0000 |-0.0002 |0.0089 |
130.135 | 0.000 | 0.000 | -0.013 | 0.0122 |-0.0031 |0.0000 |-0.0002 |0.0093 |
130.982 | 0.000 | 0.000 | -0.013 | 0.0126 |-0.0032 |0.0000 |-0.0002 |0.0097 |
131.816 | 0.000 | 0.000 | -0.014 | 0.0130 |-0.0033 |0.0000 |-0.0002 |0.0100 |
132.637 | 0.000 | 0.000 | -0.015 | 0.0134 |-0.0034 |0.0000 |-0.0002 |0.0104 |
133.445 | -0.000 | 0.000 | -0.015 | 0.0139 |-0.0035 |0.0000 |-0.0002 |0.0108 |
134.241 | 0.000 | 0.000 | -0.016 | 0.0143 |-0.0036 |0.0000 |-0.0002 |0.0111 |
135.026 | 0.000 | 0.000 | -0.016 | 0.0147 |-0.0037 |0.0000 |-0.0002 |0.0115 |
135.799 | 0.000 | 0.000 | -0.017 | 0.0151 |-0.0038 |0.0000 |-0.0003 |0.0118 |
136.561 | 0.000 | 0.000 | -0.018 | 0.0155 |-0.0039 |0.0000 |-0.0003 |0.0122 |
137.313 | 0.000 | 0.000 | -0.018 | 0.0159 |-0.0040 |0.0000 |-0.0003 |0.0126 |
138.055 | 0.000 | 0.000 | -0.019 | 0.0164 |-0.0041 |0.0000 |-0.0003 |0.0129 |
138.787 | 0.000 | 0.000 | -0.020 | 0.0168 |-0.0042 |0.0000 |-0.0003 |0.0133 |
139.509 | 0.000 | 0.000 | -0.020 | 0.0172 |-0.0043 |0.0000 |-0.0003 |0.0137 |
140.223 | 0.000 | 0.000 | -0.021 | 0.0176 |-0.0044 |0.0000 |-0.0003 |0.0140 |
140.927 | 0.000 | 0.000 | -0.021 | 0.0180 |-0.0045 |0.0000 |-0.0003 |0.0144 |
141.622 | 0.000 | 0.000 | -0.022 | 0.0184 |-0.0046 |0.0000 |-0.0003 |0.0148 |
142.309 | 0.000 | 0.000 | -0.023 | 0.0188 |-0.0047 |0.0000 |-0.0003 |0.0151 |
142.988 | 0.000 | 0.000 | -0.023 | 0.0193 |-0.0048 |0.0000 |-0.0003 |0.0155 |
143.659 | 0.000 | 0.000 | -0.024 | 0.0197 |-0.0049 |0.0000 |-0.0003 |0.0158 |
144.322 | 0.000 | 0.000 | -0.025 | 0.0201 |-0.0050 |0.0000 |-0.0003 |0.0162 |
144.977 | 0.000 | 0.000 | -0.025 | 0.0205 |-0.0051 |0.0000 |-0.0004 |0.0166 |
145.625 | 0.000 | 0.000 | -0.026 | 0.0209 |-0.0052 |0.0000 |-0.0004 |0.0169 |
146.266 | 0.000 | 0.000 | -0.027 | 0.0213 |-0.0053 |0.0000 |-0.0004 |0.0173 |
146.900 | 0.000 | 0.000 | -0.027 | 0.0217 |-0.0054 |0.0000 |-0.0004 |0.0177 |
147.528 | 0.000 | 0.000 | -0.028 | 0.0222 |-0.0055 |0.0000 |-0.0004 |0.0180 |
148.148 | 0.000 | 0.000 | -0.029 | 0.0226 |-0.0056 |0.0000 |-0.0004 |0.0184 |
148.762 | 0.000 | 0.000 | -0.029 | 0.0230 |-0.0057 |0.0000 |-0.0004 |0.0188 |
149.370 | 0.000 | 0.000 | -0.030 | 0.0234 |-0.0058 |0.0000 |-0.0004 |0.0191 |
149.972 | 0.000 | 0.000 | -0.031 | 0.0238 |-0.0059 |0.0000 |-0.0004 |0.0195 |
150.567 | 0.000 | 0.000 | -0.032 | 0.0242 |-0.0060 |0.0000 |-0.0004 |0.0198 |
151.157 | 0.000 | 0.000 | -0.032 | 0.0246 |-0.0061 |0.0000 |-0.0004 |0.0202 |
151.741 | 0.000 | 0.000 | -0.033 | 0.0250 |-0.0062 |0.0000 |-0.0004 |0.0206 |
152.319 | 0.000 | 0.000 | -0.034 | 0.0254 |-0.0063 |0.0000 |-0.0004 |0.0209 |
152.892 | 0.000 | 0.000 | -0.034 | 0.0259 |-0.0064 |0.0000 |-0.0005 |0.0213 |
153.460 | 0.000 | 0.000 | -0.035 | 0.0263 |-0.0065 |0.0000 |-0.0005 |0.0216 |
154.022 | 0.000 | 0.000 | -0.036 | 0.0267 |-0.0066 |0.0000 |-0.0005 |0.0220 |
154.579 | 0.000 | 0.000 | -0.037 | 0.0271 |-0.0067 |0.0000 |-0.0005 |0.0224 |
155.131 | 0.000 | 0.000 | -0.037 | 0.0275 |-0.0068 |0.0000 |-0.0005 |0.0227 |
155.679 | 0.000 | 0.000 | -0.038 | 0.0279 |-0.0069 |0.0000 |-0.0005 |0.0231 |
156.221 | 0.000 | 0.000 | -0.039 | 0.0283 |-0.0070 |0.0000 |-0.0005 |0.0235 |
156.759 | 0.000 | 0.000 | -0.039 | 0.0287 |-0.0071 |0.0000 |-0.0005 |0.0238 |
157.292 | 0.000 | 0.000 | -0.040 | 0.0291 |-0.0072 |0.0000 |-0.0005 |0.0242 |
157.820 | 0.000 | 0.000 | -0.041 | 0.0295 |-0.0073 |0.0000 |-0.0005 |0.0245 |
158.345 | 0.000 | 0.000 | -0.042 | 0.0300 |-0.0074 |0.0000 |-0.0005 |0.0249 |
158.864 | 0.000 | 0.000 | -0.042 | 0.0304 |-0.0075 |0.0000 |-0.0005 |0.0253 |
159.380 | 0.000 | 0.000 | -0.043 | 0.0308 |-0.0076 |0.0000 |-0.0006 |0.0256 |
159.891 | 0.000 | 0.000 | -0.044 | 0.0312 |-0.0077 |0.0000 |-0.0006 |0.0260 |
160.398 | 0.000 | 0.000 | -0.045 | 0.0316 |-0.0077 |0.0000 |-0.0006 |0.0263 |
160.901 | 0.000 | 0.000 | -0.045 | 0.0320 |-0.0078 |0.0000 |-0.0006 |0.0267 |
161.400 | 0.000 | 0.000 | -0.046 | 0.0324 |-0.0079 |0.0000 |-0.0006 |0.0271 |
161.896 | 0.000 | 0.000 | -0.047 | 0.0328 |-0.0080 |0.0000 |-0.0006 |0.0274 |
162.387 | 0.000 | 0.000 | -0.048 | 0.0332 |-0.0081 |0.0000 |-0.0006 |0.0278 |
162.875 | 0.000 | 0.000 | -0.048 | 0.0336 |-0.0082 |0.0000 |-0.0006 |0.0281 |
163.359 | 0.000 | 0.000 | -0.049 | 0.0340 |-0.0083 |0.0000 |-0.0006 |0.0285 |
163.839 | 0.000 | 0.000 | -0.050 | 0.0344 |-0.0084 |0.0000 |-0.0006 |0.0289 |
164.316 | 0.000 | 0.000 | -0.051 | 0.0348 |-0.0085 |0.0000 |-0.0006 |0.0292 |
164.790 | 0.000 | 0.000 | -0.051 | 0.0353 |-0.0086 |0.0000 |-0.0006 |0.0296 |
165.260 | 0.000 | 0.000 | -0.052 | 0.0357 |-0.0087 |0.0000 |-0.0006 |0.0299 |
165.726 | 0.000 | 0.000 | -0.053 | 0.0361 |-0.0088 |0.0000 |-0.0007 |0.0303 |
166.190 | 0.000 | 0.000 | -0.054 | 0.0365 |-0.0089 |0.0000 |-0.0007 |0.0307 |
166.650 | 0.000 | 0.000 | -0.055 | 0.0369 |-0.0090 |0.0000 |-0.0007 |0.0310 |
167.106 | 0.000 | 0.000 | -0.055 | 0.0373 |-0.0091 |0.0000 |-0.0007 |0.0314 |
167.560 | 0.000 | 0.000 | -0.056 | 0.0377 |-0.0092 |0.0000 |-0.0007 |0.0317 |
168.010 | 0.000 | 0.000 | -0.057 | 0.0381 |-0.0093 |0.0000 |-0.0007 |0.0321 |
168.458 | 0.000 | 0.000 | -0.058 | 0.0385 |-0.0094 |0.0000 |-0.0007 |0.0325 |
168.902 | 0.000 | 0.000 | -0.058 | 0.0389 |-0.0095 |0.0000 |-0.0007 |0.0328 |
169.344 | 0.000 | 0.000 | -0.059 | 0.0393 |-0.0096 |0.0000 |-0.0007 |0.0332 |
169.782 | 0.000 | 0.000 | -0.060 | 0.0397 |-0.0097 |0.0000 |-0.0007 |0.0335 |
170.218 | 0.000 | 0.000 | -0.061 | 0.0401 |-0.0098 |0.0000 |-0.0007 |0.0339 |
170.651 | 0.000 | 0.000 | -0.062 | 0.0405 |-0.0099 |0.0000 |-0.0007 |0.0343 |
171.081 | 0.000 | 0.000 | -0.062 | 0.0409 |-0.0100 |0.0000 |-0.0007 |0.0346 |
171.508 | 0.000 | 0.000 | -0.063 | 0.0413 |-0.0101 |0.0000 |-0.0008 |0.0350 |
171.933 | 0.000 | 0.000 | -0.064 | 0.0417 |-0.0102 |0.0000 |-0.0008 |0.0353 |
172.355 | 0.000 | 0.000 | -0.065 | 0.0421 |-0.0103 |0.0000 |-0.0008 |0.0357 |
172.774 | 0.000 | 0.000 | -0.066 | 0.0425 |-0.0104 |0.0000 |-0.0008 |0.0360 |
173.191 | 0.000 | 0.000 | -0.066 | 0.0430 |-0.0105 |0.0000 |-0.0008 |0.0364 |
173.605 | 0.000 | 0.000 | -0.067 | 0.0434 |-0.0106 |0.0000 |-0.0008 |0.0368 |
174.017 | 0.000 | 0.000 | -0.068 | 0.0438 |-0.0107 |0.0000 |-0.0008 |0.0371 |
174.426 | 0.000 | 0.000 | -0.069 | 0.0442 |-0.0108 |0.0000 |-0.0008 |0.0375 |
174.833 | 0.000 | 0.000 | -0.070 | 0.0446 |-0.0109 |0.0000 |-0.0008 |0.0378 |
175.237 | 0.000 | 0.000 | -0.070 | 0.0450 |-0.0110 |0.0000 |-0.0008 |0.0382 |
175.639 | 0.000 | 0.000 | -0.071 | 0.0454 |-0.0111 |0.0000 |-0.0008 |0.0386 |
176.038 | 0.000 | 0.000 | -0.072 | 0.0458 |-0.0112 |0.0000 |-0.0008 |0.0389 |
176.436 | 0.000 | 0.000 | -0.073 | 0.0462 |-0.0113 |0.0000 |-0.0009 |0.0393 |
176.831 | 0.000 | 0.000 | -0.074 | 0.0466 |-0.0114 |0.0000 |-0.0009 |0.0396 |
177.223 | 0.000 | 0.000 | -0.075 | 0.0470 |-0.0114 |0.0000 |-0.0009 |0.0400 |
177.614 | 0.000 | 0.000 | -0.075 | 0.0474 |-0.0115 |0.0000 |-0.0009 |0.0403 |
178.002 | 0.000 | 0.000 | -0.076 | 0.0478 |-0.0116 |0.0000 |-0.0009 |0.0407 |
178.388 | 0.000 | 0.000 | -0.077 | 0.0482 |-0.0117 |0.0000 |-0.0009 |0.0411 |
178.772 | 0.000 | 0.000 | -0.078 | 0.0486 |-0.0118 |0.0000 |-0.0009 |0.0414 |
179.154 | 0.000 | 0.000 | -0.079 | 0.0490 |-0.0119 |0.0000 |-0.0009 |0.0418 |
179.533 | 0.000 | 0.000 | -0.080 | 0.0494 |-0.0120 |0.0000 |-0.0009 |0.0421 |
179.911 | 0.000 | 0.000 | -0.080 | 0.0498 |-0.0121 |0.0000 |-0.0009 |0.0425 |
180.287 | 0.000 | 0.000 | -0.081 | 0.0502 |-0.0122 |0.0000 |-0.0009 |0.0428 |
180.660 | 0.000 | 0.000 | -0.082 | 0.0506 |-0.0123 |0.0000 |-0.0009 |0.0432 |
181.032 | 0.000 | 0.000 | -0.083 | 0.0510 |-0.0124 |0.0000 |-0.0009 |0.0435 |
181.402 | 0.000 | 0.000 | -0.084 | 0.0514 |-0.0125 |0.0000 |-0.0010 |0.0439 |
181.770 | 0.000 | 0.000 | -0.085 | 0.0518 |-0.0126 |0.0000 |-0.0010 |0.0443 |
182.136 | 0.000 | 0.000 | -0.086 | 0.0522 |-0.0127 |0.0000 |-0.0010 |0.0446 |
182.500 | 0.000 | 0.000 | -0.086 | 0.0526 |-0.0128 |0.0000 |-0.0010 |0.0450 |
182.862 | 0.000 | 0.000 | -0.087 | 0.0530 |-0.0129 |0.0000 |-0.0010 |0.0453 |
183.222 | 0.000 | 0.000 | -0.088 | 0.0534 |-0.0130 |0.0000 |-0.0010 |0.0457 |
183.580 | 0.000 | 0.000 | -0.089 | 0.0538 |-0.0131 |0.0000 |-0.0010 |0.0460 |
183.937 | 0.000 | 0.000 | -0.090 | 0.0542 |-0.0132 |0.0000 |-0.0010 |0.0464 |
184.292 | 0.000 | 0.000 | -0.091 | 0.0546 |-0.0133 |0.0000 |-0.0010 |0.0467 |
184.645 | 0.000 | 0.000 | -0.091 | 0.0550 |-0.0134 |0.0000 |-0.0010 |0.0471 |
184.997 | 0.000 | 0.000 | -0.092 | 0.0554 |-0.0135 |0.0000 |-0.0010 |0.0475 |
185.346 | 0.000 | 0.000 | -0.093 | 0.0558 |-0.0136 |0.0000 |-0.0010 |0.0478 |
185.694 | 0.000 | 0.000 | -0.094 | 0.0562 |-0.0137 |0.0000 |-0.0010 |0.0482 |
186.040 | 0.000 | 0.000 | -0.095 | 0.0566 |-0.0138 |0.0000 |-0.0011 |0.0485 |
186.385 | 0.000 | 0.000 | -0.096 | 0.0570 |-0.0139 |0.0000 |-0.0011 |0.0489 |
186.728 | 0.000 | 0.000 | -0.097 | 0.0574 |-0.0140 |0.0000 |-0.0011 |0.0492 |
187.069 | 0.000 | 0.000 | -0.098 | 0.0578 |-0.0140 |0.0000 |-0.0011 |0.0496 |
187.409 | 0.000 | 0.000 | -0.098 | 0.0582 |-0.0141 |0.0000 |-0.0011 |0.0499 |
187.747 | 0.000 | 0.000 | -0.099 | 0.0586 |-0.0142 |0.0000 |-0.0011 |0.0503 |
188.084 | 0.000 | 0.000 | -0.100 | 0.0590 |-0.0143 |0.0000 |-0.0011 |0.0506 |
188.418 | 0.000 | 0.000 | -0.101 | 0.0594 |-0.0144 |0.0000 |-0.0011 |0.0510 |
188.752 | 0.000 | 0.000 | -0.102 | 0.0598 |-0.0145 |0.0000 |-0.0011 |0.0514 |
189.084 | 0.000 | 0.000 | -0.103 | 0.0602 |-0.0146 |0.0000 |-0.0011 |0.0517 |
189.414 | 0.000 | 0.000 | -0.104 | 0.0606 |-0.0147 |0.0000 |-0.0011 |0.0521 |
189.743 | 0.000 | 0.000 | -0.105 | 0.0610 |-0.0148 |0.0000 |-0.0011 |0.0524 |
190.070 | 0.000 | 0.000 | -0.105 | 0.0614 |-0.0149 |0.0000 |-0.0012 |0.0528 |
190.396 | 0.000 | 0.000 | -0.106 | 0.0618 |-0.0150 |0.0000 |-0.0012 |0.0531 |
190.721 | 0.000 | 0.000 | -0.107 | 0.0622 |-0.0151 |0.0000 |-0.0012 |0.0535 |
191.044 | 0.000 | 0.000 | -0.108 | 0.0626 |-0.0152 |0.0000 |-0.0012 |0.0538 |
191.365 | 0.000 | 0.000 | -0.109 | 0.0630 |-0.0153 |0.0000 |-0.0012 |0.0542 |
191.685 | 0.000 | 0.000 | -0.110 | 0.0634 |-0.0154 |0.0000 |-0.0012 |0.0545 |
192.004 | 0.000 | 0.000 | -0.111 | 0.0638 |-0.0155 |0.0000 |-0.0012 |0.0549 |
192.322 | 0.000 | 0.000 | -0.112 | 0.0642 |-0.0156 |0.0000 |-0.0012 |0.0552 |
192.638 | 0.000 | 0.000 | -0.113 | 0.0646 |-0.0157 |0.0000 |-0.0012 |0.0556 |
192.953 | 0.000 | 0.000 | -0.113 | 0.0650 |-0.0158 |0.0000 |-0.0012 |0.0560 |
193.266 | 0.000 | 0.000 | -0.114 | 0.0654 |-0.0159 |0.0000 |-0.0012 |0.0563 |
193.578 | 0.000 | 0.000 | -0.115 | 0.0658 |-0.0160 |0.0000 |-0.0012 |0.0567 |
193.889 | 0.000 | 0.000 | -0.116 | 0.0662 |-0.0160 |0.0000 |-0.0012 |0.0570 |
194.198 | 0.000 | 0.000 | -0.117 | 0.0666 |-0.0161 |0.0000 |-0.0013 |0.0574 |
194.507 | 0.000 | 0.000 | -0.118 | 0.0670 |-0.0162 |0.0000 |-0.0013 |0.0577 |
194.813 | 0.000 | 0.000 | -0.119 | 0.0673 |-0.0163 |0.0000 |-0.0013 |0.0581 |
195.119 | 0.000 | 0.000 | -0.120 | 0.0677 |-0.0164 |0.0000 |-0.0013 |0.0584 |
195.424 | 0.000 | 0.000 | -0.121 | 0.0681 |-0.0165 |0.0000 |-0.0013 |0.0588 |
195.727 | 0.000 | 0.000 | -0.121 | 0.0685 |-0.0166 |0.0000 |-0.0013 |0.0591 |
196.029 | 0.000 | 0.000 | -0.122 | 0.0689 |-0.0167 |0.0000 |-0.0013 |0.0595 |
196.329 | 0.000 | 0.000 | -0.123 | 0.0693 |-0.0168 |0.0000 |-0.0013 |0.0598 |
196.629 | 0.000 | 0.000 | -0.124 | 0.0697 |-0.0169 |0.0000 |-0.0013 |0.0602 |
196.927 | 0.000 | 0.000 | -0.125 | 0.0701 |-0.0170 |0.0000 |-0.0013 |0.0605 |
197.224 | 0.000 | 0.000 | -0.126 | 0.0705 |-0.0171 |0.0000 |-0.0013 |0.0609 |
197.520 | 0.000 | 0.000 | -0.127 | 0.0709 |-0.0172 |0.0000 |-0.0013 |0.0612 |
197.815 | 0.000 | 0.000 | -0.128 | 0.0713 |-0.0173 |0.0000 |-0.0014 |0.0616 |
198.109 | 0.000 | 0.000 | -0.129 | 0.0717 |-0.0174 |0.0000 |-0.0014 |0.0619 |
198.401 | 0.000 | 0.000 | -0.130 | 0.0721 |-0.0175 |0.0000 |-0.0014 |0.0623 |
198.693 | 0.000 | 0.000 | -0.131 | 0.0725 |-0.0176 |0.0000 |-0.0014 |0.0626 |
198.983 | 0.000 | 0.000 | -0.132 | 0.0729 |-0.0177 |0.0000 |-0.0014 |0.0630 |
199.272 | 0.000 | 0.000 | -0.132 | 0.0733 |-0.0178 |0.0000 |-0.0014 |0.0633 |
199.560 | 0.000 | 0.000 | -0.133 | 0.0737 |-0.0179 |0.0000 |-0.0014 |0.0637 |
199.847 | 0.000 | 0.000 | -0.134 | 0.0741 |-0.0179 |0.0000 |-0.0014 |0.0640 |
200.133 | 0.000 | 0.000 | -0.135 | 0.0745 |-0.0180 |0.0000 |-0.0014 |0.0644 |
200.418 | 0.000 | 0.000 | -0.136 | 0.0749 |-0.0181 |0.0000 |-0.0014 |0.0647 |
200.701 | 0.000 | 0.000 | -0.137 | 0.0752 |-0.0182 |0.0000 |-0.0014 |0.0651 |
200.984 | 0.000 | 0.000 | -0.138 | 0.0756 |-0.0183 |0.0000 |-0.0014 |0.0654 |
201.265 | 0.000 | 0.000 | -0.139 | 0.0760 |-0.0184 |0.0000 |-0.0014 |0.0658 |
201.546 | 0.000 | 0.000 | -0.140 | 0.0764 |-0.0185 |0.0000 |-0.0015 |0.0661 |
201.826 | 0.000 | 0.000 | -0.141 | 0.0768 |-0.0186 |0.0000 |-0.0015 |0.0665 |
202.104 | 0.000 | 0.000 | -0.142 | 0.0772 |-0.0187 |0.0000 |-0.0015 |0.0668 |
202.382 | 0.000 | 0.000 | -0.143 | 0.0776 |-0.0188 |0.0000 |-0.0015 |0.0672 |
202.658 | 0.000 | 0.000 | -0.144 | 0.0780 |-0.0189 |0.0000 |-0.0015 |0.0675 |
202.933 | 0.000 | 0.000 | -0.144 | 0.0784 |-0.0190 |0.0000 |-0.0015 |0.0679 |
203.208 | 0.000 | 0.000 | -0.145 | 0.0788 |-0.0191 |0.0000 |-0.0015 |0.0682 |
203.481 | 0.000 | 0.000 | -0.146 | 0.0792 |-0.0192 |0.0000 |-0.0015 |0.0686 |
203.754 | 0.000 | 0.000 | -0.147 | 0.0796 |-0.0193 |0.0000 |-0.0015 |0.0689 |
204.026 | 0.000 | 0.000 | -0.148 | 0.0800 |-0.0194 |0.0000 |-0.0015 |0.0693 |
204.296 | 0.000 | 0.000 | -0.149 | 0.0804 |-0.0195 |0.0000 |-0.0015 |0.0696 |
204.566 | 0.000 | 0.000 | -0.150 | 0.0807 |-0.0195 |0.0000 |-0.0015 |0.0700 |
204.835 | 0.000 | 0.000 | -0.151 | 0.0811 |-0.0196 |0.0000 |-0.0016 |0.0703 |
205.103 | 0.000 | 0.000 | -0.152 | 0.0815 |-0.0197 |0.0000 |-0.0016 |0.0707 |
205.369 | 0.000 | 0.000 | -0.153 | 0.0819 |-0.0198 |0.0000 |-0.0016 |0.0710 |
205.635 | 0.000 | 0.000 | -0.154 | 0.0823 |-0.0199 |0.0000 |-0.0016 |0.0714 |
205.900 | 0.000 | 0.000 | -0.155 | 0.0827 |-0.0200 |0.0000 |-0.0016 |0.0717 |
206.165 | 0.000 | 0.000 | -0.156 | 0.0831 |-0.0201 |0.0000 |-0.0016 |0.0721 |
206.428 | 0.000 | 0.000 | -0.157 | 0.0835 |-0.0202 |0.0000 |-0.0016 |0.0724 |
206.690 | 0.000 | 0.000 | -0.158 | 0.0839 |-0.0203 |0.0000 |-0.0016 |0.0728 |
206.952 | 0.000 | 0.000 | -0.159 | 0.0843 |-0.0204 |0.0000 |-0.0016 |0.0731 |
207.212 | 0.000 | 0.000 | -0.160 | 0.0847 |-0.0205 |0.0000 |-0.0016 |0.0735 |
207.472 | 0.000 | 0.000 | -0.160 | 0.0851 |-0.0206 |0.0000 |-0.0016 |0.0738 |
207.731 | 0.000 | 0.000 | -0.161 | 0.0854 |-0.0207 |0.0000 |-0.0016 |0.0742 |
207.989 | 0.000 | 0.000 | -0.162 | 0.0858 |-0.0208 |0.0000 |-0.0016 |0.0745 |
208.246 | 0.000 | 0.000 | -0.163 | 0.0862 |-0.0209 |0.0000 |-0.0017 |0.0749 |
208.503 | 0.000 | 0.000 | -0.164 | 0.0866 |-0.0210 |0.0000 |-0.0017 |0.0752 |
208.758 | 0.000 | 0.000 | -0.165 | 0.0870 |-0.0210 |0.0000 |-0.0017 |0.0756 |
209.013 | 0.000 | 0.000 | -0.166 | 0.0874 |-0.0211 |0.0000 |-0.0017 |0.0759 |
209.267 | 0.000 | 0.000 | -0.167 | 0.0878 |-0.0212 |0.0000 |-0.0017 |0.0763 |
209.520 | 0.000 | 0.000 | -0.168 | 0.0882 |-0.0213 |0.0000 |-0.0017 |0.0766 |
209.772 | 0.000 | 0.000 | -0.169 | 0.0886 |-0.0214 |0.0000 |-0.0017 |0.0770 |
210.023 | 0.000 | 0.000 | -0.170 | 0.0890 |-0.0215 |0.0000 |-0.0017 |0.0773 |
210.274 | 0.000 | 0.000 | -0.171 | 0.0893 |-0.0216 |0.0000 |-0.0017 |0.0776 |
210.524 | 0.000 | 0.000 | -0.172 | 0.0897 |-0.0217 |0.0000 |-0.0017 |0.0780 |
210.773 | 0.000 | 0.000 | -0.173 | 0.0901 |-0.0218 |0.0000 |-0.0017 |0.0783 |
211.021 | 0.000 | 0.000 | -0.174 | 0.0905 |-0.0219 |0.0000 |-0.0017 |0.0787 |
211.268 | 0.000 | 0.000 | -0.175 | 0.0909 |-0.0220 |0.0000 |-0.0017 |0.0790 |
211.515 | 0.000 | 0.000 | -0.176 | 0.0913 |-0.0221 |0.0000 |-0.0018 |0.0794 |
211.761 | 0.000 | 0.000 | -0.177 | 0.0917 |-0.0222 |0.0000 |-0.0018 |0.0797 |
212.006 | 0.000 | 0.000 | -0.178 | 0.0921 |-0.0223 |0.0000 |-0.0018 |0.0801 |
212.250 | 0.000 | 0.000 | -0.179 | 0.0925 |-0.0224 |0.0000 |-0.0018 |0.0804 |
212.494 | 0.000 | 0.000 | -0.180 | 0.0928 |-0.0224 |0.0000 |-0.0018 |0.0808 |
212.737 | 0.000 | 0.000 | -0.181 | 0.0932 |-0.0225 |0.0000 |-0.0018 |0.0811 |
212.979 | 0.000 | 0.000 | -0.182 | 0.0936 |-0.0226 |0.0000 |-0.0018 |0.0815 |
213.220 | 0.000 | 0.000 | -0.182 | 0.0940 |-0.0227 |0.0000 |-0.0018 |0.0818 |
213.461 | 0.000 | 0.000 | -0.183 | 0.0944 |-0.0228 |0.0000 |-0.0018 |0.0822 |
213.701 | 0.000 | 0.000 | -0.184 | 0.0948 |-0.0229 |0.0000 |-0.0018 |0.0825 |
213.940 | 0.000 | 0.000 | -0.185 | 0.0952 |-0.0230 |0.0000 |-0.0018 |0.0828 |
214.179 | 0.000 | 0.000 | -0.186 | 0.0956 |-0.0231 |0.0000 |-0.0018 |0.0832 |
214.417 | 0.000 | 0.000 | -0.187 | 0.0959 |-0.0232 |0.0000 |-0.0019 |0.0835 |
214.654 | 0.000 | 0.000 | -0.188 | 0.0963 |-0.0233 |0.0000 |-0.0019 |0.0839 |
214.890 | 0.000 | 0.000 | -0.189 | 0.0967 |-0.0234 |0.0000 |-0.0019 |0.0842 |
215.126 | 0.000 | 0.000 | -0.190 | 0.0971 |-0.0235 |0.0000 |-0.0019 |0.0846 |
215.361 | 0.000 | 0.000 | -0.191 | 0.0975 |-0.0236 |0.0000 |-0.0019 |0.0849 |
215.595 | 0.000 | 0.000 | -0.192 | 0.0979 |-0.0237 |0.0000 |-0.0019 |0.0853 |
215.828 | 0.000 | 0.000 | -0.193 | 0.0983 |-0.0237 |0.0000 |-0.0019 |0.0856 |
216.061 | 0.000 | 0.000 | -0.194 | 0.0987 |-0.0238 |0.0000 |-0.0019 |0.0860 |
216.294 | 0.000 | 0.000 | -0.195 | 0.0990 |-0.0239 |0.0000 |-0.0019 |0.0863 |
216.525 | 0.000 | 0.000 | -0.196 | 0.0994 |-0.0240 |0.0000 |-0.0019 |0.0866 |
216.756 | 0.000 | 0.000 | -0.197 | 0.0998 |-0.0241 |0.0000 |-0.0019 |0.0870 |
216.986 | 0.000 | 0.000 | -0.198 | 0.1002 |-0.0242 |0.0000 |-0.0019 |0.0873 |
217.216 | 0.000 | 0.000 | -0.199 | 0.1006 |-0.0243 |0.0000 |-0.0019 |0.0877 |
217.445 | 0.000 | 0.000 | -0.200 | 0.1010 |-0.0244 |0.0000 |-0.0020 |0.0880 |
217.673 | 0.000 | 0.000 | -0.201 | 0.1014 |-0.0245 |0.0000 |-0.0020 |0.0884 |
217.901 | 0.000 | 0.000 | -0.202 | 0.1018 |-0.0246 |0.0000 |-0.0020 |0.0887 |
218.128 | 0.000 | 0.000 | -0.203 | 0.1021 |-0.0247 |0.0000 |-0.0020 |0.0891 |
218.354 | 0.000 | 0.000 | -0.204 | 0.1025 |-0.0248 |0.0000 |-0.0020 |0.0894 |
218.580 | 0.000 | 0.000 | -0.205 | 0.1029 |-0.0249 |0.0000 |-0.0020 |0.0897 |
218.805 | 0.000 | 0.000 | -0.206 | 0.1033 |-0.0250 |0.0000 |-0.0020 |0.0901 |
219.029 | 0.000 | 0.000 | -0.207 | 0.1037 |-0.0250 |0.0000 |-0.0020 |0.0904 |
219.253 | 0.000 | 0.000 | -0.208 | 0.1041 |-0.0251 |0.0000 |-0.0020 |0.0908 |
219.477 | 0.000 | 0.000 | -0.209 | 0.1044 |-0.0252 |0.0000 |-0.0020 |0.0911 |
219.699 | 0.000 | 0.000 | -0.210 | 0.1048 |-0.0253 |0.0000 |-0.0020 |0.0915 |
219.921 | 0.000 | 0.000 | -0.211 | 0.1052 |-0.0254 |0.0000 |-0.0020 |0.0918 |
220.143 | 0.000 | 0.000 | -0.212 | 0.1056 |-0.0255 |0.0000 |-0.0021 |0.0921 |
220.363 | 0.000 | 0.000 | -0.213 | 0.1060 |-0.0256 |0.0000 |-0.0021 |0.0925 |
220.584 | 0.000 | 0.000 | -0.214 | 0.1064 |-0.0257 |0.0000 |-0.0021 |0.0928 |
220.803 | 0.000 | 0.000 | -0.215 | 0.1068 |-0.0258 |0.0000 |-0.0021 |0.0932 |
221.022 | 0.000 | 0.000 | -0.216 | 0.1071 |-0.0259 |0.0000 |-0.0021 |0.0935 |
221.241 | 0.000 | 0.000 | -0.217 | 0.1075 |-0.0260 |0.0000 |-0.0021 |0.0939 |
221.459 | 0.000 | 0.000 | -0.218 | 0.1079 |-0.0261 |0.0000 |-0.0021 |0.0942 |
221.676 | 0.000 | 0.000 | -0.219 | 0.1083 |-0.0261 |0.0000 |-0.0021 |0.0945 |
221.893 | 0.000 | 0.000 | -0.220 | 0.1087 |-0.0262 |0.0000 |-0.0021 |0.0949 |
222.109 | 0.000 | 0.000 | -0.221 | 0.1091 |-0.0263 |0.0000 |-0.0021 |0.0952 |
222.324 | 0.000 | 0.000 | -0.222 | 0.1094 |-0.0264 |0.0000 |-0.0021 |0.0956 |
222.539 | 0.000 | 0.000 | -0.223 | 0.1098 |-0.0265 |0.0000 |-0.0021 |0.0959 |
222.754 | 0.000 | 0.000 | -0.224 | 0.1102 |-0.0266 |0.0000 |-0.0022 |0.0963 |
222.968 | 0.000 | 0.000 | -0.225 | 0.1106 |-0.0267 |0.0000 |-0.0022 |0.0966 |
223.181 | 0.000 | 0.000 | -0.226 | 0.1110 |-0.0268 |0.0000 |-0.0022 |0.0969 |
223.394 | 0.000 | 0.000 | -0.227 | 0.1114 |-0.0269 |0.0000 |-0.0022 |0.0973 |
223.606 | 0.000 | 0.000 | -0.228 | 0.1117 |-0.0270 |0.0000 |-0.0022 |0.0976 |
223.817 | 0.000 | 0.000 | -0.229 | 0.1121 |-0.0271 |0.0000 |-0.0022 |0.0980 |
224.029 | 0.000 | 0.000 | -0.230 | 0.1125 |-0.0272 |0.0000 |-0.0022 |0.0983 |
224.239 | 0.000 | 0.000 | -0.231 | 0.1129 |-0.0273 |0.0000 |-0.0022 |0.0987 |
224.449 | 0.000 | 0.000 | -0.232 | 0.1133 |-0.0273 |0.0000 |-0.0022 |0.0990 |
224.659 | 0.000 | 0.000 | -0.233 | 0.1137 |-0.0274 |0.0000 |-0.0022 |0.0993 |
224.868 | 0.000 | 0.000 | -0.234 | 0.1140 |-0.0275 |0.0000 |-0.0022 |0.0997 |
225.076 | 0.000 | 0.000 | -0.235 | 0.1144 |-0.0276 |0.0000 |-0.0022 |0.1000 |
225.284 | 0.000 | 0.000 | -0.236 | 0.1148 |-0.0277 |0.0000 |-0.0022 |0.1004 |
225.491 | 0.000 | 0.000 | -0.237 | 0.1152 |-0.0278 |0.0000 |-0.0023 |0.1007 |
225.698 | 0.000 | 0.000 | -0.238 | 0.1156 |-0.0279 |0.0000 |-0.0023 |0.1010 |
225.905 | 0.000 | 0.000 | -0.239 | 0.1160 |-0.0280 |0.0000 |-0.0023 |0.1014 |
226.111 | 0.000 | 0.000 | -0.240 | 0.1163 |-0.0281 |0.0000 |-0.0023 |0.1017 |
226.316 | 0.000 | 0.000 | -0.241 | 0.1167 |-0.0282 |0.0000 |-0.0023 |0.1021 |
226.521 | 0.000 | 0.000 | -0.242 | 0.1171 |-0.0283 |0.0000 |-0.0023 |0.1024 |
226.725 | 0.000 | 0.000 | -0.243 | 0.1175 |-0.0284 |0.0000 |-0.0023 |0.1027 |
226.929 | 0.000 | 0.000 | -0.244 | 0.1179 |-0.0284 |0.0000 |-0.0023 |0.1031 |
227.132 | 0.000 | 0.000 | -0.245 | 0.1182 |-0.0285 |0.0000 |-0.0023 |0.1034 |
227.335 | 0.000 | 0.000 | -0.246 | 0.1186 |-0.0286 |0.0000 |-0.0023 |0.1038 |
227.537 | 0.000 | 0.000 | -0.247 | 0.1190 |-0.0287 |0.0000 |-0.0023 |0.1041 |
227.739 | 0.000 | 0.000 | -0.248 | 0.1194 |-0.0288 |0.0000 |-0.0023 |0.1045 |
227.940 | 0.000 | 0.000 | -0.249 | 0.1198 |-0.0289 |0.0000 |-0.0024 |0.1048 |
228.141 | 0.000 | 0.000 | -0.250 | 0.1202 |-0.0290 |0.0000 |-0.0024 |0.1051 |
228.342 | 0.000 | 0.000 | -0.251 | 0.1205 |-0.0291 |0.0000 |-0.0024 |0.1055 |
228.542 | 0.000 | 0.000 | -0.252 | 0.1209 |-0.0292 |0.0000 |-0.0024 |0.1058 |
228.741 | 0.000 | 0.000 | -0.253 | 0.1213 |-0.0293 |0.0000 |-0.0024 |0.1062 |
228.940 | 0.000 | 0.000 | -0.254 | 0.1217 |-0.0294 |0.0000 |-0.0024 |0.1065 |
229.138 | 0.000 | 0.000 | -0.255 | 0.1221 |-0.0294 |0.0000 |-0.0024 |0.1068 |
229.336 | 0.000 | 0.000 | -0.256 | 0.1224 |-0.0295 |0.0000 |-0.0024 |0.1072 |
229.534 | 0.000 | 0.000 | -0.257 | 0.1228 |-0.0296 |0.0000 |-0.0024 |0.1075 |
229.731 | 0.000 | 0.000 | -0.258 | 0.1232 |-0.0297 |0.0000 |-0.0024 |0.1078 |
229.928 | 0.000 | 0.000 | -0.259 | 0.1236 |-0.0298 |0.0000 |-0.0024 |0.1082 |
230.124 | 0.000 | 0.000 | -0.260 | 0.1240 |-0.0299 |0.0000 |-0.0024 |0.1085 |
230.319 | 0.000 | 0.000 | -0.261 | 0.1243 |-0.0300 |0.0000 |-0.0024 |0.1089 |
230.515 | 0.000 | 0.000 | -0.262 | 0.1247 |-0.0301 |0.0000 |-0.0025 |0.1092 |
230.709 | 0.000 | 0.000 | -0.263 | 0.1251 |-0.0302 |0.0000 |-0.0025 |0.1095 |
230.904 | 0.000 | 0.000 | -0.264 | 0.1255 |-0.0303 |0.0000 |-0.0025 |0.1099 |
231.098 | 0.000 | 0.000 | -0.265 | 0.1259 |-0.0304 |0.0000 |-0.0025 |0.1102 |
231.291 | 0.000 | 0.000 | -0.266 | 0.1262 |-0.0304 |0.0000 |-0.0025 |0.1106 |
231.484 | 0.000 | 0.000 | -0.267 | 0.1266 |-0.0305 |0.0000 |-0.0025 |0.1109 |
231.676 | 0.000 | 0.000 | -0.268 | 0.1270 |-0.0306 |0.0000 |-0.0025 |0.1112 |
231.869 | 0.000 | 0.000 | -0.269 | 0.1274 |-0.0307 |0.0000 |-0.0025 |0.1116 |
232.060 | 0.000 | 0.000 | -0.270 | 0.1278 |-0.0308 |0.0000 |-0.0025 |0.1119 |
232.251 | 0.000 | 0.000 | -0.271 | 0.1281 |-0.0309 |0.0000 |-0.0025 |0.1123 |
232.442 | 0.000 | 0.000 | -0.272 | 0.1285 |-0.0310 |0.0000 |-0.0025 |0.1126 |
232.633 | 0.000 | 0.000 | -0.273 | 0.1289 |-0.0311 |0.0000 |-0.0025 |0.1129 |
232.823 | 0.000 | 0.000 | -0.274 | 0.1293 |-0.0312 |0.0000 |-0.0026 |0.1133 |
233.012 | 0.000 | 0.000 | -0.275 | 0.1296 |-0.0313 |0.0000 |-0.0026 |0.1136 |
233.201 | 0.000 | 0.000 | -0.277 | 0.1300 |-0.0314 |0.0000 |-0.0026 |0.1139 |
233.390 | 0.000 | 0.000 | -0.278 | 0.1304 |-0.0314 |0.0000 |-0.0026 |0.1143 |
233.578 | 0.000 | 0.000 | -0.279 | 0.1308 |-0.0315 |0.0000 |-0.0026 |0.1146 |
233.766 | 0.000 | 0.000 | -0.280 | 0.1312 |-0.0316 |0.0000 |-0.0026 |0.1150 |
233.953 | 0.000 | 0.000 | -0.281 | 0.1315 |-0.0317 |0.0000 |-0.0026 |0.1153 |
234.140 | 0.000 | 0.000 | -0.282 | 0.1319 |-0.0318 |0.0000 |-0.0026 |0.1156 |
234.327 | 0.000 | 0.000 | -0.283 | 0.1323 |-0.0319 |0.0000 |-0.0026 |0.1160 |
234.335 | 0.000 | 0.000 | -0.283 | 0.1323 |-0.0319 |0.0000 |-0.0026 |0.1160 |
