Test angle: 75
Mesh element_496 : S11 | S22 | S33 | S12 | E11 | E22 | E33 | 2*E12 | EPbar 
0.000 | 0.000 | 0.000 | 0.000 | 0.0000 |0.0000 |0.0000 |0.0000 |0.0000 |
0.503 | -0.000 | 0.000 | -0.000 | 0.0000 |-0.0000 |0.0000 |-0.0000 |0.0000 |
1.005 | -0.000 | 0.000 | -0.000 | 0.0000 |-0.0000 |0.0000 |-0.0000 |0.0000 |
1.759 | 0.000 | 0.000 | -0.000 | 0.0000 |-0.0000 |0.0000 |-0.0000 |0.0000 |
2.891 | 0.000 | 0.000 | -0.000 | 0.0000 |-0.0000 |0.0000 |-0.0000 |0.0000 |
4.587 | -0.000 | 0.000 | -0.000 | 0.0001 |-0.0000 |0.0000 |-0.0000 |0.0000 |
7.132 | -0.000 | 0.000 | -0.000 | 0.0001 |-0.0000 |0.0000 |-0.0000 |0.0000 |
10.949 | -0.000 | 0.000 | -0.000 | 0.0002 |-0.0001 |0.0000 |-0.0000 |0.0000 |
16.675 | -0.000 | 0.000 | -0.000 | 0.0002 |-0.0001 |0.0000 |-0.0000 |0.0000 |
25.262 | 0.000 | 0.000 | -0.000 | 0.0004 |-0.0001 |0.0000 |-0.0000 |0.0000 |
38.142 | -0.000 | 0.000 | -0.000 | 0.0005 |-0.0002 |0.0000 |-0.0000 |0.0000 |
57.458 | 0.000 | 0.000 | -0.000 | 0.0008 |-0.0003 |0.0000 |-0.0000 |0.0000 |
82.576 | -0.000 | 0.000 | -0.000 | 0.0012 |-0.0004 |0.0000 |-0.0000 |0.0000 |
104.518 | -0.000 | 0.000 | 0.001 | 0.0015 |-0.0005 |0.0000 |0.0000 |0.0001 |
104.948 | -0.000 | 0.000 | 0.002 | 0.0017 |-0.0005 |0.0000 |0.0000 |0.0002 |
105.581 | -0.000 | 0.000 | 0.004 | 0.0018 |-0.0006 |0.0000 |0.0001 |0.0003 |
106.507 | 0.000 | 0.000 | 0.007 | 0.0021 |-0.0007 |0.0000 |0.0001 |0.0005 |
107.853 | 0.000 | 0.000 | 0.012 | 0.0024 |-0.0008 |0.0000 |0.0002 |0.0008 |
109.388 | 0.000 | 0.000 | 0.018 | 0.0029 |-0.0009 |0.0000 |0.0003 |0.0012 |
110.867 | 0.000 | 0.000 | 0.024 | 0.0033 |-0.0010 |0.0000 |0.0005 |0.0016 |
112.295 | 0.000 | 0.000 | 0.031 | 0.0037 |-0.0011 |0.0000 |0.0006 |0.0020 |
113.677 | 0.000 | 0.000 | 0.037 | 0.0042 |-0.0012 |0.0000 |0.0007 |0.0024 |
115.018 | 0.000 | 0.000 | 0.044 | 0.0046 |-0.0013 |0.0000 |0.0008 |0.0027 |
116.318 | 0.000 | 0.000 | 0.051 | 0.0050 |-0.0015 |0.0000 |0.0009 |0.0031 |
117.583 | 0.000 | 0.000 | 0.057 | 0.0055 |-0.0016 |0.0000 |0.0010 |0.0035 |
118.814 | 0.000 | 0.000 | 0.064 | 0.0059 |-0.0017 |0.0000 |0.0011 |0.0039 |
120.014 | 0.000 | 0.000 | 0.071 | 0.0063 |-0.0018 |0.0000 |0.0012 |0.0043 |
121.184 | 0.000 | 0.000 | 0.079 | 0.0067 |-0.0019 |0.0000 |0.0013 |0.0046 |
122.326 | 0.000 | 0.000 | 0.086 | 0.0072 |-0.0020 |0.0000 |0.0014 |0.0050 |
123.442 | 0.000 | 0.000 | 0.093 | 0.0076 |-0.0021 |0.0000 |0.0015 |0.0054 |
124.533 | 0.000 | 0.000 | 0.101 | 0.0080 |-0.0023 |0.0000 |0.0016 |0.0058 |
125.600 | 0.000 | 0.000 | 0.108 | 0.0084 |-0.0024 |0.0000 |0.0017 |0.0061 |
126.645 | 0.000 | 0.000 | 0.116 | 0.0089 |-0.0025 |0.0000 |0.0018 |0.0065 |
127.669 | 0.000 | 0.000 | 0.123 | 0.0093 |-0.0026 |0.0000 |0.0020 |0.0069 |
128.672 | 0.000 | 0.000 | 0.131 | 0.0097 |-0.0027 |0.0000 |0.0021 |0.0073 |
129.657 | 0.000 | 0.000 | 0.139 | 0.0101 |-0.0028 |0.0000 |0.0022 |0.0076 |
130.623 | 0.000 | 0.000 | 0.147 | 0.0105 |-0.0029 |0.0000 |0.0023 |0.0080 |
131.571 | 0.000 | 0.000 | 0.155 | 0.0110 |-0.0031 |0.0000 |0.0024 |0.0084 |
132.502 | 0.000 | 0.000 | 0.163 | 0.0114 |-0.0032 |0.0000 |0.0025 |0.0088 |
133.418 | 0.000 | 0.000 | 0.171 | 0.0118 |-0.0033 |0.0000 |0.0026 |0.0091 |
134.317 | 0.000 | 0.000 | 0.180 | 0.0122 |-0.0034 |0.0000 |0.0027 |0.0095 |
135.202 | 0.000 | 0.000 | 0.188 | 0.0126 |-0.0035 |0.0000 |0.0028 |0.0099 |
136.073 | 0.000 | 0.000 | 0.196 | 0.0130 |-0.0036 |0.0000 |0.0029 |0.0103 |
136.930 | 0.000 | 0.000 | 0.205 | 0.0135 |-0.0037 |0.0000 |0.0030 |0.0106 |
137.773 | 0.000 | 0.000 | 0.213 | 0.0139 |-0.0038 |0.0000 |0.0031 |0.0110 |
138.604 | 0.000 | 0.000 | 0.222 | 0.0143 |-0.0040 |0.0000 |0.0032 |0.0114 |
139.423 | 0.000 | 0.000 | 0.231 | 0.0147 |-0.0041 |0.0000 |0.0033 |0.0118 |
140.229 | 0.000 | 0.000 | 0.239 | 0.0151 |-0.0042 |0.0000 |0.0034 |0.0121 |
141.024 | 0.000 | 0.000 | 0.248 | 0.0155 |-0.0043 |0.0000 |0.0036 |0.0125 |
141.808 | 0.000 | 0.000 | 0.257 | 0.0160 |-0.0044 |0.0000 |0.0037 |0.0129 |
142.581 | 0.000 | 0.000 | 0.266 | 0.0164 |-0.0045 |0.0000 |0.0038 |0.0133 |
143.344 | 0.001 | 0.000 | 0.275 | 0.0168 |-0.0046 |0.0000 |0.0039 |0.0136 |
144.097 | 0.001 | 0.000 | 0.284 | 0.0172 |-0.0047 |0.0000 |0.0040 |0.0140 |
144.840 | 0.001 | 0.000 | 0.293 | 0.0176 |-0.0049 |0.0000 |0.0041 |0.0144 |
145.573 | 0.001 | 0.000 | 0.302 | 0.0180 |-0.0050 |0.0000 |0.0042 |0.0148 |
146.298 | 0.001 | 0.000 | 0.311 | 0.0185 |-0.0051 |0.0000 |0.0043 |0.0151 |
147.013 | 0.001 | 0.000 | 0.320 | 0.0189 |-0.0052 |0.0000 |0.0044 |0.0155 |
147.720 | 0.001 | 0.000 | 0.330 | 0.0193 |-0.0053 |0.0000 |0.0045 |0.0159 |
148.418 | 0.001 | 0.000 | 0.339 | 0.0197 |-0.0054 |0.0000 |0.0046 |0.0163 |
149.108 | 0.001 | 0.000 | 0.348 | 0.0201 |-0.0055 |0.0000 |0.0047 |0.0166 |
149.790 | 0.001 | 0.000 | 0.358 | 0.0205 |-0.0056 |0.0000 |0.0048 |0.0170 |
150.464 | 0.001 | 0.000 | 0.367 | 0.0209 |-0.0057 |0.0000 |0.0049 |0.0174 |
151.131 | 0.001 | 0.000 | 0.377 | 0.0213 |-0.0059 |0.0000 |0.0051 |0.0177 |
151.790 | 0.001 | 0.000 | 0.386 | 0.0218 |-0.0060 |0.0000 |0.0052 |0.0181 |
152.442 | 0.001 | 0.000 | 0.396 | 0.0222 |-0.0061 |0.0000 |0.0053 |0.0185 |
153.088 | 0.001 | 0.000 | 0.405 | 0.0226 |-0.0062 |0.0000 |0.0054 |0.0189 |
153.726 | 0.001 | 0.000 | 0.415 | 0.0230 |-0.0063 |0.0000 |0.0055 |0.0192 |
154.358 | 0.001 | 0.000 | 0.425 | 0.0234 |-0.0064 |0.0000 |0.0056 |0.0196 |
154.983 | 0.001 | 0.000 | 0.435 | 0.0238 |-0.0065 |0.0000 |0.0057 |0.0200 |
155.602 | 0.001 | 0.000 | 0.445 | 0.0242 |-0.0066 |0.0000 |0.0058 |0.0204 |
156.214 | 0.001 | 0.000 | 0.454 | 0.0246 |-0.0067 |0.0000 |0.0059 |0.0207 |
156.821 | 0.001 | 0.000 | 0.464 | 0.0251 |-0.0069 |0.0000 |0.0060 |0.0211 |
157.422 | 0.001 | 0.000 | 0.474 | 0.0255 |-0.0070 |0.0000 |0.0061 |0.0215 |
158.017 | 0.001 | 0.000 | 0.484 | 0.0259 |-0.0071 |0.0000 |0.0062 |0.0218 |
158.606 | 0.002 | 0.000 | 0.494 | 0.0263 |-0.0072 |0.0000 |0.0063 |0.0222 |
159.190 | 0.002 | 0.000 | 0.504 | 0.0267 |-0.0073 |0.0000 |0.0064 |0.0226 |
159.768 | 0.002 | 0.000 | 0.515 | 0.0271 |-0.0074 |0.0000 |0.0066 |0.0230 |
160.342 | 0.002 | 0.000 | 0.525 | 0.0275 |-0.0075 |0.0000 |0.0067 |0.0233 |
160.910 | 0.002 | 0.000 | 0.535 | 0.0279 |-0.0076 |0.0000 |0.0068 |0.0237 |
161.473 | 0.002 | 0.000 | 0.545 | 0.0283 |-0.0077 |0.0000 |0.0069 |0.0241 |
162.031 | 0.002 | 0.000 | 0.555 | 0.0288 |-0.0079 |0.0000 |0.0070 |0.0245 |
162.584 | 0.002 | 0.000 | 0.566 | 0.0292 |-0.0080 |0.0000 |0.0071 |0.0248 |
163.132 | 0.002 | 0.000 | 0.576 | 0.0296 |-0.0081 |0.0000 |0.0072 |0.0252 |
163.676 | 0.002 | 0.000 | 0.586 | 0.0300 |-0.0082 |0.0000 |0.0073 |0.0256 |
164.215 | 0.002 | 0.000 | 0.597 | 0.0304 |-0.0083 |0.0000 |0.0074 |0.0259 |
164.749 | 0.002 | 0.000 | 0.607 | 0.0308 |-0.0084 |0.0000 |0.0075 |0.0263 |
165.279 | 0.002 | 0.000 | 0.618 | 0.0312 |-0.0085 |0.0000 |0.0076 |0.0267 |
165.805 | 0.002 | 0.000 | 0.628 | 0.0316 |-0.0086 |0.0000 |0.0077 |0.0271 |
166.327 | 0.002 | 0.000 | 0.639 | 0.0320 |-0.0087 |0.0000 |0.0078 |0.0274 |
166.844 | 0.003 | 0.000 | 0.649 | 0.0324 |-0.0088 |0.0000 |0.0079 |0.0278 |
167.357 | 0.003 | 0.000 | 0.660 | 0.0328 |-0.0089 |0.0000 |0.0081 |0.0282 |
167.867 | 0.003 | 0.000 | 0.671 | 0.0332 |-0.0091 |0.0000 |0.0082 |0.0285 |
168.372 | 0.003 | 0.000 | 0.681 | 0.0337 |-0.0092 |0.0000 |0.0083 |0.0289 |
168.874 | 0.003 | 0.000 | 0.692 | 0.0341 |-0.0093 |0.0000 |0.0084 |0.0293 |
169.371 | 0.003 | 0.000 | 0.703 | 0.0345 |-0.0094 |0.0000 |0.0085 |0.0296 |
169.865 | 0.003 | 0.000 | 0.714 | 0.0349 |-0.0095 |0.0000 |0.0086 |0.0300 |
170.356 | 0.003 | 0.000 | 0.725 | 0.0353 |-0.0096 |0.0000 |0.0087 |0.0304 |
170.843 | 0.003 | 0.000 | 0.735 | 0.0357 |-0.0097 |0.0000 |0.0088 |0.0308 |
171.326 | 0.003 | 0.000 | 0.746 | 0.0361 |-0.0098 |0.0000 |0.0089 |0.0311 |
171.806 | 0.003 | 0.000 | 0.757 | 0.0365 |-0.0099 |0.0000 |0.0090 |0.0315 |
172.282 | 0.003 | 0.000 | 0.768 | 0.0369 |-0.0100 |0.0000 |0.0091 |0.0319 |
172.755 | 0.004 | 0.000 | 0.779 | 0.0373 |-0.0101 |0.0000 |0.0092 |0.0322 |
173.224 | 0.004 | 0.000 | 0.790 | 0.0377 |-0.0103 |0.0000 |0.0093 |0.0326 |
173.691 | 0.004 | 0.000 | 0.801 | 0.0381 |-0.0104 |0.0000 |0.0095 |0.0330 |
174.154 | 0.004 | 0.000 | 0.812 | 0.0385 |-0.0105 |0.0000 |0.0096 |0.0333 |
174.614 | 0.004 | 0.000 | 0.823 | 0.0389 |-0.0106 |0.0000 |0.0097 |0.0337 |
175.070 | 0.004 | 0.000 | 0.834 | 0.0393 |-0.0107 |0.0000 |0.0098 |0.0341 |
175.524 | 0.004 | 0.000 | 0.845 | 0.0398 |-0.0108 |0.0000 |0.0099 |0.0345 |
175.975 | 0.004 | 0.000 | 0.857 | 0.0402 |-0.0109 |0.0000 |0.0100 |0.0348 |
176.422 | 0.004 | 0.000 | 0.868 | 0.0406 |-0.0110 |0.0000 |0.0101 |0.0352 |
176.867 | 0.004 | 0.000 | 0.879 | 0.0410 |-0.0111 |0.0000 |0.0102 |0.0356 |
177.309 | 0.004 | 0.000 | 0.890 | 0.0414 |-0.0112 |0.0000 |0.0103 |0.0359 |
177.748 | 0.005 | 0.000 | 0.902 | 0.0418 |-0.0113 |0.0000 |0.0104 |0.0363 |
178.185 | 0.005 | 0.000 | 0.913 | 0.0422 |-0.0115 |0.0000 |0.0105 |0.0367 |
178.618 | 0.005 | 0.000 | 0.924 | 0.0426 |-0.0116 |0.0000 |0.0106 |0.0370 |
179.049 | 0.005 | 0.000 | 0.936 | 0.0430 |-0.0117 |0.0000 |0.0107 |0.0374 |
179.477 | 0.005 | 0.000 | 0.947 | 0.0434 |-0.0118 |0.0000 |0.0108 |0.0378 |
179.903 | 0.005 | 0.000 | 0.958 | 0.0438 |-0.0119 |0.0000 |0.0110 |0.0381 |
180.326 | 0.005 | 0.000 | 0.970 | 0.0442 |-0.0120 |0.0000 |0.0111 |0.0385 |
180.746 | 0.005 | 0.000 | 0.981 | 0.0446 |-0.0121 |0.0000 |0.0112 |0.0389 |
181.164 | 0.005 | 0.000 | 0.993 | 0.0450 |-0.0122 |0.0000 |0.0113 |0.0392 |
181.579 | 0.006 | 0.000 | 1.004 | 0.0454 |-0.0123 |0.0000 |0.0114 |0.0396 |
181.992 | 0.006 | 0.000 | 1.016 | 0.0458 |-0.0124 |0.0000 |0.0115 |0.0400 |
182.403 | 0.006 | 0.000 | 1.027 | 0.0462 |-0.0125 |0.0000 |0.0116 |0.0403 |
182.811 | 0.006 | 0.000 | 1.039 | 0.0466 |-0.0126 |0.0000 |0.0117 |0.0407 |
183.216 | 0.006 | 0.000 | 1.050 | 0.0470 |-0.0127 |0.0000 |0.0118 |0.0411 |
183.620 | 0.006 | 0.000 | 1.062 | 0.0474 |-0.0129 |0.0000 |0.0119 |0.0414 |
184.021 | 0.006 | 0.000 | 1.074 | 0.0478 |-0.0130 |0.0000 |0.0120 |0.0418 |
184.419 | 0.006 | 0.000 | 1.085 | 0.0482 |-0.0131 |0.0000 |0.0121 |0.0422 |
184.816 | 0.007 | 0.000 | 1.097 | 0.0486 |-0.0132 |0.0000 |0.0122 |0.0425 |
185.210 | 0.007 | 0.000 | 1.109 | 0.0490 |-0.0133 |0.0000 |0.0124 |0.0429 |
185.602 | 0.007 | 0.000 | 1.121 | 0.0494 |-0.0134 |0.0000 |0.0125 |0.0433 |
185.992 | 0.007 | 0.000 | 1.132 | 0.0498 |-0.0135 |0.0000 |0.0126 |0.0436 |
186.380 | 0.007 | 0.000 | 1.144 | 0.0502 |-0.0136 |0.0000 |0.0127 |0.0440 |
186.765 | 0.007 | 0.000 | 1.156 | 0.0506 |-0.0137 |0.0000 |0.0128 |0.0444 |
187.149 | 0.007 | 0.000 | 1.168 | 0.0511 |-0.0138 |0.0000 |0.0129 |0.0447 |
187.530 | 0.007 | 0.000 | 1.180 | 0.0515 |-0.0139 |0.0000 |0.0130 |0.0451 |
187.910 | 0.008 | 0.000 | 1.191 | 0.0519 |-0.0140 |0.0000 |0.0131 |0.0455 |
188.287 | 0.008 | 0.000 | 1.203 | 0.0523 |-0.0141 |0.0000 |0.0132 |0.0458 |
188.663 | 0.008 | 0.000 | 1.215 | 0.0527 |-0.0143 |0.0000 |0.0133 |0.0462 |
189.036 | 0.008 | 0.000 | 1.227 | 0.0531 |-0.0144 |0.0000 |0.0134 |0.0466 |
189.408 | 0.008 | 0.000 | 1.239 | 0.0535 |-0.0145 |0.0000 |0.0135 |0.0469 |
189.778 | 0.008 | 0.000 | 1.251 | 0.0539 |-0.0146 |0.0000 |0.0136 |0.0473 |
190.146 | 0.008 | 0.000 | 1.263 | 0.0543 |-0.0147 |0.0000 |0.0137 |0.0477 |
190.512 | 0.009 | 0.000 | 1.275 | 0.0547 |-0.0148 |0.0000 |0.0139 |0.0480 |
190.876 | 0.009 | 0.000 | 1.287 | 0.0551 |-0.0149 |0.0000 |0.0140 |0.0484 |
191.238 | 0.009 | 0.000 | 1.299 | 0.0555 |-0.0150 |0.0000 |0.0141 |0.0488 |
191.599 | 0.009 | 0.000 | 1.311 | 0.0559 |-0.0151 |0.0000 |0.0142 |0.0491 |
191.957 | 0.009 | 0.000 | 1.323 | 0.0563 |-0.0152 |0.0000 |0.0143 |0.0495 |
192.314 | 0.009 | 0.000 | 1.335 | 0.0567 |-0.0153 |0.0000 |0.0144 |0.0499 |
192.670 | 0.009 | 0.000 | 1.347 | 0.0571 |-0.0154 |0.0000 |0.0145 |0.0502 |
193.023 | 0.010 | 0.000 | 1.360 | 0.0575 |-0.0155 |0.0000 |0.0146 |0.0506 |
193.375 | 0.010 | 0.000 | 1.372 | 0.0579 |-0.0156 |0.0000 |0.0147 |0.0510 |
193.725 | 0.010 | 0.000 | 1.384 | 0.0583 |-0.0157 |0.0000 |0.0148 |0.0513 |
194.074 | 0.010 | 0.000 | 1.396 | 0.0587 |-0.0159 |0.0000 |0.0149 |0.0517 |
194.420 | 0.010 | 0.000 | 1.408 | 0.0591 |-0.0160 |0.0000 |0.0150 |0.0521 |
194.765 | 0.010 | 0.000 | 1.421 | 0.0595 |-0.0161 |0.0000 |0.0151 |0.0524 |
195.109 | 0.011 | 0.000 | 1.433 | 0.0599 |-0.0162 |0.0000 |0.0153 |0.0528 |
195.451 | 0.011 | 0.000 | 1.445 | 0.0603 |-0.0163 |0.0000 |0.0154 |0.0531 |
195.791 | 0.011 | 0.000 | 1.457 | 0.0607 |-0.0164 |0.0000 |0.0155 |0.0535 |
196.130 | 0.011 | 0.000 | 1.470 | 0.0610 |-0.0165 |0.0000 |0.0156 |0.0539 |
196.467 | 0.011 | 0.000 | 1.482 | 0.0614 |-0.0166 |0.0000 |0.0157 |0.0542 |
196.803 | 0.011 | 0.000 | 1.494 | 0.0618 |-0.0167 |0.0000 |0.0158 |0.0546 |
197.137 | 0.012 | 0.000 | 1.507 | 0.0622 |-0.0168 |0.0000 |0.0159 |0.0550 |
197.469 | 0.012 | 0.000 | 1.519 | 0.0626 |-0.0169 |0.0000 |0.0160 |0.0553 |
197.801 | 0.012 | 0.000 | 1.531 | 0.0630 |-0.0170 |0.0000 |0.0161 |0.0557 |
198.130 | 0.012 | 0.000 | 1.544 | 0.0634 |-0.0171 |0.0000 |0.0162 |0.0561 |
198.458 | 0.012 | 0.000 | 1.556 | 0.0638 |-0.0172 |0.0000 |0.0163 |0.0564 |
198.785 | 0.012 | 0.000 | 1.569 | 0.0642 |-0.0173 |0.0000 |0.0164 |0.0568 |
199.110 | 0.013 | 0.000 | 1.581 | 0.0646 |-0.0174 |0.0000 |0.0165 |0.0571 |
199.434 | 0.013 | 0.000 | 1.594 | 0.0650 |-0.0176 |0.0000 |0.0167 |0.0575 |
199.757 | 0.013 | 0.000 | 1.606 | 0.0654 |-0.0177 |0.0000 |0.0168 |0.0579 |
200.078 | 0.013 | 0.000 | 1.619 | 0.0658 |-0.0178 |0.0000 |0.0169 |0.0582 |
200.398 | 0.013 | 0.000 | 1.631 | 0.0662 |-0.0179 |0.0000 |0.0170 |0.0586 |
200.716 | 0.013 | 0.000 | 1.644 | 0.0666 |-0.0180 |0.0000 |0.0171 |0.0590 |
201.033 | 0.014 | 0.000 | 1.656 | 0.0670 |-0.0181 |0.0000 |0.0172 |0.0593 |
201.349 | 0.014 | 0.000 | 1.669 | 0.0674 |-0.0182 |0.0000 |0.0173 |0.0597 |
201.663 | 0.014 | 0.000 | 1.681 | 0.0678 |-0.0183 |0.0000 |0.0174 |0.0600 |
201.977 | 0.014 | 0.000 | 1.694 | 0.0682 |-0.0184 |0.0000 |0.0175 |0.0604 |
202.288 | 0.014 | 0.000 | 1.707 | 0.0686 |-0.0185 |0.0000 |0.0176 |0.0608 |
202.599 | 0.015 | 0.000 | 1.719 | 0.0690 |-0.0186 |0.0000 |0.0177 |0.0611 |
202.908 | 0.015 | 0.000 | 1.732 | 0.0694 |-0.0187 |0.0000 |0.0178 |0.0615 |
203.216 | 0.015 | 0.000 | 1.745 | 0.0698 |-0.0188 |0.0000 |0.0179 |0.0619 |
203.523 | 0.015 | 0.000 | 1.757 | 0.0702 |-0.0189 |0.0000 |0.0180 |0.0622 |
203.828 | 0.015 | 0.000 | 1.770 | 0.0706 |-0.0190 |0.0000 |0.0182 |0.0626 |
204.133 | 0.016 | 0.000 | 1.783 | 0.0710 |-0.0191 |0.0000 |0.0183 |0.0629 |
204.436 | 0.016 | 0.000 | 1.795 | 0.0714 |-0.0192 |0.0000 |0.0184 |0.0633 |
204.738 | 0.016 | 0.000 | 1.808 | 0.0718 |-0.0193 |0.0000 |0.0185 |0.0637 |
205.038 | 0.016 | 0.000 | 1.821 | 0.0722 |-0.0194 |0.0000 |0.0186 |0.0640 |
205.338 | 0.016 | 0.000 | 1.834 | 0.0725 |-0.0196 |0.0000 |0.0187 |0.0644 |
205.636 | 0.017 | 0.000 | 1.846 | 0.0729 |-0.0197 |0.0000 |0.0188 |0.0648 |
205.933 | 0.017 | 0.000 | 1.859 | 0.0733 |-0.0198 |0.0000 |0.0189 |0.0651 |
206.229 | 0.017 | 0.000 | 1.872 | 0.0737 |-0.0199 |0.0000 |0.0190 |0.0655 |
206.524 | 0.017 | 0.000 | 1.885 | 0.0741 |-0.0200 |0.0000 |0.0191 |0.0658 |
206.818 | 0.017 | 0.000 | 1.898 | 0.0745 |-0.0201 |0.0000 |0.0192 |0.0662 |
207.110 | 0.018 | 0.000 | 1.910 | 0.0749 |-0.0202 |0.0000 |0.0193 |0.0666 |
207.402 | 0.018 | 0.000 | 1.923 | 0.0753 |-0.0203 |0.0000 |0.0194 |0.0669 |
207.692 | 0.018 | 0.000 | 1.936 | 0.0757 |-0.0204 |0.0000 |0.0196 |0.0673 |
207.981 | 0.018 | 0.000 | 1.949 | 0.0761 |-0.0205 |0.0000 |0.0197 |0.0676 |
208.270 | 0.018 | 0.000 | 1.962 | 0.0765 |-0.0206 |0.0000 |0.0198 |0.0680 |
208.557 | 0.019 | 0.000 | 1.975 | 0.0769 |-0.0207 |0.0000 |0.0199 |0.0684 |
208.843 | 0.019 | 0.000 | 1.988 | 0.0773 |-0.0208 |0.0000 |0.0200 |0.0687 |
209.128 | 0.019 | 0.000 | 2.001 | 0.0777 |-0.0209 |0.0000 |0.0201 |0.0691 |
209.412 | 0.019 | 0.000 | 2.014 | 0.0781 |-0.0210 |0.0000 |0.0202 |0.0694 |
209.694 | 0.020 | 0.000 | 2.027 | 0.0785 |-0.0211 |0.0000 |0.0203 |0.0698 |
209.976 | 0.020 | 0.000 | 2.040 | 0.0788 |-0.0212 |0.0000 |0.0204 |0.0702 |
210.257 | 0.020 | 0.000 | 2.053 | 0.0792 |-0.0213 |0.0000 |0.0205 |0.0705 |
210.537 | 0.020 | 0.000 | 2.066 | 0.0796 |-0.0214 |0.0000 |0.0206 |0.0709 |
210.816 | 0.020 | 0.000 | 2.079 | 0.0800 |-0.0215 |0.0000 |0.0207 |0.0712 |
211.093 | 0.021 | 0.000 | 2.092 | 0.0804 |-0.0216 |0.0000 |0.0208 |0.0716 |
211.370 | 0.021 | 0.000 | 2.105 | 0.0808 |-0.0217 |0.0000 |0.0210 |0.0720 |
211.646 | 0.021 | 0.000 | 2.118 | 0.0812 |-0.0219 |0.0000 |0.0211 |0.0723 |
211.921 | 0.021 | 0.000 | 2.131 | 0.0816 |-0.0220 |0.0000 |0.0212 |0.0727 |
212.194 | 0.022 | 0.000 | 2.144 | 0.0820 |-0.0221 |0.0000 |0.0213 |0.0730 |
212.467 | 0.022 | 0.000 | 2.157 | 0.0824 |-0.0222 |0.0000 |0.0214 |0.0734 |
212.739 | 0.022 | 0.000 | 2.170 | 0.0828 |-0.0223 |0.0000 |0.0215 |0.0737 |
213.010 | 0.022 | 0.000 | 2.183 | 0.0832 |-0.0224 |0.0000 |0.0216 |0.0741 |
213.280 | 0.023 | 0.000 | 2.196 | 0.0836 |-0.0225 |0.0000 |0.0217 |0.0745 |
213.549 | 0.023 | 0.000 | 2.209 | 0.0839 |-0.0226 |0.0000 |0.0218 |0.0748 |
213.818 | 0.023 | 0.000 | 2.222 | 0.0843 |-0.0227 |0.0000 |0.0219 |0.0752 |
214.085 | 0.023 | 0.000 | 2.236 | 0.0847 |-0.0228 |0.0000 |0.0220 |0.0755 |
214.351 | 0.024 | 0.000 | 2.249 | 0.0851 |-0.0229 |0.0000 |0.0221 |0.0759 |
214.617 | 0.024 | 0.000 | 2.262 | 0.0855 |-0.0230 |0.0000 |0.0222 |0.0763 |
214.881 | 0.024 | 0.000 | 2.275 | 0.0859 |-0.0231 |0.0000 |0.0224 |0.0766 |
215.145 | 0.024 | 0.000 | 2.288 | 0.0863 |-0.0232 |0.0000 |0.0225 |0.0770 |
215.408 | 0.025 | 0.000 | 2.302 | 0.0867 |-0.0233 |0.0000 |0.0226 |0.0773 |
215.670 | 0.025 | 0.000 | 2.315 | 0.0871 |-0.0234 |0.0000 |0.0227 |0.0777 |
215.931 | 0.025 | 0.000 | 2.328 | 0.0875 |-0.0235 |0.0000 |0.0228 |0.0780 |
216.191 | 0.025 | 0.000 | 2.341 | 0.0879 |-0.0236 |0.0000 |0.0229 |0.0784 |
216.450 | 0.026 | 0.000 | 2.354 | 0.0882 |-0.0237 |0.0000 |0.0230 |0.0788 |
216.709 | 0.026 | 0.000 | 2.368 | 0.0886 |-0.0238 |0.0000 |0.0231 |0.0791 |
216.966 | 0.026 | 0.000 | 2.381 | 0.0890 |-0.0239 |0.0000 |0.0232 |0.0795 |
217.223 | 0.026 | 0.000 | 2.394 | 0.0894 |-0.0240 |0.0000 |0.0233 |0.0798 |
217.479 | 0.027 | 0.000 | 2.408 | 0.0898 |-0.0241 |0.0000 |0.0234 |0.0802 |
217.734 | 0.027 | 0.000 | 2.421 | 0.0902 |-0.0242 |0.0000 |0.0235 |0.0805 |
217.989 | 0.027 | 0.000 | 2.434 | 0.0906 |-0.0243 |0.0000 |0.0236 |0.0809 |
218.242 | 0.027 | 0.000 | 2.448 | 0.0910 |-0.0244 |0.0000 |0.0237 |0.0813 |
218.495 | 0.028 | 0.000 | 2.461 | 0.0914 |-0.0245 |0.0000 |0.0239 |0.0816 |
218.747 | 0.028 | 0.000 | 2.474 | 0.0917 |-0.0246 |0.0000 |0.0240 |0.0820 |
218.998 | 0.028 | 0.000 | 2.488 | 0.0921 |-0.0248 |0.0000 |0.0241 |0.0823 |
219.248 | 0.029 | 0.000 | 2.501 | 0.0925 |-0.0249 |0.0000 |0.0242 |0.0827 |
219.498 | 0.029 | 0.000 | 2.514 | 0.0929 |-0.0250 |0.0000 |0.0243 |0.0830 |
219.746 | 0.029 | 0.000 | 2.528 | 0.0933 |-0.0251 |0.0000 |0.0244 |0.0834 |
219.994 | 0.029 | 0.000 | 2.541 | 0.0937 |-0.0252 |0.0000 |0.0245 |0.0838 |
220.241 | 0.030 | 0.000 | 2.554 | 0.0941 |-0.0253 |0.0000 |0.0246 |0.0841 |
220.488 | 0.030 | 0.000 | 2.568 | 0.0945 |-0.0254 |0.0000 |0.0247 |0.0845 |
220.734 | 0.030 | 0.000 | 2.581 | 0.0949 |-0.0255 |0.0000 |0.0248 |0.0848 |
220.978 | 0.030 | 0.000 | 2.595 | 0.0952 |-0.0256 |0.0000 |0.0249 |0.0852 |
221.223 | 0.031 | 0.000 | 2.608 | 0.0956 |-0.0257 |0.0000 |0.0250 |0.0855 |
221.466 | 0.031 | 0.000 | 2.622 | 0.0960 |-0.0258 |0.0000 |0.0251 |0.0859 |
221.709 | 0.031 | 0.000 | 2.635 | 0.0964 |-0.0259 |0.0000 |0.0253 |0.0862 |
221.951 | 0.032 | 0.000 | 2.649 | 0.0968 |-0.0260 |0.0000 |0.0254 |0.0866 |
222.192 | 0.032 | 0.000 | 2.662 | 0.0972 |-0.0261 |0.0000 |0.0255 |0.0870 |
222.432 | 0.032 | 0.000 | 2.676 | 0.0976 |-0.0262 |0.0000 |0.0256 |0.0873 |
222.672 | 0.032 | 0.000 | 2.689 | 0.0980 |-0.0263 |0.0000 |0.0257 |0.0877 |
222.911 | 0.033 | 0.000 | 2.703 | 0.0983 |-0.0264 |0.0000 |0.0258 |0.0880 |
223.149 | 0.033 | 0.000 | 2.716 | 0.0987 |-0.0265 |0.0000 |0.0259 |0.0884 |
223.387 | 0.033 | 0.000 | 2.730 | 0.0991 |-0.0266 |0.0000 |0.0260 |0.0887 |
223.624 | 0.034 | 0.000 | 2.743 | 0.0995 |-0.0267 |0.0000 |0.0261 |0.0891 |
223.860 | 0.034 | 0.000 | 2.757 | 0.0999 |-0.0268 |0.0000 |0.0262 |0.0894 |
224.096 | 0.034 | 0.000 | 2.770 | 0.1003 |-0.0269 |0.0000 |0.0263 |0.0898 |
224.331 | 0.035 | 0.000 | 2.784 | 0.1007 |-0.0270 |0.0000 |0.0264 |0.0901 |
224.565 | 0.035 | 0.000 | 2.797 | 0.1011 |-0.0271 |0.0000 |0.0265 |0.0905 |
224.798 | 0.035 | 0.000 | 2.811 | 0.1014 |-0.0272 |0.0000 |0.0267 |0.0909 |
225.031 | 0.035 | 0.000 | 2.825 | 0.1018 |-0.0273 |0.0000 |0.0268 |0.0912 |
225.263 | 0.036 | 0.000 | 2.838 | 0.1022 |-0.0274 |0.0000 |0.0269 |0.0916 |
225.495 | 0.036 | 0.000 | 2.852 | 0.1026 |-0.0275 |0.0000 |0.0270 |0.0919 |
225.725 | 0.036 | 0.000 | 2.865 | 0.1030 |-0.0276 |0.0000 |0.0271 |0.0923 |
225.956 | 0.037 | 0.000 | 2.879 | 0.1034 |-0.0277 |0.0000 |0.0272 |0.0926 |
226.185 | 0.037 | 0.000 | 2.893 | 0.1038 |-0.0278 |0.0000 |0.0273 |0.0930 |
226.414 | 0.037 | 0.000 | 2.906 | 0.1041 |-0.0279 |0.0000 |0.0274 |0.0933 |
226.642 | 0.038 | 0.000 | 2.920 | 0.1045 |-0.0280 |0.0000 |0.0275 |0.0937 |
226.870 | 0.038 | 0.000 | 2.934 | 0.1049 |-0.0281 |0.0000 |0.0276 |0.0940 |
227.097 | 0.038 | 0.000 | 2.947 | 0.1053 |-0.0282 |0.0000 |0.0277 |0.0944 |
227.323 | 0.039 | 0.000 | 2.961 | 0.1057 |-0.0283 |0.0000 |0.0278 |0.0947 |
227.549 | 0.039 | 0.000 | 2.975 | 0.1061 |-0.0284 |0.0000 |0.0279 |0.0951 |
227.774 | 0.039 | 0.000 | 2.988 | 0.1065 |-0.0285 |0.0000 |0.0281 |0.0955 |
227.998 | 0.040 | 0.000 | 3.002 | 0.1068 |-0.0286 |0.0000 |0.0282 |0.0958 |
228.222 | 0.040 | 0.000 | 3.016 | 0.1072 |-0.0287 |0.0000 |0.0283 |0.0962 |
228.445 | 0.040 | 0.000 | 3.029 | 0.1076 |-0.0288 |0.0000 |0.0284 |0.0965 |
228.668 | 0.040 | 0.000 | 3.043 | 0.1080 |-0.0289 |0.0000 |0.0285 |0.0969 |
228.890 | 0.041 | 0.000 | 3.057 | 0.1084 |-0.0290 |0.0000 |0.0286 |0.0972 |
229.111 | 0.041 | 0.000 | 3.071 | 0.1088 |-0.0291 |0.0000 |0.0287 |0.0976 |
229.332 | 0.041 | 0.000 | 3.084 | 0.1091 |-0.0292 |0.0000 |0.0288 |0.0979 |
229.552 | 0.042 | 0.000 | 3.098 | 0.1095 |-0.0293 |0.0000 |0.0289 |0.0983 |
229.771 | 0.042 | 0.000 | 3.112 | 0.1099 |-0.0295 |0.0000 |0.0290 |0.0986 |
229.990 | 0.042 | 0.000 | 3.126 | 0.1103 |-0.0296 |0.0000 |0.0291 |0.0990 |
230.209 | 0.043 | 0.000 | 3.139 | 0.1107 |-0.0297 |0.0000 |0.0292 |0.0993 |
230.427 | 0.043 | 0.000 | 3.153 | 0.1111 |-0.0298 |0.0000 |0.0293 |0.0997 |
230.644 | 0.043 | 0.000 | 3.167 | 0.1114 |-0.0299 |0.0000 |0.0294 |0.1000 |
230.860 | 0.044 | 0.000 | 3.181 | 0.1118 |-0.0300 |0.0000 |0.0296 |0.1004 |
231.077 | 0.044 | 0.000 | 3.194 | 0.1122 |-0.0301 |0.0000 |0.0297 |0.1007 |
231.292 | 0.045 | 0.000 | 3.208 | 0.1126 |-0.0302 |0.0000 |0.0298 |0.1011 |
231.507 | 0.045 | 0.000 | 3.222 | 0.1130 |-0.0303 |0.0000 |0.0299 |0.1014 |
231.721 | 0.045 | 0.000 | 3.236 | 0.1134 |-0.0304 |0.0000 |0.0300 |0.1018 |
231.935 | 0.046 | 0.000 | 3.250 | 0.1137 |-0.0305 |0.0000 |0.0301 |0.1021 |
232.149 | 0.046 | 0.000 | 3.264 | 0.1141 |-0.0306 |0.0000 |0.0302 |0.1025 |
232.361 | 0.046 | 0.000 | 3.277 | 0.1145 |-0.0307 |0.0000 |0.0303 |0.1028 |
232.573 | 0.047 | 0.000 | 3.291 | 0.1149 |-0.0308 |0.0000 |0.0304 |0.1032 |
232.785 | 0.047 | 0.000 | 3.305 | 0.1153 |-0.0309 |0.0000 |0.0305 |0.1036 |
232.996 | 0.047 | 0.000 | 3.319 | 0.1157 |-0.0310 |0.0000 |0.0306 |0.1039 |
233.207 | 0.048 | 0.000 | 3.333 | 0.1160 |-0.0311 |0.0000 |0.0307 |0.1043 |
233.417 | 0.048 | 0.000 | 3.347 | 0.1164 |-0.0312 |0.0000 |0.0308 |0.1046 |
233.626 | 0.048 | 0.000 | 3.361 | 0.1168 |-0.0313 |0.0000 |0.0310 |0.1050 |
233.835 | 0.049 | 0.000 | 3.374 | 0.1172 |-0.0314 |0.0000 |0.0311 |0.1053 |
234.044 | 0.049 | 0.000 | 3.388 | 0.1176 |-0.0315 |0.0000 |0.0312 |0.1057 |
234.252 | 0.049 | 0.000 | 3.402 | 0.1179 |-0.0316 |0.0000 |0.0313 |0.1060 |
234.459 | 0.050 | 0.000 | 3.416 | 0.1183 |-0.0317 |0.0000 |0.0314 |0.1064 |
234.666 | 0.050 | 0.000 | 3.430 | 0.1187 |-0.0318 |0.0000 |0.0315 |0.1067 |
234.872 | 0.050 | 0.000 | 3.444 | 0.1191 |-0.0319 |0.0000 |0.0316 |0.1071 |
235.078 | 0.051 | 0.000 | 3.458 | 0.1195 |-0.0320 |0.0000 |0.0317 |0.1074 |
235.283 | 0.051 | 0.000 | 3.472 | 0.1199 |-0.0321 |0.0000 |0.0318 |0.1078 |
235.488 | 0.052 | 0.000 | 3.486 | 0.1202 |-0.0322 |0.0000 |0.0319 |0.1081 |
235.692 | 0.052 | 0.000 | 3.500 | 0.1206 |-0.0323 |0.0000 |0.0320 |0.1085 |
235.896 | 0.052 | 0.000 | 3.514 | 0.1210 |-0.0324 |0.0000 |0.0321 |0.1088 |
236.099 | 0.053 | 0.000 | 3.528 | 0.1214 |-0.0325 |0.0000 |0.0322 |0.1092 |
236.302 | 0.053 | 0.000 | 3.542 | 0.1218 |-0.0326 |0.0000 |0.0324 |0.1095 |
236.505 | 0.053 | 0.000 | 3.556 | 0.1221 |-0.0327 |0.0000 |0.0325 |0.1099 |
236.706 | 0.054 | 0.000 | 3.570 | 0.1225 |-0.0328 |0.0000 |0.0326 |0.1102 |
236.908 | 0.054 | 0.000 | 3.584 | 0.1229 |-0.0329 |0.0000 |0.0327 |0.1106 |
237.109 | 0.055 | 0.000 | 3.598 | 0.1233 |-0.0330 |0.0000 |0.0328 |0.1109 |
237.309 | 0.055 | 0.000 | 3.612 | 0.1237 |-0.0331 |0.0000 |0.0329 |0.1112 |
237.509 | 0.055 | 0.000 | 3.626 | 0.1240 |-0.0332 |0.0000 |0.0330 |0.1116 |
237.708 | 0.056 | 0.000 | 3.640 | 0.1244 |-0.0333 |0.0000 |0.0331 |0.1119 |
237.907 | 0.056 | 0.000 | 3.654 | 0.1248 |-0.0334 |0.0000 |0.0332 |0.1123 |
238.106 | 0.056 | 0.000 | 3.668 | 0.1252 |-0.0335 |0.0000 |0.0333 |0.1126 |
238.304 | 0.057 | 0.000 | 3.682 | 0.1256 |-0.0336 |0.0000 |0.0334 |0.1130 |
238.501 | 0.057 | 0.000 | 3.696 | 0.1259 |-0.0337 |0.0000 |0.0335 |0.1133 |
238.698 | 0.058 | 0.000 | 3.710 | 0.1263 |-0.0338 |0.0000 |0.0336 |0.1137 |
238.895 | 0.058 | 0.000 | 3.724 | 0.1267 |-0.0339 |0.0000 |0.0337 |0.1140 |
239.091 | 0.058 | 0.000 | 3.738 | 0.1271 |-0.0340 |0.0000 |0.0339 |0.1144 |
239.287 | 0.059 | 0.000 | 3.752 | 0.1275 |-0.0341 |0.0000 |0.0340 |0.1147 |
239.482 | 0.059 | 0.000 | 3.766 | 0.1278 |-0.0342 |0.0000 |0.0341 |0.1151 |
239.677 | 0.060 | 0.000 | 3.780 | 0.1282 |-0.0343 |0.0000 |0.0342 |0.1154 |
239.871 | 0.060 | 0.000 | 3.794 | 0.1286 |-0.0344 |0.0000 |0.0343 |0.1158 |
240.065 | 0.060 | 0.000 | 3.808 | 0.1290 |-0.0345 |0.0000 |0.0344 |0.1161 |
240.258 | 0.061 | 0.000 | 3.822 | 0.1294 |-0.0346 |0.0000 |0.0345 |0.1165 |
240.451 | 0.061 | 0.000 | 3.836 | 0.1297 |-0.0347 |0.0000 |0.0346 |0.1168 |
240.644 | 0.062 | 0.000 | 3.850 | 0.1301 |-0.0348 |0.0000 |0.0347 |0.1172 |
240.836 | 0.062 | 0.000 | 3.865 | 0.1305 |-0.0349 |0.0000 |0.0348 |0.1175 |
241.027 | 0.062 | 0.000 | 3.879 | 0.1309 |-0.0350 |0.0000 |0.0349 |0.1179 |
241.218 | 0.063 | 0.000 | 3.893 | 0.1312 |-0.0351 |0.0000 |0.0350 |0.1182 |
241.409 | 0.063 | 0.000 | 3.907 | 0.1316 |-0.0352 |0.0000 |0.0351 |0.1186 |
241.600 | 0.064 | 0.000 | 3.921 | 0.1320 |-0.0353 |0.0000 |0.0353 |0.1189 |
241.790 | 0.064 | 0.000 | 3.935 | 0.1324 |-0.0354 |0.0000 |0.0354 |0.1193 |
241.792 | 0.064 | 0.000 | 3.935 | 0.1324 |-0.0354 |0.0000 |0.0354 |0.1193 |
