Test angle: 15
Node_A_151 coordinates: initialX | initialY | initialZ 
75.0000 | 0.0000 | 0.0000 | 
Node_B_1051 coordinates: initialX | initialY | initialZ 
-75.0000 | 0.0000 | 0.0000 | 
Node_C_606 coordinates: initialX | initialY | initialZ 
0.0000 | 5.0000 | 0.0000 | 
Node_D_1256 coordinates: initialX | initialY | initialZ 
0.0000 | -5.0000 | 0.0000 | 
  UA1  |  UA2  |  UA3 | UB1 | UB2 | UB3 | UC1 | UC2 | UC3 | UD1 | UD2 | UD3 
0.0000 | 0.0000 | 0.0000 | 0.0000 | 0.0000 | 0.0000 | 0.0000 | 0.0000 | 0.0000 | 0.0000 | 0.0000 | 0.0000 | 
0.0014 | -0.0000 | 0.0000 | 0.0004 | -0.0000 | 0.0000 | 0.0009 | -0.0000 | 0.0000 | 0.0009 | -0.0000 | 0.0000 | 
0.0029 | -0.0000 | -0.0000 | 0.0007 | -0.0000 | -0.0000 | 0.0018 | -0.0001 | -0.0000 | 0.0018 | -0.0000 | -0.0000 | 
0.0051 | -0.0001 | 0.0000 | 0.0013 | -0.0001 | 0.0000 | 0.0032 | -0.0001 | 0.0000 | 0.0032 | -0.0000 | 0.0000 | 
0.0083 | -0.0001 | -0.0000 | 0.0021 | -0.0001 | -0.0000 | 0.0052 | -0.0002 | -0.0000 | 0.0052 | -0.0000 | -0.0000 | 
0.0132 | -0.0001 | 0.0000 | 0.0033 | -0.0001 | 0.0000 | 0.0083 | -0.0002 | 0.0000 | 0.0083 | -0.0000 | 0.0000 | 
0.0205 | -0.0002 | -0.0000 | 0.0052 | -0.0002 | -0.0000 | 0.0128 | -0.0004 | -0.0000 | 0.0128 | -0.0000 | -0.0000 | 
0.0314 | -0.0003 | 0.0000 | 0.0080 | -0.0003 | 0.0000 | 0.0197 | -0.0006 | 0.0000 | 0.0197 | -0.0001 | 0.0000 | 
0.0479 | -0.0005 | -0.0000 | 0.0122 | -0.0005 | -0.0000 | 0.0300 | -0.0009 | -0.0000 | 0.0300 | -0.0001 | -0.0000 | 
0.0726 | -0.0008 | 0.0000 | 0.0184 | -0.0008 | 0.0000 | 0.0455 | -0.0014 | 0.0000 | 0.0455 | -0.0002 | 0.0000 | 
0.1096 | -0.0012 | -0.0000 | 0.0278 | -0.0012 | -0.0000 | 0.0687 | -0.0021 | -0.0000 | 0.0687 | -0.0003 | -0.0000 | 
0.1651 | -0.0018 | 0.0000 | 0.0419 | -0.0018 | 0.0000 | 0.1035 | -0.0031 | 0.0000 | 0.1035 | -0.0004 | 0.0000 | 
0.2373 | -0.0025 | -0.0000 | 0.0602 | -0.0025 | -0.0000 | 0.1487 | -0.0045 | -0.0000 | 0.1487 | -0.0006 | -0.0000 | 
0.3094 | -0.0024 | -0.0000 | 0.0786 | -0.0042 | -0.0000 | 0.1939 | -0.0058 | -0.0000 | 0.1941 | -0.0007 | -0.0000 | 
0.3293 | -0.0022 | 0.0000 | 0.0814 | -0.0045 | -0.0000 | 0.2051 | -0.0060 | 0.0000 | 0.2056 | -0.0006 | 0.0000 | 
0.3489 | -0.0018 | -0.0000 | 0.0843 | -0.0049 | 0.0000 | 0.2162 | -0.0062 | 0.0000 | 0.2170 | -0.0005 | -0.0000 | 
0.3686 | -0.0014 | -0.0000 | 0.0873 | -0.0053 | -0.0000 | 0.2274 | -0.0063 | 0.0000 | 0.2285 | -0.0003 | -0.0000 | 
0.3980 | -0.0007 | 0.0000 | 0.0918 | -0.0060 | -0.0000 | 0.2441 | -0.0066 | -0.0000 | 0.2458 | -0.0001 | -0.0000 | 
0.4420 | 0.0002 | -0.0000 | 0.0987 | -0.0070 | 0.0000 | 0.2692 | -0.0069 | 0.0000 | 0.2716 | 0.0002 | -0.0000 | 
0.5079 | 0.0016 | 0.0000 | 0.1092 | -0.0085 | 0.0000 | 0.3068 | -0.0075 | 0.0000 | 0.3103 | 0.0007 | -0.0000 | 
0.5858 | 0.0033 | 0.0000 | 0.1219 | -0.0102 | 0.0000 | 0.3514 | -0.0081 | 0.0000 | 0.3562 | 0.0012 | -0.0000 | 
0.6635 | 0.0049 | -0.0000 | 0.1346 | -0.0120 | -0.0000 | 0.3960 | -0.0088 | 0.0000 | 0.4021 | 0.0017 | -0.0000 | 
0.7412 | 0.0065 | -0.0000 | 0.1475 | -0.0136 | -0.0000 | 0.4406 | -0.0094 | 0.0000 | 0.4480 | 0.0023 | -0.0000 | 
0.8187 | 0.0080 | 0.0000 | 0.1605 | -0.0153 | -0.0000 | 0.4853 | -0.0101 | 0.0000 | 0.4939 | 0.0028 | -0.0000 | 
0.8962 | 0.0095 | -0.0000 | 0.1735 | -0.0168 | -0.0000 | 0.5299 | -0.0106 | 0.0000 | 0.5398 | 0.0034 | -0.0000 | 
0.9736 | 0.0110 | 0.0000 | 0.1866 | -0.0183 | -0.0000 | 0.5746 | -0.0113 | 0.0000 | 0.5857 | 0.0039 | -0.0000 | 
1.0509 | 0.0123 | 0.0000 | 0.1998 | -0.0199 | 0.0000 | 0.6192 | -0.0120 | 0.0000 | 0.6315 | 0.0044 | -0.0000 | 
1.1283 | 0.0138 | 0.0000 | 0.2130 | -0.0213 | 0.0000 | 0.6638 | -0.0125 | 0.0000 | 0.6774 | 0.0050 | -0.0000 | 
1.2055 | 0.0152 | 0.0000 | 0.2262 | -0.0227 | 0.0000 | 0.7085 | -0.0131 | 0.0000 | 0.7232 | 0.0056 | -0.0000 | 
1.2828 | 0.0164 | 0.0000 | 0.2395 | -0.0242 | -0.0000 | 0.7532 | -0.0138 | 0.0000 | 0.7691 | 0.0061 | -0.0000 | 
1.3600 | 0.0176 | -0.0000 | 0.2528 | -0.0255 | 0.0000 | 0.7978 | -0.0144 | 0.0000 | 0.8149 | 0.0066 | -0.0000 | 
1.4371 | 0.0190 | 0.0000 | 0.2662 | -0.0267 | 0.0000 | 0.8425 | -0.0149 | 0.0000 | 0.8608 | 0.0072 | -0.0000 | 
1.5143 | 0.0202 | 0.0000 | 0.2795 | -0.0280 | -0.0000 | 0.8872 | -0.0155 | 0.0000 | 0.9066 | 0.0078 | -0.0000 | 
1.5914 | 0.0213 | -0.0000 | 0.2929 | -0.0293 | 0.0000 | 0.9318 | -0.0162 | 0.0000 | 0.9525 | 0.0082 | -0.0000 | 
1.6685 | 0.0225 | -0.0000 | 0.3063 | -0.0306 | -0.0000 | 0.9765 | -0.0169 | 0.0000 | 0.9983 | 0.0087 | -0.0000 | 
1.7456 | 0.0236 | 0.0000 | 0.3198 | -0.0317 | -0.0000 | 1.0212 | -0.0174 | 0.0000 | 1.0442 | 0.0094 | -0.0000 | 
1.8226 | 0.0248 | 0.0000 | 0.3333 | -0.0328 | 0.0000 | 1.0659 | -0.0180 | 0.0000 | 1.0900 | 0.0100 | -0.0000 | 
1.8997 | 0.0259 | 0.0000 | 0.3467 | -0.0340 | -0.0000 | 1.1106 | -0.0186 | 0.0000 | 1.1358 | 0.0105 | -0.0000 | 
1.9767 | 0.0269 | -0.0000 | 0.3602 | -0.0352 | 0.0000 | 1.1552 | -0.0192 | 0.0000 | 1.1816 | 0.0110 | -0.0000 | 
2.0537 | 0.0279 | -0.0000 | 0.3737 | -0.0363 | 0.0000 | 1.1999 | -0.0199 | 0.0000 | 1.2275 | 0.0115 | -0.0000 | 
2.1307 | 0.0289 | -0.0000 | 0.3872 | -0.0374 | -0.0000 | 1.2446 | -0.0205 | 0.0000 | 1.2733 | 0.0120 | -0.0000 | 
2.2077 | 0.0300 | -0.0000 | 0.4008 | -0.0383 | 0.0000 | 1.2893 | -0.0210 | 0.0000 | 1.3191 | 0.0126 | -0.0000 | 
2.2846 | 0.0310 | -0.0000 | 0.4143 | -0.0394 | 0.0000 | 1.3340 | -0.0216 | 0.0000 | 1.3650 | 0.0132 | -0.0000 | 
2.3616 | 0.0319 | 0.0000 | 0.4279 | -0.0404 | -0.0000 | 1.3787 | -0.0222 | 0.0000 | 1.4108 | 0.0137 | -0.0000 | 
2.4385 | 0.0328 | -0.0000 | 0.4414 | -0.0414 | -0.0000 | 1.4234 | -0.0228 | 0.0000 | 1.4566 | 0.0143 | -0.0000 | 
2.5155 | 0.0338 | 0.0000 | 0.4550 | -0.0424 | -0.0000 | 1.4681 | -0.0234 | 0.0000 | 1.5024 | 0.0148 | -0.0000 | 
2.5924 | 0.0347 | 0.0000 | 0.4686 | -0.0434 | 0.0000 | 1.5128 | -0.0240 | 0.0000 | 1.5482 | 0.0153 | -0.0000 | 
2.6694 | 0.0356 | -0.0000 | 0.4822 | -0.0443 | -0.0000 | 1.5575 | -0.0246 | 0.0000 | 1.5941 | 0.0158 | -0.0000 | 
2.7463 | 0.0365 | 0.0000 | 0.4958 | -0.0452 | -0.0000 | 1.6022 | -0.0252 | 0.0000 | 1.6399 | 0.0164 | -0.0000 | 
2.8232 | 0.0374 | -0.0000 | 0.5094 | -0.0461 | -0.0000 | 1.6469 | -0.0257 | 0.0000 | 1.6857 | 0.0170 | -0.0000 | 
2.9001 | 0.0382 | 0.0000 | 0.5230 | -0.0470 | 0.0000 | 1.6916 | -0.0263 | 0.0000 | 1.7315 | 0.0175 | -0.0000 | 
2.9770 | 0.0390 | -0.0000 | 0.5366 | -0.0479 | -0.0000 | 1.7363 | -0.0269 | 0.0000 | 1.7773 | 0.0181 | -0.0000 | 
3.0539 | 0.0399 | 0.0000 | 0.5502 | -0.0488 | 0.0000 | 1.7810 | -0.0275 | 0.0000 | 1.8231 | 0.0186 | -0.0000 | 
3.1308 | 0.0406 | -0.0000 | 0.5638 | -0.0496 | 0.0000 | 1.8257 | -0.0281 | 0.0000 | 1.8689 | 0.0191 | -0.0000 | 
3.2076 | 0.0414 | -0.0000 | 0.5775 | -0.0505 | 0.0000 | 1.8704 | -0.0287 | 0.0000 | 1.9147 | 0.0197 | -0.0000 | 
3.2845 | 0.0422 | 0.0000 | 0.5911 | -0.0514 | 0.0000 | 1.9151 | -0.0293 | 0.0000 | 1.9605 | 0.0202 | -0.0000 | 
3.3614 | 0.0430 | 0.0000 | 0.6048 | -0.0522 | 0.0000 | 1.9598 | -0.0299 | 0.0000 | 2.0064 | 0.0207 | -0.0000 | 
3.4383 | 0.0438 | 0.0000 | 0.6184 | -0.0530 | -0.0000 | 2.0045 | -0.0305 | 0.0000 | 2.0522 | 0.0213 | -0.0000 | 
3.5152 | 0.0445 | -0.0000 | 0.6320 | -0.0537 | 0.0000 | 2.0492 | -0.0310 | 0.0000 | 2.0980 | 0.0218 | -0.0000 | 
3.5920 | 0.0453 | 0.0000 | 0.6457 | -0.0545 | 0.0000 | 2.0939 | -0.0316 | 0.0000 | 2.1438 | 0.0224 | -0.0000 | 
3.6689 | 0.0460 | 0.0000 | 0.6593 | -0.0553 | 0.0000 | 2.1386 | -0.0322 | 0.0000 | 2.1896 | 0.0229 | -0.0000 | 
3.7457 | 0.0467 | 0.0000 | 0.6730 | -0.0561 | 0.0000 | 2.1833 | -0.0328 | 0.0000 | 2.2354 | 0.0235 | -0.0000 | 
3.8226 | 0.0474 | 0.0000 | 0.6866 | -0.0568 | -0.0000 | 2.2280 | -0.0334 | 0.0000 | 2.2812 | 0.0240 | -0.0000 | 
3.8994 | 0.0481 | -0.0000 | 0.7003 | -0.0575 | 0.0000 | 2.2728 | -0.0339 | 0.0000 | 2.3270 | 0.0246 | -0.0000 | 
3.9763 | 0.0488 | -0.0000 | 0.7139 | -0.0582 | 0.0000 | 2.3175 | -0.0345 | 0.0000 | 2.3728 | 0.0251 | -0.0000 | 
4.0532 | 0.0495 | 0.0000 | 0.7276 | -0.0590 | 0.0000 | 2.3622 | -0.0351 | 0.0000 | 2.4186 | 0.0256 | -0.0000 | 
4.1300 | 0.0502 | 0.0000 | 0.7413 | -0.0597 | 0.0000 | 2.4069 | -0.0357 | 0.0000 | 2.4644 | 0.0261 | -0.0000 | 
4.2069 | 0.0508 | 0.0000 | 0.7550 | -0.0604 | 0.0000 | 2.4516 | -0.0363 | 0.0000 | 2.5102 | 0.0267 | -0.0000 | 
4.2837 | 0.0515 | 0.0000 | 0.7686 | -0.0611 | 0.0000 | 2.4964 | -0.0369 | 0.0000 | 2.5560 | 0.0272 | -0.0000 | 
4.3606 | 0.0521 | 0.0000 | 0.7823 | -0.0618 | 0.0000 | 2.5411 | -0.0374 | 0.0000 | 2.6018 | 0.0278 | -0.0000 | 
4.4374 | 0.0528 | 0.0000 | 0.7960 | -0.0625 | 0.0000 | 2.5858 | -0.0380 | 0.0000 | 2.6476 | 0.0283 | -0.0000 | 
4.5143 | 0.0534 | 0.0000 | 0.8096 | -0.0632 | 0.0000 | 2.6305 | -0.0386 | 0.0000 | 2.6934 | 0.0289 | -0.0000 | 
4.5911 | 0.0541 | 0.0000 | 0.8233 | -0.0638 | 0.0000 | 2.6752 | -0.0391 | 0.0000 | 2.7392 | 0.0294 | -0.0000 | 
4.6679 | 0.0547 | 0.0000 | 0.8369 | -0.0645 | 0.0000 | 2.7199 | -0.0397 | 0.0000 | 2.7850 | 0.0299 | -0.0000 | 
4.7448 | 0.0553 | 0.0000 | 0.8506 | -0.0651 | 0.0000 | 2.7646 | -0.0403 | 0.0000 | 2.8307 | 0.0305 | -0.0000 | 
4.8216 | 0.0559 | 0.0000 | 0.8643 | -0.0657 | 0.0000 | 2.8094 | -0.0408 | 0.0000 | 2.8765 | 0.0310 | -0.0000 | 
4.8985 | 0.0565 | 0.0000 | 0.8779 | -0.0663 | 0.0000 | 2.8541 | -0.0414 | 0.0000 | 2.9223 | 0.0316 | -0.0000 | 
4.9753 | 0.0571 | 0.0000 | 0.8916 | -0.0669 | 0.0000 | 2.8988 | -0.0420 | 0.0000 | 2.9681 | 0.0321 | -0.0000 | 
5.0522 | 0.0577 | 0.0000 | 0.9053 | -0.0676 | 0.0000 | 2.9435 | -0.0426 | 0.0000 | 3.0139 | 0.0326 | -0.0000 | 
5.1290 | 0.0582 | 0.0000 | 0.9190 | -0.0682 | 0.0000 | 2.9882 | -0.0431 | 0.0000 | 3.0597 | 0.0332 | -0.0000 | 
5.2059 | 0.0588 | 0.0000 | 0.9327 | -0.0688 | 0.0000 | 3.0330 | -0.0437 | 0.0000 | 3.1055 | 0.0337 | -0.0000 | 
5.2827 | 0.0593 | 0.0000 | 0.9463 | -0.0694 | 0.0000 | 3.0777 | -0.0443 | 0.0000 | 3.1513 | 0.0342 | -0.0000 | 
5.3596 | 0.0599 | 0.0000 | 0.9600 | -0.0700 | 0.0000 | 3.1224 | -0.0449 | 0.0000 | 3.1971 | 0.0348 | -0.0000 | 
5.4364 | 0.0604 | 0.0000 | 0.9737 | -0.0706 | 0.0000 | 3.1672 | -0.0454 | 0.0000 | 3.2429 | 0.0353 | -0.0000 | 
5.5132 | 0.0610 | 0.0000 | 0.9873 | -0.0712 | 0.0000 | 3.2119 | -0.0460 | 0.0000 | 3.2887 | 0.0358 | -0.0000 | 
5.5901 | 0.0615 | 0.0000 | 1.0010 | -0.0718 | 0.0000 | 3.2566 | -0.0466 | 0.0000 | 3.3345 | 0.0364 | -0.0000 | 
5.6669 | 0.0621 | 0.0000 | 1.0147 | -0.0723 | 0.0000 | 3.3013 | -0.0471 | 0.0000 | 3.3803 | 0.0369 | -0.0000 | 
5.7437 | 0.0626 | 0.0000 | 1.0283 | -0.0729 | 0.0000 | 3.3460 | -0.0477 | 0.0000 | 3.4261 | 0.0375 | -0.0000 | 
5.8206 | 0.0632 | 0.0000 | 1.0420 | -0.0734 | 0.0000 | 3.3907 | -0.0482 | 0.0000 | 3.4719 | 0.0380 | -0.0000 | 
5.8974 | 0.0637 | 0.0000 | 1.0557 | -0.0739 | 0.0000 | 3.4355 | -0.0488 | 0.0000 | 3.5176 | 0.0386 | -0.0000 | 
5.9743 | 0.0643 | 0.0000 | 1.0693 | -0.0745 | 0.0000 | 3.4802 | -0.0493 | 0.0000 | 3.5634 | 0.0391 | -0.0000 | 
6.0511 | 0.0648 | 0.0000 | 1.0830 | -0.0750 | 0.0000 | 3.5249 | -0.0499 | 0.0000 | 3.6092 | 0.0397 | -0.0000 | 
6.1280 | 0.0652 | 0.0000 | 1.0966 | -0.0755 | 0.0000 | 3.5696 | -0.0505 | 0.0000 | 3.6550 | 0.0402 | -0.0000 | 
6.2049 | 0.0657 | 0.0000 | 1.1103 | -0.0761 | 0.0000 | 3.6144 | -0.0511 | 0.0000 | 3.7008 | 0.0407 | -0.0000 | 
6.2817 | 0.0662 | 0.0000 | 1.1239 | -0.0766 | 0.0000 | 3.6591 | -0.0516 | 0.0000 | 3.7466 | 0.0412 | -0.0000 | 
6.3586 | 0.0667 | 0.0000 | 1.1376 | -0.0771 | 0.0000 | 3.7038 | -0.0522 | 0.0000 | 3.7924 | 0.0418 | -0.0000 | 
6.4354 | 0.0671 | 0.0000 | 1.1513 | -0.0776 | 0.0000 | 3.7486 | -0.0528 | 0.0000 | 3.8382 | 0.0423 | -0.0000 | 
6.5123 | 0.0676 | 0.0000 | 1.1649 | -0.0781 | 0.0000 | 3.7933 | -0.0533 | 0.0000 | 3.8840 | 0.0428 | -0.0000 | 
6.5892 | 0.0681 | 0.0000 | 1.1786 | -0.0786 | 0.0000 | 3.8380 | -0.0539 | 0.0000 | 3.9298 | 0.0434 | -0.0000 | 
6.6660 | 0.0686 | 0.0000 | 1.1923 | -0.0791 | 0.0000 | 3.8828 | -0.0545 | 0.0000 | 3.9755 | 0.0439 | -0.0000 | 
6.7429 | 0.0690 | 0.0000 | 1.2059 | -0.0796 | 0.0000 | 3.9275 | -0.0550 | 0.0000 | 4.0213 | 0.0444 | -0.0000 | 
6.8198 | 0.0695 | 0.0000 | 1.2196 | -0.0801 | 0.0000 | 3.9722 | -0.0556 | 0.0000 | 4.0671 | 0.0450 | -0.0000 | 
6.8966 | 0.0699 | 0.0000 | 1.2332 | -0.0806 | 0.0000 | 4.0169 | -0.0562 | 0.0000 | 4.1129 | 0.0455 | -0.0000 | 
6.9735 | 0.0704 | 0.0000 | 1.2469 | -0.0811 | 0.0000 | 4.0617 | -0.0567 | 0.0000 | 4.1587 | 0.0460 | -0.0000 | 
7.0503 | 0.0709 | 0.0000 | 1.2605 | -0.0816 | 0.0000 | 4.1064 | -0.0573 | 0.0000 | 4.2045 | 0.0466 | -0.0000 | 
7.1272 | 0.0714 | 0.0000 | 1.2741 | -0.0821 | 0.0000 | 4.1511 | -0.0578 | 0.0000 | 4.2502 | 0.0471 | -0.0000 | 
7.2041 | 0.0718 | 0.0000 | 1.2878 | -0.0825 | 0.0000 | 4.1958 | -0.0584 | 0.0000 | 4.2960 | 0.0477 | -0.0000 | 
7.2810 | 0.0723 | 0.0000 | 1.3014 | -0.0830 | 0.0000 | 4.2406 | -0.0589 | 0.0000 | 4.3418 | 0.0482 | -0.0000 | 
7.3578 | 0.0727 | 0.0000 | 1.3151 | -0.0834 | 0.0000 | 4.2853 | -0.0595 | 0.0000 | 4.3876 | 0.0487 | -0.0000 | 
7.4347 | 0.0731 | 0.0000 | 1.3287 | -0.0839 | 0.0000 | 4.3300 | -0.0600 | 0.0000 | 4.4334 | 0.0493 | -0.0000 | 
7.5116 | 0.0736 | 0.0000 | 1.3423 | -0.0843 | 0.0000 | 4.3747 | -0.0606 | 0.0000 | 4.4792 | 0.0498 | -0.0000 | 
7.5885 | 0.0740 | 0.0000 | 1.3559 | -0.0848 | 0.0000 | 4.4195 | -0.0611 | 0.0000 | 4.5249 | 0.0504 | -0.0000 | 
7.6654 | 0.0744 | 0.0000 | 1.3695 | -0.0852 | 0.0000 | 4.4642 | -0.0617 | 0.0000 | 4.5707 | 0.0509 | -0.0000 | 
7.7423 | 0.0748 | 0.0000 | 1.3832 | -0.0857 | 0.0000 | 4.5089 | -0.0623 | 0.0000 | 4.6165 | 0.0514 | -0.0000 | 
7.8191 | 0.0752 | 0.0000 | 1.3968 | -0.0861 | 0.0000 | 4.5537 | -0.0628 | 0.0000 | 4.6623 | 0.0519 | -0.0000 | 
7.8960 | 0.0756 | 0.0000 | 1.4104 | -0.0865 | 0.0000 | 4.5984 | -0.0634 | 0.0000 | 4.7081 | 0.0525 | -0.0000 | 
7.9730 | 0.0760 | 0.0000 | 1.4241 | -0.0870 | 0.0000 | 4.6431 | -0.0639 | 0.0000 | 4.7539 | 0.0530 | -0.0000 | 
8.0499 | 0.0764 | 0.0000 | 1.4377 | -0.0874 | 0.0000 | 4.6879 | -0.0645 | 0.0000 | 4.7997 | 0.0535 | -0.0000 | 
8.1268 | 0.0768 | 0.0000 | 1.4513 | -0.0878 | 0.0000 | 4.7326 | -0.0650 | 0.0000 | 4.8454 | 0.0541 | -0.0000 | 
8.2037 | 0.0772 | 0.0000 | 1.4649 | -0.0882 | 0.0000 | 4.7773 | -0.0656 | 0.0000 | 4.8912 | 0.0546 | -0.0000 | 
8.2806 | 0.0776 | 0.0000 | 1.4785 | -0.0886 | 0.0000 | 4.8221 | -0.0661 | 0.0000 | 4.9370 | 0.0551 | -0.0000 | 
8.3575 | 0.0780 | 0.0000 | 1.4921 | -0.0890 | 0.0000 | 4.8668 | -0.0667 | 0.0000 | 4.9828 | 0.0556 | -0.0000 | 
8.4344 | 0.0784 | 0.0000 | 1.5057 | -0.0895 | 0.0000 | 4.9115 | -0.0673 | 0.0000 | 5.0286 | 0.0562 | -0.0000 | 
8.5113 | 0.0788 | 0.0000 | 1.5194 | -0.0899 | 0.0000 | 4.9563 | -0.0678 | 0.0000 | 5.0743 | 0.0567 | -0.0000 | 
8.5882 | 0.0791 | 0.0000 | 1.5330 | -0.0903 | 0.0000 | 5.0010 | -0.0684 | 0.0000 | 5.1201 | 0.0572 | -0.0000 | 
8.6651 | 0.0795 | 0.0000 | 1.5466 | -0.0907 | 0.0000 | 5.0457 | -0.0689 | 0.0000 | 5.1659 | 0.0577 | -0.0000 | 
8.7420 | 0.0799 | 0.0000 | 1.5602 | -0.0911 | 0.0000 | 5.0905 | -0.0695 | 0.0000 | 5.2117 | 0.0583 | -0.0000 | 
8.8189 | 0.0803 | 0.0000 | 1.5738 | -0.0915 | 0.0000 | 5.1352 | -0.0700 | 0.0000 | 5.2575 | 0.0588 | -0.0000 | 
8.8958 | 0.0807 | 0.0000 | 1.5873 | -0.0919 | 0.0000 | 5.1799 | -0.0706 | 0.0000 | 5.3032 | 0.0594 | -0.0000 | 
8.9728 | 0.0811 | 0.0000 | 1.6009 | -0.0923 | 0.0000 | 5.2247 | -0.0711 | 0.0000 | 5.3490 | 0.0599 | -0.0000 | 
9.0497 | 0.0815 | 0.0000 | 1.6145 | -0.0927 | 0.0000 | 5.2694 | -0.0717 | 0.0000 | 5.3948 | 0.0604 | -0.0000 | 
9.1266 | 0.0818 | 0.0000 | 1.6281 | -0.0931 | 0.0000 | 5.3141 | -0.0722 | 0.0000 | 5.4406 | 0.0610 | -0.0000 | 
9.2035 | 0.0822 | 0.0000 | 1.6417 | -0.0934 | 0.0000 | 5.3589 | -0.0728 | 0.0000 | 5.4864 | 0.0615 | -0.0000 | 
9.2805 | 0.0825 | 0.0000 | 1.6553 | -0.0938 | 0.0000 | 5.4036 | -0.0733 | 0.0000 | 5.5321 | 0.0620 | -0.0000 | 
9.3574 | 0.0829 | 0.0000 | 1.6688 | -0.0942 | 0.0000 | 5.4483 | -0.0739 | 0.0000 | 5.5779 | 0.0625 | -0.0000 | 
9.4343 | 0.0832 | 0.0000 | 1.6824 | -0.0946 | 0.0000 | 5.4931 | -0.0744 | 0.0000 | 5.6237 | 0.0631 | -0.0000 | 
9.5113 | 0.0836 | 0.0000 | 1.6960 | -0.0949 | 0.0000 | 5.5378 | -0.0749 | 0.0000 | 5.6695 | 0.0636 | -0.0000 | 
9.5882 | 0.0839 | 0.0000 | 1.7095 | -0.0953 | 0.0000 | 5.5825 | -0.0755 | 0.0000 | 5.7152 | 0.0641 | -0.0000 | 
9.6652 | 0.0843 | 0.0000 | 1.7231 | -0.0957 | 0.0000 | 5.6273 | -0.0760 | 0.0000 | 5.7610 | 0.0647 | -0.0000 | 
9.7421 | 0.0846 | 0.0000 | 1.7367 | -0.0960 | 0.0000 | 5.6720 | -0.0766 | 0.0000 | 5.8068 | 0.0652 | -0.0000 | 
9.8191 | 0.0850 | 0.0000 | 1.7502 | -0.0964 | 0.0000 | 5.7167 | -0.0771 | 0.0000 | 5.8526 | 0.0657 | -0.0000 | 
9.8961 | 0.0853 | 0.0000 | 1.7638 | -0.0967 | 0.0000 | 5.7615 | -0.0777 | 0.0000 | 5.8984 | 0.0663 | -0.0000 | 
9.9730 | 0.0856 | 0.0000 | 1.7774 | -0.0971 | 0.0000 | 5.8062 | -0.0782 | 0.0000 | 5.9441 | 0.0668 | -0.0000 | 
10.0500 | 0.0860 | 0.0000 | 1.7909 | -0.0975 | 0.0000 | 5.8510 | -0.0788 | 0.0000 | 5.9899 | 0.0673 | -0.0000 | 
10.1269 | 0.0863 | 0.0000 | 1.8045 | -0.0978 | 0.0000 | 5.8957 | -0.0793 | 0.0000 | 6.0357 | 0.0678 | -0.0000 | 
10.2039 | 0.0866 | 0.0000 | 1.8180 | -0.0982 | 0.0000 | 5.9405 | -0.0799 | 0.0000 | 6.0815 | 0.0683 | -0.0000 | 
10.2809 | 0.0870 | 0.0000 | 1.8316 | -0.0985 | 0.0000 | 5.9852 | -0.0804 | 0.0000 | 6.1273 | 0.0689 | -0.0000 | 
10.3578 | 0.0873 | 0.0000 | 1.8451 | -0.0988 | 0.0000 | 6.0299 | -0.0810 | 0.0000 | 6.1730 | 0.0694 | -0.0000 | 
10.4348 | 0.0876 | 0.0000 | 1.8586 | -0.0992 | 0.0000 | 6.0747 | -0.0815 | 0.0000 | 6.2188 | 0.0699 | -0.0000 | 
10.5118 | 0.0879 | 0.0000 | 1.8722 | -0.0995 | 0.0000 | 6.1194 | -0.0821 | 0.0000 | 6.2646 | 0.0705 | -0.0000 | 
10.5888 | 0.0882 | 0.0000 | 1.8857 | -0.0999 | 0.0000 | 6.1641 | -0.0826 | 0.0000 | 6.3104 | 0.0710 | -0.0000 | 
10.6658 | 0.0886 | 0.0000 | 1.8992 | -0.1002 | 0.0000 | 6.2089 | -0.0831 | 0.0000 | 6.3561 | 0.0715 | -0.0000 | 
10.7427 | 0.0889 | 0.0000 | 1.9128 | -0.1005 | 0.0000 | 6.2536 | -0.0837 | 0.0000 | 6.4019 | 0.0720 | -0.0000 | 
10.8197 | 0.0892 | 0.0000 | 1.9263 | -0.1009 | 0.0000 | 6.2983 | -0.0842 | 0.0000 | 6.4477 | 0.0726 | -0.0000 | 
10.8967 | 0.0895 | 0.0000 | 1.9398 | -0.1012 | 0.0000 | 6.3431 | -0.0848 | 0.0000 | 6.4935 | 0.0731 | -0.0000 | 
10.9737 | 0.0898 | 0.0000 | 1.9533 | -0.1015 | 0.0000 | 6.3878 | -0.0853 | 0.0000 | 6.5392 | 0.0736 | -0.0000 | 
11.0507 | 0.0901 | 0.0000 | 1.9669 | -0.1019 | 0.0000 | 6.4326 | -0.0859 | 0.0000 | 6.5850 | 0.0741 | -0.0000 | 
11.1277 | 0.0904 | 0.0000 | 1.9804 | -0.1022 | 0.0000 | 6.4773 | -0.0864 | 0.0000 | 6.6308 | 0.0747 | -0.0000 | 
11.2047 | 0.0908 | 0.0000 | 1.9939 | -0.1025 | 0.0000 | 6.5220 | -0.0869 | 0.0000 | 6.6766 | 0.0752 | -0.0000 | 
11.2817 | 0.0911 | 0.0000 | 2.0074 | -0.1028 | 0.0000 | 6.5668 | -0.0875 | 0.0000 | 6.7223 | 0.0757 | -0.0000 | 
11.3587 | 0.0914 | 0.0000 | 2.0209 | -0.1031 | 0.0000 | 6.6115 | -0.0880 | 0.0000 | 6.7681 | 0.0762 | -0.0000 | 
11.4357 | 0.0917 | 0.0000 | 2.0344 | -0.1035 | 0.0000 | 6.6562 | -0.0886 | 0.0000 | 6.8139 | 0.0768 | -0.0000 | 
11.5127 | 0.0920 | 0.0000 | 2.0479 | -0.1038 | 0.0000 | 6.7010 | -0.0891 | 0.0000 | 6.8597 | 0.0773 | -0.0000 | 
11.5898 | 0.0923 | 0.0000 | 2.0614 | -0.1041 | 0.0000 | 6.7457 | -0.0896 | 0.0000 | 6.9054 | 0.0778 | -0.0000 | 
11.6668 | 0.0926 | 0.0000 | 2.0749 | -0.1044 | 0.0000 | 6.7905 | -0.0902 | 0.0000 | 6.9512 | 0.0783 | -0.0000 | 
11.7438 | 0.0929 | 0.0000 | 2.0884 | -0.1047 | 0.0000 | 6.8352 | -0.0907 | 0.0000 | 6.9970 | 0.0789 | -0.0000 | 
11.8208 | 0.0931 | 0.0000 | 2.1019 | -0.1050 | 0.0000 | 6.8799 | -0.0912 | 0.0000 | 7.0428 | 0.0794 | -0.0000 | 
11.8979 | 0.0934 | 0.0000 | 2.1153 | -0.1053 | 0.0000 | 6.9247 | -0.0918 | 0.0000 | 7.0885 | 0.0799 | -0.0000 | 
11.9749 | 0.0937 | 0.0000 | 2.1288 | -0.1056 | 0.0000 | 6.9694 | -0.0923 | 0.0000 | 7.1343 | 0.0804 | -0.0000 | 
12.0519 | 0.0940 | 0.0000 | 2.1423 | -0.1059 | 0.0000 | 7.0142 | -0.0929 | 0.0000 | 7.1801 | 0.0810 | -0.0000 | 
12.1290 | 0.0943 | 0.0000 | 2.1558 | -0.1062 | 0.0000 | 7.0589 | -0.0934 | 0.0000 | 7.2258 | 0.0815 | -0.0000 | 
12.2060 | 0.0946 | 0.0000 | 2.1692 | -0.1065 | 0.0000 | 7.1036 | -0.0939 | 0.0000 | 7.2716 | 0.0820 | -0.0000 | 
12.2831 | 0.0949 | 0.0000 | 2.1827 | -0.1068 | 0.0000 | 7.1484 | -0.0945 | 0.0000 | 7.3174 | 0.0825 | -0.0000 | 
12.3601 | 0.0952 | 0.0000 | 2.1962 | -0.1071 | 0.0000 | 7.1931 | -0.0950 | 0.0000 | 7.3632 | 0.0830 | -0.0000 | 
12.4372 | 0.0954 | 0.0000 | 2.2096 | -0.1074 | 0.0000 | 7.2379 | -0.0955 | 0.0000 | 7.4089 | 0.0836 | -0.0000 | 
12.5142 | 0.0957 | 0.0000 | 2.2231 | -0.1077 | 0.0000 | 7.2826 | -0.0961 | 0.0000 | 7.4547 | 0.0841 | -0.0000 | 
12.5913 | 0.0960 | 0.0000 | 2.2365 | -0.1080 | 0.0000 | 7.3274 | -0.0966 | 0.0000 | 7.5005 | 0.0846 | -0.0000 | 
12.6684 | 0.0962 | 0.0000 | 2.2500 | -0.1083 | 0.0000 | 7.3721 | -0.0971 | 0.0000 | 7.5463 | 0.0851 | -0.0000 | 
12.7454 | 0.0965 | 0.0000 | 2.2635 | -0.1085 | 0.0000 | 7.4168 | -0.0977 | 0.0000 | 7.5920 | 0.0856 | -0.0000 | 
12.8225 | 0.0968 | 0.0000 | 2.2769 | -0.1088 | 0.0000 | 7.4616 | -0.0982 | 0.0000 | 7.6378 | 0.0862 | -0.0000 | 
12.8996 | 0.0970 | 0.0000 | 2.2903 | -0.1091 | 0.0000 | 7.5063 | -0.0988 | 0.0000 | 7.6836 | 0.0867 | -0.0000 | 
12.9766 | 0.0973 | 0.0000 | 2.3038 | -0.1094 | 0.0000 | 7.5511 | -0.0993 | 0.0000 | 7.7294 | 0.0872 | -0.0000 | 
13.0537 | 0.0976 | 0.0000 | 2.3172 | -0.1097 | 0.0000 | 7.5958 | -0.0998 | 0.0000 | 7.7751 | 0.0877 | -0.0000 | 
13.1308 | 0.0978 | 0.0000 | 2.3307 | -0.1100 | 0.0000 | 7.6405 | -0.1004 | 0.0000 | 7.8209 | 0.0882 | -0.0000 | 
13.2079 | 0.0981 | 0.0000 | 2.3441 | -0.1102 | 0.0000 | 7.6853 | -0.1009 | 0.0000 | 7.8667 | 0.0888 | -0.0000 | 
13.2850 | 0.0984 | 0.0000 | 2.3575 | -0.1105 | 0.0000 | 7.7300 | -0.1014 | 0.0000 | 7.9124 | 0.0893 | -0.0000 | 
13.3621 | 0.0986 | 0.0000 | 2.3709 | -0.1108 | 0.0000 | 7.7748 | -0.1020 | 0.0000 | 7.9582 | 0.0898 | -0.0000 | 
13.4391 | 0.0989 | 0.0000 | 2.3843 | -0.1111 | 0.0000 | 7.8195 | -0.1025 | 0.0000 | 8.0040 | 0.0903 | -0.0000 | 
13.5162 | 0.0991 | 0.0000 | 2.3978 | -0.1113 | 0.0000 | 7.8643 | -0.1030 | 0.0000 | 8.0498 | 0.0908 | -0.0000 | 
13.5933 | 0.0994 | 0.0000 | 2.4112 | -0.1116 | 0.0000 | 7.9090 | -0.1036 | 0.0000 | 8.0955 | 0.0914 | -0.0000 | 
13.6704 | 0.0996 | 0.0000 | 2.4246 | -0.1119 | 0.0000 | 7.9537 | -0.1041 | 0.0000 | 8.1413 | 0.0919 | -0.0000 | 
13.7476 | 0.0999 | 0.0000 | 2.4380 | -0.1121 | 0.0000 | 7.9985 | -0.1046 | 0.0000 | 8.1871 | 0.0924 | -0.0000 | 
13.8247 | 0.1001 | 0.0000 | 2.4514 | -0.1124 | 0.0000 | 8.0432 | -0.1052 | 0.0000 | 8.2328 | 0.0929 | -0.0000 | 
13.9018 | 0.1004 | 0.0000 | 2.4648 | -0.1126 | 0.0000 | 8.0880 | -0.1057 | 0.0000 | 8.2786 | 0.0934 | -0.0000 | 
13.9789 | 0.1006 | 0.0000 | 2.4782 | -0.1129 | 0.0000 | 8.1327 | -0.1062 | 0.0000 | 8.3244 | 0.0940 | -0.0000 | 
14.0560 | 0.1009 | 0.0000 | 2.4916 | -0.1132 | 0.0000 | 8.1775 | -0.1067 | 0.0000 | 8.3701 | 0.0945 | -0.0000 | 
14.1331 | 0.1011 | 0.0000 | 2.5050 | -0.1134 | 0.0000 | 8.2222 | -0.1073 | 0.0000 | 8.4159 | 0.0950 | -0.0000 | 
14.2103 | 0.1014 | 0.0000 | 2.5184 | -0.1137 | 0.0000 | 8.2669 | -0.1078 | 0.0000 | 8.4617 | 0.0955 | -0.0000 | 
14.2874 | 0.1016 | 0.0000 | 2.5317 | -0.1139 | 0.0000 | 8.3117 | -0.1083 | 0.0000 | 8.5075 | 0.0960 | -0.0000 | 
14.3645 | 0.1019 | 0.0000 | 2.5451 | -0.1142 | 0.0000 | 8.3564 | -0.1089 | 0.0000 | 8.5532 | 0.0965 | -0.0000 | 
14.4417 | 0.1021 | 0.0000 | 2.5585 | -0.1144 | 0.0000 | 8.4012 | -0.1094 | 0.0000 | 8.5990 | 0.0971 | -0.0000 | 
14.5188 | 0.1023 | 0.0000 | 2.5719 | -0.1147 | 0.0000 | 8.4459 | -0.1099 | 0.0000 | 8.6448 | 0.0976 | -0.0000 | 
14.5960 | 0.1026 | 0.0000 | 2.5852 | -0.1149 | 0.0000 | 8.4907 | -0.1105 | 0.0000 | 8.6905 | 0.0981 | -0.0000 | 
14.6731 | 0.1028 | 0.0000 | 2.5986 | -0.1152 | 0.0000 | 8.5354 | -0.1110 | 0.0000 | 8.7363 | 0.0986 | -0.0000 | 
14.7502 | 0.1031 | 0.0000 | 2.6120 | -0.1154 | 0.0000 | 8.5801 | -0.1115 | 0.0000 | 8.7821 | 0.0991 | -0.0000 | 
14.8274 | 0.1033 | 0.0000 | 2.6253 | -0.1157 | 0.0000 | 8.6249 | -0.1120 | 0.0000 | 8.8278 | 0.0996 | -0.0000 | 
14.9046 | 0.1035 | 0.0000 | 2.6387 | -0.1159 | 0.0000 | 8.6696 | -0.1126 | 0.0000 | 8.8736 | 0.1002 | -0.0000 | 
14.9817 | 0.1038 | 0.0000 | 2.6520 | -0.1162 | 0.0000 | 8.7144 | -0.1131 | 0.0000 | 8.9194 | 0.1007 | -0.0000 | 
15.0589 | 0.1040 | 0.0000 | 2.6654 | -0.1164 | 0.0000 | 8.7591 | -0.1136 | 0.0000 | 8.9652 | 0.1012 | -0.0000 | 
15.1361 | 0.1042 | 0.0000 | 2.6787 | -0.1167 | 0.0000 | 8.8039 | -0.1141 | 0.0000 | 9.0109 | 0.1017 | -0.0000 | 
15.2132 | 0.1045 | 0.0000 | 2.6921 | -0.1169 | 0.0000 | 8.8486 | -0.1147 | 0.0000 | 9.0567 | 0.1022 | -0.0000 | 
15.2904 | 0.1047 | 0.0000 | 2.7054 | -0.1172 | 0.0000 | 8.8933 | -0.1152 | 0.0000 | 9.1025 | 0.1027 | -0.0000 | 
15.3676 | 0.1049 | 0.0000 | 2.7188 | -0.1174 | 0.0000 | 8.9381 | -0.1157 | 0.0000 | 9.1482 | 0.1033 | -0.0000 | 
15.4448 | 0.1052 | 0.0000 | 2.7321 | -0.1176 | 0.0000 | 8.9828 | -0.1162 | 0.0000 | 9.1940 | 0.1038 | -0.0000 | 
15.5219 | 0.1054 | 0.0000 | 2.7454 | -0.1179 | 0.0000 | 9.0276 | -0.1168 | 0.0000 | 9.2398 | 0.1043 | -0.0000 | 
15.5991 | 0.1056 | 0.0000 | 2.7587 | -0.1181 | 0.0000 | 9.0723 | -0.1173 | 0.0000 | 9.2855 | 0.1048 | -0.0000 | 
15.6763 | 0.1058 | 0.0000 | 2.7721 | -0.1183 | 0.0000 | 9.1171 | -0.1178 | 0.0000 | 9.3313 | 0.1053 | -0.0000 | 
15.7535 | 0.1061 | 0.0000 | 2.7854 | -0.1186 | 0.0000 | 9.1618 | -0.1183 | 0.0000 | 9.3771 | 0.1058 | -0.0000 | 
15.8307 | 0.1063 | 0.0000 | 2.7987 | -0.1188 | 0.0000 | 9.2066 | -0.1189 | 0.0000 | 9.4228 | 0.1063 | -0.0000 | 
15.9079 | 0.1065 | 0.0000 | 2.8120 | -0.1190 | 0.0000 | 9.2513 | -0.1194 | 0.0000 | 9.4686 | 0.1068 | -0.0000 | 
15.9851 | 0.1067 | 0.0000 | 2.8253 | -0.1193 | 0.0000 | 9.2961 | -0.1199 | 0.0000 | 9.5144 | 0.1074 | -0.0000 | 
16.0623 | 0.1069 | 0.0000 | 2.8386 | -0.1195 | 0.0000 | 9.3408 | -0.1204 | 0.0000 | 9.5601 | 0.1079 | -0.0000 | 
16.1395 | 0.1071 | 0.0000 | 2.8519 | -0.1197 | 0.0000 | 9.3855 | -0.1210 | 0.0000 | 9.6059 | 0.1084 | -0.0000 | 
16.2167 | 0.1074 | 0.0000 | 2.8652 | -0.1200 | 0.0000 | 9.4303 | -0.1215 | 0.0000 | 9.6517 | 0.1089 | -0.0000 | 
16.2940 | 0.1076 | 0.0000 | 2.8785 | -0.1202 | 0.0000 | 9.4750 | -0.1220 | 0.0000 | 9.6975 | 0.1094 | -0.0000 | 
16.3712 | 0.1078 | 0.0000 | 2.8918 | -0.1204 | 0.0000 | 9.5198 | -0.1225 | 0.0000 | 9.7432 | 0.1099 | -0.0000 | 
16.4484 | 0.1080 | 0.0000 | 2.9051 | -0.1206 | 0.0000 | 9.5645 | -0.1231 | 0.0000 | 9.7890 | 0.1104 | -0.0000 | 
16.5257 | 0.1082 | 0.0000 | 2.9184 | -0.1208 | 0.0000 | 9.6093 | -0.1236 | 0.0000 | 9.8348 | 0.1109 | -0.0000 | 
16.6029 | 0.1084 | 0.0000 | 2.9317 | -0.1211 | 0.0000 | 9.6540 | -0.1241 | 0.0000 | 9.8805 | 0.1114 | -0.0000 | 
16.6801 | 0.1086 | 0.0000 | 2.9449 | -0.1213 | 0.0000 | 9.6988 | -0.1246 | 0.0000 | 9.9263 | 0.1120 | -0.0000 | 
16.7574 | 0.1088 | 0.0000 | 2.9582 | -0.1215 | 0.0000 | 9.7435 | -0.1252 | 0.0000 | 9.9721 | 0.1125 | -0.0000 | 
16.8346 | 0.1090 | 0.0000 | 2.9715 | -0.1217 | 0.0000 | 9.7883 | -0.1257 | 0.0000 | 10.0178 | 0.1130 | -0.0000 | 
16.9119 | 0.1093 | 0.0000 | 2.9847 | -0.1220 | 0.0000 | 9.8330 | -0.1262 | 0.0000 | 10.0636 | 0.1135 | -0.0000 | 
16.9891 | 0.1095 | 0.0000 | 2.9980 | -0.1222 | 0.0000 | 9.8777 | -0.1267 | 0.0000 | 10.1094 | 0.1140 | -0.0000 | 
17.0664 | 0.1097 | 0.0000 | 3.0113 | -0.1224 | 0.0000 | 9.9225 | -0.1272 | 0.0000 | 10.1551 | 0.1145 | -0.0000 | 
17.1436 | 0.1099 | 0.0000 | 3.0245 | -0.1226 | 0.0000 | 9.9672 | -0.1278 | 0.0000 | 10.2009 | 0.1150 | -0.0000 | 
17.2209 | 0.1101 | 0.0000 | 3.0378 | -0.1228 | 0.0000 | 10.0120 | -0.1283 | 0.0000 | 10.2467 | 0.1155 | -0.0000 | 
17.2981 | 0.1103 | 0.0000 | 3.0510 | -0.1230 | 0.0000 | 10.0567 | -0.1288 | 0.0000 | 10.2924 | 0.1160 | -0.0000 | 
17.3754 | 0.1105 | 0.0000 | 3.0643 | -0.1233 | 0.0000 | 10.1015 | -0.1293 | 0.0000 | 10.3382 | 0.1165 | -0.0000 | 
17.4527 | 0.1107 | 0.0000 | 3.0775 | -0.1235 | 0.0000 | 10.1462 | -0.1298 | 0.0000 | 10.3840 | 0.1171 | -0.0000 | 
17.5300 | 0.1109 | 0.0000 | 3.0907 | -0.1237 | 0.0000 | 10.1910 | -0.1304 | 0.0000 | 10.4297 | 0.1176 | -0.0000 | 
17.6072 | 0.1111 | 0.0000 | 3.1040 | -0.1239 | 0.0000 | 10.2357 | -0.1309 | 0.0000 | 10.4755 | 0.1181 | -0.0000 | 
17.6845 | 0.1113 | 0.0000 | 3.1172 | -0.1241 | 0.0000 | 10.2805 | -0.1314 | 0.0000 | 10.5213 | 0.1186 | -0.0000 | 
17.7618 | 0.1115 | 0.0000 | 3.1304 | -0.1243 | 0.0000 | 10.3252 | -0.1319 | 0.0000 | 10.5670 | 0.1191 | -0.0000 | 
17.8391 | 0.1117 | 0.0000 | 3.1436 | -0.1245 | 0.0000 | 10.3700 | -0.1324 | 0.0000 | 10.6128 | 0.1196 | -0.0000 | 
17.9164 | 0.1119 | 0.0000 | 3.1569 | -0.1247 | 0.0000 | 10.4147 | -0.1329 | 0.0000 | 10.6586 | 0.1201 | -0.0000 | 
17.9937 | 0.1121 | 0.0000 | 3.1701 | -0.1249 | 0.0000 | 10.4595 | -0.1335 | 0.0000 | 10.7043 | 0.1206 | -0.0000 | 
18.0710 | 0.1122 | 0.0000 | 3.1833 | -0.1251 | 0.0000 | 10.5042 | -0.1340 | 0.0000 | 10.7501 | 0.1211 | -0.0000 | 
18.1483 | 0.1124 | 0.0000 | 3.1965 | -0.1253 | 0.0000 | 10.5489 | -0.1345 | 0.0000 | 10.7959 | 0.1216 | -0.0000 | 
18.2256 | 0.1126 | 0.0000 | 3.2097 | -0.1255 | 0.0000 | 10.5937 | -0.1350 | 0.0000 | 10.8416 | 0.1221 | -0.0000 | 
18.3029 | 0.1128 | 0.0000 | 3.2229 | -0.1257 | 0.0000 | 10.6384 | -0.1355 | 0.0000 | 10.8874 | 0.1226 | -0.0000 | 
18.3803 | 0.1130 | 0.0000 | 3.2361 | -0.1259 | 0.0000 | 10.6832 | -0.1361 | 0.0000 | 10.9332 | 0.1231 | -0.0000 | 
18.4576 | 0.1132 | 0.0000 | 3.2493 | -0.1261 | 0.0000 | 10.7279 | -0.1366 | 0.0000 | 10.9789 | 0.1237 | -0.0000 | 
18.5349 | 0.1134 | 0.0000 | 3.2625 | -0.1263 | 0.0000 | 10.7727 | -0.1371 | 0.0000 | 11.0247 | 0.1242 | -0.0000 | 
18.6122 | 0.1136 | 0.0000 | 3.2756 | -0.1265 | 0.0000 | 10.8174 | -0.1376 | 0.0000 | 11.0704 | 0.1247 | -0.0000 | 
18.6896 | 0.1137 | 0.0000 | 3.2888 | -0.1267 | 0.0000 | 10.8622 | -0.1381 | 0.0000 | 11.1162 | 0.1252 | -0.0000 | 
18.7669 | 0.1139 | 0.0000 | 3.3020 | -0.1269 | 0.0000 | 10.9069 | -0.1386 | 0.0000 | 11.1620 | 0.1257 | -0.0000 | 
18.8443 | 0.1141 | 0.0000 | 3.3152 | -0.1271 | 0.0000 | 10.9517 | -0.1391 | 0.0000 | 11.2077 | 0.1262 | -0.0000 | 
18.9216 | 0.1143 | 0.0000 | 3.3283 | -0.1273 | 0.0000 | 10.9964 | -0.1397 | 0.0000 | 11.2535 | 0.1267 | -0.0000 | 
18.9989 | 0.1145 | 0.0000 | 3.3415 | -0.1274 | 0.0000 | 11.0412 | -0.1402 | 0.0000 | 11.2993 | 0.1272 | -0.0000 | 
19.0763 | 0.1146 | 0.0000 | 3.3547 | -0.1276 | 0.0000 | 11.0859 | -0.1407 | 0.0000 | 11.3450 | 0.1277 | -0.0000 | 
19.1537 | 0.1148 | 0.0000 | 3.3678 | -0.1278 | 0.0000 | 11.1307 | -0.1412 | 0.0000 | 11.3908 | 0.1282 | -0.0000 | 
19.2310 | 0.1150 | 0.0000 | 3.3810 | -0.1280 | 0.0000 | 11.1754 | -0.1417 | 0.0000 | 11.4366 | 0.1287 | -0.0000 | 
19.3084 | 0.1152 | 0.0000 | 3.3941 | -0.1282 | 0.0000 | 11.2202 | -0.1422 | 0.0000 | 11.4823 | 0.1292 | -0.0000 | 
19.3857 | 0.1154 | 0.0000 | 3.4073 | -0.1284 | 0.0000 | 11.2649 | -0.1427 | 0.0000 | 11.5281 | 0.1297 | -0.0000 | 
19.4631 | 0.1155 | 0.0000 | 3.4204 | -0.1286 | 0.0000 | 11.3097 | -0.1432 | 0.0000 | 11.5739 | 0.1302 | -0.0000 | 
19.5405 | 0.1157 | 0.0000 | 3.4335 | -0.1287 | 0.0000 | 11.3544 | -0.1438 | 0.0000 | 11.6196 | 0.1307 | -0.0000 | 
19.6179 | 0.1159 | 0.0000 | 3.4467 | -0.1289 | 0.0000 | 11.3992 | -0.1443 | 0.0000 | 11.6654 | 0.1313 | -0.0000 | 
19.6952 | 0.1161 | 0.0000 | 3.4598 | -0.1291 | 0.0000 | 11.4439 | -0.1448 | 0.0000 | 11.7112 | 0.1318 | -0.0000 | 
19.7726 | 0.1163 | 0.0000 | 3.4729 | -0.1293 | 0.0000 | 11.4887 | -0.1453 | 0.0000 | 11.7569 | 0.1323 | -0.0000 | 
19.8500 | 0.1164 | 0.0000 | 3.4861 | -0.1295 | 0.0000 | 11.5334 | -0.1458 | 0.0000 | 11.8027 | 0.1328 | -0.0000 | 
19.9274 | 0.1166 | 0.0000 | 3.4992 | -0.1297 | 0.0000 | 11.5782 | -0.1463 | 0.0000 | 11.8484 | 0.1333 | -0.0000 | 
20.0048 | 0.1168 | 0.0000 | 3.5123 | -0.1298 | 0.0000 | 11.6229 | -0.1468 | 0.0000 | 11.8942 | 0.1338 | -0.0000 | 
20.0822 | 0.1170 | 0.0000 | 3.5254 | -0.1300 | 0.0000 | 11.6676 | -0.1473 | 0.0000 | 11.9400 | 0.1343 | -0.0000 | 
20.1596 | 0.1171 | 0.0000 | 3.5385 | -0.1302 | 0.0000 | 11.7124 | -0.1478 | 0.0000 | 11.9857 | 0.1348 | -0.0000 | 
20.2370 | 0.1173 | 0.0000 | 3.5516 | -0.1304 | 0.0000 | 11.7571 | -0.1484 | 0.0000 | 12.0315 | 0.1353 | -0.0000 | 
20.3144 | 0.1175 | 0.0000 | 3.5647 | -0.1306 | 0.0000 | 11.8019 | -0.1489 | 0.0000 | 12.0773 | 0.1358 | -0.0000 | 
20.3918 | 0.1176 | 0.0000 | 3.5778 | -0.1307 | 0.0000 | 11.8466 | -0.1494 | 0.0000 | 12.1230 | 0.1363 | -0.0000 | 
20.4693 | 0.1178 | 0.0000 | 3.5909 | -0.1309 | 0.0000 | 11.8914 | -0.1499 | 0.0000 | 12.1688 | 0.1368 | -0.0000 | 
20.5467 | 0.1180 | 0.0000 | 3.6040 | -0.1311 | 0.0000 | 11.9361 | -0.1504 | 0.0000 | 12.2146 | 0.1373 | -0.0000 | 
20.6241 | 0.1182 | 0.0000 | 3.6171 | -0.1313 | 0.0000 | 11.9809 | -0.1509 | 0.0000 | 12.2603 | 0.1378 | -0.0000 | 
20.7015 | 0.1183 | 0.0000 | 3.6302 | -0.1314 | 0.0000 | 12.0256 | -0.1514 | 0.0000 | 12.3061 | 0.1383 | -0.0000 | 
20.7790 | 0.1185 | 0.0000 | 3.6433 | -0.1316 | 0.0000 | 12.0704 | -0.1519 | 0.0000 | 12.3518 | 0.1388 | -0.0000 | 
20.8564 | 0.1187 | 0.0000 | 3.6563 | -0.1318 | 0.0000 | 12.1151 | -0.1524 | 0.0000 | 12.3976 | 0.1393 | -0.0000 | 
20.9339 | 0.1188 | 0.0000 | 3.6694 | -0.1320 | 0.0000 | 12.1599 | -0.1529 | 0.0000 | 12.4434 | 0.1398 | -0.0000 | 
21.0113 | 0.1190 | 0.0000 | 3.6825 | -0.1321 | 0.0000 | 12.2046 | -0.1534 | 0.0000 | 12.4891 | 0.1403 | -0.0000 | 
21.0888 | 0.1192 | 0.0000 | 3.6955 | -0.1323 | 0.0000 | 12.2494 | -0.1540 | 0.0000 | 12.5349 | 0.1408 | -0.0000 | 
21.1662 | 0.1193 | 0.0000 | 3.7086 | -0.1325 | 0.0000 | 12.2941 | -0.1545 | 0.0000 | 12.5807 | 0.1413 | -0.0000 | 
21.2437 | 0.1195 | 0.0000 | 3.7216 | -0.1327 | 0.0000 | 12.3389 | -0.1550 | 0.0000 | 12.6264 | 0.1418 | -0.0000 | 
21.3211 | 0.1196 | 0.0000 | 3.7347 | -0.1328 | 0.0000 | 12.3836 | -0.1555 | 0.0000 | 12.6722 | 0.1423 | -0.0000 | 
21.3986 | 0.1198 | 0.0000 | 3.7477 | -0.1330 | 0.0000 | 12.4284 | -0.1560 | 0.0000 | 12.7180 | 0.1428 | -0.0000 | 
21.4761 | 0.1200 | 0.0000 | 3.7608 | -0.1332 | 0.0000 | 12.4731 | -0.1565 | 0.0000 | 12.7637 | 0.1433 | -0.0000 | 
21.5535 | 0.1201 | 0.0000 | 3.7738 | -0.1333 | 0.0000 | 12.5179 | -0.1570 | 0.0000 | 12.8095 | 0.1438 | -0.0000 | 
21.6310 | 0.1203 | 0.0000 | 3.7869 | -0.1335 | 0.0000 | 12.5626 | -0.1575 | 0.0000 | 12.8552 | 0.1443 | -0.0000 | 
21.7085 | 0.1204 | 0.0000 | 3.7999 | -0.1337 | 0.0000 | 12.6074 | -0.1580 | 0.0000 | 12.9010 | 0.1448 | -0.0000 | 
21.7860 | 0.1206 | 0.0000 | 3.8129 | -0.1338 | 0.0000 | 12.6521 | -0.1585 | 0.0000 | 12.9468 | 0.1453 | -0.0000 | 
21.8635 | 0.1208 | 0.0000 | 3.8259 | -0.1340 | 0.0000 | 12.6969 | -0.1590 | 0.0000 | 12.9925 | 0.1458 | -0.0000 | 
21.9410 | 0.1209 | 0.0000 | 3.8389 | -0.1342 | 0.0000 | 12.7416 | -0.1595 | 0.0000 | 13.0383 | 0.1463 | -0.0000 | 
22.0185 | 0.1211 | 0.0000 | 3.8520 | -0.1343 | 0.0000 | 12.7864 | -0.1600 | 0.0000 | 13.0841 | 0.1468 | -0.0000 | 
22.0960 | 0.1212 | 0.0000 | 3.8650 | -0.1345 | 0.0000 | 12.8311 | -0.1606 | 0.0000 | 13.1298 | 0.1473 | -0.0000 | 
22.1735 | 0.1214 | 0.0000 | 3.8780 | -0.1347 | 0.0000 | 12.8759 | -0.1611 | 0.0000 | 13.1756 | 0.1478 | -0.0000 | 
22.2510 | 0.1215 | 0.0000 | 3.8910 | -0.1348 | 0.0000 | 12.9206 | -0.1616 | 0.0000 | 13.2213 | 0.1483 | -0.0000 | 
22.3285 | 0.1217 | 0.0000 | 3.9040 | -0.1350 | 0.0000 | 12.9654 | -0.1621 | 0.0000 | 13.2671 | 0.1488 | -0.0000 | 
22.4060 | 0.1219 | 0.0000 | 3.9170 | -0.1352 | 0.0000 | 13.0101 | -0.1626 | 0.0000 | 13.3129 | 0.1493 | -0.0000 | 
22.4836 | 0.1220 | 0.0000 | 3.9300 | -0.1353 | 0.0000 | 13.0549 | -0.1631 | 0.0000 | 13.3586 | 0.1498 | -0.0000 | 
22.5611 | 0.1222 | 0.0000 | 3.9429 | -0.1355 | 0.0000 | 13.0996 | -0.1636 | 0.0000 | 13.4044 | 0.1503 | -0.0000 | 
22.6386 | 0.1223 | 0.0000 | 3.9559 | -0.1356 | 0.0000 | 13.1444 | -0.1641 | 0.0000 | 13.4501 | 0.1508 | -0.0000 | 
22.7162 | 0.1225 | 0.0000 | 3.9689 | -0.1358 | 0.0000 | 13.1891 | -0.1646 | 0.0000 | 13.4959 | 0.1513 | -0.0000 | 
22.7937 | 0.1226 | 0.0000 | 3.9819 | -0.1360 | 0.0000 | 13.2339 | -0.1651 | 0.0000 | 13.5417 | 0.1518 | -0.0000 | 
22.8712 | 0.1228 | 0.0000 | 3.9948 | -0.1361 | 0.0000 | 13.2786 | -0.1656 | 0.0000 | 13.5874 | 0.1523 | -0.0000 | 
22.9488 | 0.1229 | 0.0000 | 4.0078 | -0.1363 | 0.0000 | 13.3234 | -0.1661 | 0.0000 | 13.6332 | 0.1528 | -0.0000 | 
23.0263 | 0.1231 | 0.0000 | 4.0208 | -0.1364 | 0.0000 | 13.3681 | -0.1666 | 0.0000 | 13.6790 | 0.1532 | -0.0000 | 
23.1039 | 0.1232 | 0.0000 | 4.0337 | -0.1366 | 0.0000 | 13.4129 | -0.1671 | 0.0001 | 13.7247 | 0.1537 | -0.0001 | 
23.1815 | 0.1234 | 0.0000 | 4.0467 | -0.1367 | 0.0000 | 13.4576 | -0.1676 | 0.0001 | 13.7705 | 0.1542 | -0.0001 | 
23.2590 | 0.1235 | 0.0000 | 4.0596 | -0.1369 | 0.0000 | 13.5024 | -0.1681 | 0.0001 | 13.8162 | 0.1547 | -0.0001 | 
23.3366 | 0.1236 | 0.0000 | 4.0726 | -0.1370 | 0.0000 | 13.5471 | -0.1686 | 0.0001 | 13.8620 | 0.1552 | -0.0001 | 
23.4142 | 0.1238 | 0.0000 | 4.0855 | -0.1372 | 0.0000 | 13.5919 | -0.1691 | 0.0001 | 13.9078 | 0.1557 | -0.0001 | 
23.4917 | 0.1239 | 0.0000 | 4.0984 | -0.1373 | 0.0000 | 13.6366 | -0.1696 | 0.0002 | 13.9535 | 0.1562 | -0.0002 | 
23.5693 | 0.1241 | 0.0000 | 4.1114 | -0.1375 | 0.0000 | 13.6814 | -0.1701 | 0.0002 | 13.9993 | 0.1567 | -0.0002 | 
23.6469 | 0.1242 | 0.0000 | 4.1243 | -0.1376 | 0.0000 | 13.7261 | -0.1706 | 0.0002 | 14.0451 | 0.1572 | -0.0002 | 
23.7245 | 0.1244 | 0.0000 | 4.1372 | -0.1378 | 0.0000 | 13.7709 | -0.1711 | 0.0003 | 14.0908 | 0.1577 | -0.0003 | 
23.8021 | 0.1245 | 0.0000 | 4.1501 | -0.1379 | 0.0000 | 13.8156 | -0.1716 | 0.0003 | 14.1366 | 0.1582 | -0.0003 | 
23.8797 | 0.1247 | 0.0000 | 4.1631 | -0.1381 | 0.0000 | 13.8604 | -0.1721 | 0.0004 | 14.1823 | 0.1587 | -0.0004 | 
23.9573 | 0.1248 | 0.0000 | 4.1760 | -0.1382 | 0.0000 | 13.9052 | -0.1726 | 0.0005 | 14.2281 | 0.1592 | -0.0005 | 
24.0349 | 0.1249 | 0.0000 | 4.1889 | -0.1384 | 0.0000 | 13.9499 | -0.1731 | 0.0007 | 14.2739 | 0.1597 | -0.0007 | 
24.1125 | 0.1251 | 0.0000 | 4.2018 | -0.1385 | 0.0000 | 13.9947 | -0.1736 | 0.0008 | 14.3196 | 0.1602 | -0.0008 | 
24.1901 | 0.1252 | 0.0000 | 4.2147 | -0.1387 | 0.0000 | 14.0394 | -0.1741 | 0.0010 | 14.3654 | 0.1607 | -0.0010 | 
24.2677 | 0.1254 | 0.0000 | 4.2276 | -0.1388 | 0.0000 | 14.0842 | -0.1746 | 0.0013 | 14.4111 | 0.1612 | -0.0013 | 
24.3454 | 0.1255 | 0.0000 | 4.2404 | -0.1390 | 0.0000 | 14.1289 | -0.1751 | 0.0016 | 14.4569 | 0.1617 | -0.0016 | 
24.4230 | 0.1256 | 0.0000 | 4.2533 | -0.1391 | 0.0000 | 14.1737 | -0.1756 | 0.0020 | 14.5027 | 0.1621 | -0.0020 | 
24.5006 | 0.1258 | 0.0000 | 4.2662 | -0.1393 | 0.0000 | 14.2184 | -0.1761 | 0.0025 | 14.5484 | 0.1626 | -0.0025 | 
24.5783 | 0.1259 | 0.0000 | 4.2791 | -0.1394 | 0.0000 | 14.2632 | -0.1766 | 0.0031 | 14.5942 | 0.1631 | -0.0031 | 
24.6559 | 0.1260 | 0.0000 | 4.2920 | -0.1396 | 0.0000 | 14.3079 | -0.1772 | 0.0040 | 14.6399 | 0.1636 | -0.0039 | 
24.7335 | 0.1261 | 0.0000 | 4.3048 | -0.1397 | 0.0000 | 14.3527 | -0.1777 | 0.0050 | 14.6857 | 0.1641 | -0.0049 | 
24.8112 | 0.1262 | 0.0000 | 4.3177 | -0.1399 | 0.0000 | 14.3974 | -0.1782 | 0.0062 | 14.7315 | 0.1645 | -0.0062 | 
24.8888 | 0.1263 | 0.0000 | 4.3305 | -0.1400 | 0.0000 | 14.4422 | -0.1787 | 0.0077 | 14.7772 | 0.1650 | -0.0077 | 
24.9665 | 0.1263 | 0.0000 | 4.3434 | -0.1402 | 0.0000 | 14.4869 | -0.1793 | 0.0096 | 14.8230 | 0.1655 | -0.0096 | 
25.0442 | 0.1264 | 0.0000 | 4.3562 | -0.1403 | 0.0001 | 14.5317 | -0.1798 | 0.0118 | 14.8687 | 0.1659 | -0.0118 | 
25.1218 | 0.1263 | 0.0001 | 4.3691 | -0.1405 | 0.0001 | 14.5764 | -0.1804 | 0.0143 | 14.9145 | 0.1663 | -0.0143 | 
25.1995 | 0.1262 | 0.0001 | 4.3819 | -0.1407 | 0.0001 | 14.6212 | -0.1811 | 0.0171 | 14.9602 | 0.1667 | -0.0171 | 
25.2772 | 0.1261 | 0.0001 | 4.3948 | -0.1408 | 0.0001 | 14.6659 | -0.1818 | 0.0202 | 15.0060 | 0.1670 | -0.0201 | 
25.3549 | 0.1259 | 0.0001 | 4.4076 | -0.1410 | 0.0001 | 14.7107 | -0.1825 | 0.0233 | 15.0517 | 0.1673 | -0.0233 | 
25.4325 | 0.1256 | 0.0001 | 4.4204 | -0.1412 | 0.0001 | 14.7555 | -0.1832 | 0.0266 | 15.0975 | 0.1676 | -0.0265 | 
25.5102 | 0.1252 | 0.0001 | 4.4333 | -0.1415 | 0.0001 | 14.8002 | -0.1840 | 0.0298 | 15.1432 | 0.1678 | -0.0298 | 
25.5879 | 0.1248 | 0.0001 | 4.4461 | -0.1417 | 0.0001 | 14.8450 | -0.1848 | 0.0331 | 15.1890 | 0.1680 | -0.0331 | 
25.6656 | 0.1244 | 0.0001 | 4.4589 | -0.1419 | 0.0001 | 14.8898 | -0.1857 | 0.0364 | 15.2347 | 0.1682 | -0.0363 | 
25.7056 | 0.1242 | 0.0002 | 4.4655 | -0.1420 | 0.0002 | 14.9128 | -0.1861 | 0.0380 | 15.2583 | 0.1683 | -0.0380 | 
