Test angle: 15
Mesh element_496 : S11 | S22 | S33 | S12 | E11 | E22 | E33 | 2*E12 | EPbar 
0.000 | 0.000 | 0.000 | 0.000 | 0.0000 |0.0000 |0.0000 |0.0000 |0.0000 |
0.503 | -0.000 | 0.000 | -0.000 | 0.0000 |-0.0000 |0.0000 |-0.0000 |0.0000 |
1.005 | -0.000 | 0.000 | -0.000 | 0.0000 |-0.0000 |0.0000 |-0.0000 |0.0000 |
1.759 | -0.000 | 0.000 | -0.000 | 0.0000 |-0.0000 |0.0000 |-0.0000 |0.0000 |
2.891 | 0.000 | 0.000 | -0.000 | 0.0000 |-0.0000 |0.0000 |-0.0000 |0.0000 |
4.587 | 0.000 | 0.000 | -0.000 | 0.0001 |-0.0000 |0.0000 |-0.0000 |0.0000 |
7.132 | -0.000 | 0.000 | -0.000 | 0.0001 |-0.0000 |0.0000 |-0.0000 |0.0000 |
10.949 | -0.000 | 0.000 | -0.000 | 0.0002 |-0.0001 |0.0000 |-0.0000 |0.0000 |
16.675 | -0.000 | 0.000 | -0.000 | 0.0002 |-0.0001 |0.0000 |-0.0000 |0.0000 |
25.262 | -0.000 | 0.000 | -0.000 | 0.0004 |-0.0001 |0.0000 |-0.0000 |0.0000 |
38.142 | 0.000 | 0.000 | -0.000 | 0.0005 |-0.0002 |0.0000 |-0.0000 |0.0000 |
57.458 | 0.000 | 0.000 | -0.000 | 0.0008 |-0.0003 |0.0000 |-0.0000 |0.0000 |
82.576 | 0.000 | 0.000 | -0.000 | 0.0012 |-0.0004 |0.0000 |-0.0000 |0.0000 |
107.188 | -0.000 | 0.000 | 0.000 | 0.0015 |-0.0005 |0.0000 |-0.0000 |0.0000 |
107.647 | -0.000 | 0.000 | -0.001 | 0.0017 |-0.0005 |0.0000 |-0.0000 |0.0001 |
108.095 | -0.000 | 0.000 | -0.003 | 0.0018 |-0.0006 |0.0000 |-0.0001 |0.0002 |
108.536 | -0.000 | 0.000 | -0.004 | 0.0019 |-0.0006 |0.0000 |-0.0001 |0.0003 |
109.188 | -0.000 | 0.000 | -0.006 | 0.0020 |-0.0006 |0.0000 |-0.0001 |0.0005 |
110.142 | 0.000 | 0.000 | -0.009 | 0.0023 |-0.0007 |0.0000 |-0.0002 |0.0007 |
111.531 | 0.000 | 0.000 | -0.014 | 0.0027 |-0.0008 |0.0000 |-0.0003 |0.0010 |
113.117 | 0.000 | 0.000 | -0.020 | 0.0031 |-0.0009 |0.0000 |-0.0004 |0.0014 |
114.647 | 0.000 | 0.000 | -0.026 | 0.0035 |-0.0011 |0.0000 |-0.0005 |0.0018 |
116.124 | 0.000 | 0.000 | -0.032 | 0.0039 |-0.0012 |0.0000 |-0.0006 |0.0022 |
117.554 | 0.000 | 0.000 | -0.039 | 0.0044 |-0.0013 |0.0000 |-0.0007 |0.0026 |
118.940 | 0.000 | 0.000 | -0.045 | 0.0048 |-0.0014 |0.0000 |-0.0008 |0.0030 |
120.287 | 0.000 | 0.000 | -0.052 | 0.0052 |-0.0015 |0.0000 |-0.0009 |0.0033 |
121.596 | 0.000 | 0.000 | -0.058 | 0.0057 |-0.0016 |0.0000 |-0.0010 |0.0037 |
122.870 | 0.000 | 0.000 | -0.065 | 0.0061 |-0.0018 |0.0000 |-0.0011 |0.0041 |
124.112 | 0.000 | 0.000 | -0.072 | 0.0065 |-0.0019 |0.0000 |-0.0012 |0.0045 |
125.323 | 0.000 | 0.000 | -0.079 | 0.0069 |-0.0020 |0.0000 |-0.0013 |0.0049 |
126.505 | 0.000 | 0.000 | -0.086 | 0.0074 |-0.0021 |0.0000 |-0.0014 |0.0053 |
127.661 | 0.000 | 0.000 | -0.093 | 0.0078 |-0.0022 |0.0000 |-0.0015 |0.0057 |
128.790 | 0.000 | 0.000 | -0.101 | 0.0082 |-0.0023 |0.0000 |-0.0016 |0.0060 |
129.895 | 0.000 | 0.000 | -0.108 | 0.0086 |-0.0024 |0.0000 |-0.0017 |0.0064 |
130.978 | 0.000 | 0.000 | -0.115 | 0.0090 |-0.0026 |0.0000 |-0.0018 |0.0068 |
132.038 | 0.000 | 0.000 | -0.123 | 0.0095 |-0.0027 |0.0000 |-0.0019 |0.0072 |
133.077 | 0.000 | 0.000 | -0.131 | 0.0099 |-0.0028 |0.0000 |-0.0020 |0.0076 |
134.097 | 0.000 | 0.000 | -0.138 | 0.0103 |-0.0029 |0.0000 |-0.0021 |0.0080 |
135.097 | 0.000 | 0.000 | -0.146 | 0.0107 |-0.0030 |0.0000 |-0.0022 |0.0084 |
136.079 | 0.000 | 0.000 | -0.154 | 0.0111 |-0.0031 |0.0000 |-0.0023 |0.0087 |
137.044 | 0.000 | 0.000 | -0.162 | 0.0116 |-0.0033 |0.0000 |-0.0024 |0.0091 |
137.992 | 0.000 | 0.000 | -0.170 | 0.0120 |-0.0034 |0.0000 |-0.0025 |0.0095 |
138.923 | 0.000 | 0.000 | -0.178 | 0.0124 |-0.0035 |0.0000 |-0.0026 |0.0099 |
139.840 | 0.000 | 0.000 | -0.186 | 0.0128 |-0.0036 |0.0000 |-0.0027 |0.0103 |
140.742 | 0.000 | 0.000 | -0.194 | 0.0132 |-0.0037 |0.0000 |-0.0028 |0.0107 |
141.629 | 0.000 | 0.000 | -0.203 | 0.0136 |-0.0038 |0.0000 |-0.0029 |0.0110 |
142.503 | 0.000 | 0.000 | -0.211 | 0.0141 |-0.0039 |0.0000 |-0.0030 |0.0114 |
143.364 | 0.000 | 0.000 | -0.220 | 0.0145 |-0.0041 |0.0000 |-0.0031 |0.0118 |
144.211 | 0.000 | 0.000 | -0.228 | 0.0149 |-0.0042 |0.0000 |-0.0032 |0.0122 |
145.047 | 0.000 | 0.000 | -0.237 | 0.0153 |-0.0043 |0.0000 |-0.0033 |0.0126 |
145.870 | 0.000 | 0.000 | -0.245 | 0.0157 |-0.0044 |0.0000 |-0.0034 |0.0130 |
146.682 | 0.000 | 0.000 | -0.254 | 0.0161 |-0.0045 |0.0000 |-0.0035 |0.0133 |
147.483 | 0.000 | 0.000 | -0.263 | 0.0166 |-0.0046 |0.0000 |-0.0036 |0.0137 |
148.274 | 0.000 | 0.000 | -0.271 | 0.0170 |-0.0047 |0.0000 |-0.0037 |0.0141 |
149.053 | 0.001 | 0.000 | -0.280 | 0.0174 |-0.0048 |0.0000 |-0.0038 |0.0145 |
149.823 | 0.001 | 0.000 | -0.289 | 0.0178 |-0.0050 |0.0000 |-0.0039 |0.0149 |
150.583 | 0.001 | 0.000 | -0.298 | 0.0182 |-0.0051 |0.0000 |-0.0040 |0.0153 |
151.333 | 0.001 | 0.000 | -0.307 | 0.0186 |-0.0052 |0.0000 |-0.0041 |0.0156 |
152.074 | 0.001 | 0.000 | -0.316 | 0.0190 |-0.0053 |0.0000 |-0.0042 |0.0160 |
152.806 | 0.001 | 0.000 | -0.325 | 0.0194 |-0.0054 |0.0000 |-0.0043 |0.0164 |
153.529 | 0.001 | 0.000 | -0.334 | 0.0199 |-0.0055 |0.0000 |-0.0044 |0.0168 |
154.244 | 0.001 | 0.000 | -0.344 | 0.0203 |-0.0056 |0.0000 |-0.0045 |0.0172 |
154.951 | 0.001 | 0.000 | -0.353 | 0.0207 |-0.0057 |0.0000 |-0.0046 |0.0176 |
155.649 | 0.001 | 0.000 | -0.362 | 0.0211 |-0.0059 |0.0000 |-0.0047 |0.0179 |
156.340 | 0.001 | 0.000 | -0.371 | 0.0215 |-0.0060 |0.0000 |-0.0048 |0.0183 |
157.023 | 0.001 | 0.000 | -0.381 | 0.0219 |-0.0061 |0.0000 |-0.0049 |0.0187 |
157.699 | 0.001 | 0.000 | -0.390 | 0.0223 |-0.0062 |0.0000 |-0.0050 |0.0191 |
158.367 | 0.001 | 0.000 | -0.400 | 0.0227 |-0.0063 |0.0000 |-0.0051 |0.0195 |
159.029 | 0.001 | 0.000 | -0.409 | 0.0232 |-0.0064 |0.0000 |-0.0052 |0.0199 |
159.683 | 0.001 | 0.000 | -0.419 | 0.0236 |-0.0065 |0.0000 |-0.0053 |0.0202 |
160.331 | 0.001 | 0.000 | -0.429 | 0.0240 |-0.0066 |0.0000 |-0.0054 |0.0206 |
160.972 | 0.001 | 0.000 | -0.438 | 0.0244 |-0.0068 |0.0000 |-0.0055 |0.0210 |
161.607 | 0.001 | 0.000 | -0.448 | 0.0248 |-0.0069 |0.0000 |-0.0056 |0.0214 |
162.235 | 0.001 | 0.000 | -0.458 | 0.0252 |-0.0070 |0.0000 |-0.0057 |0.0218 |
162.858 | 0.001 | 0.000 | -0.468 | 0.0256 |-0.0071 |0.0000 |-0.0058 |0.0221 |
163.474 | 0.001 | 0.000 | -0.477 | 0.0260 |-0.0072 |0.0000 |-0.0059 |0.0225 |
164.085 | 0.001 | 0.000 | -0.487 | 0.0264 |-0.0073 |0.0000 |-0.0060 |0.0229 |
164.690 | 0.002 | 0.000 | -0.497 | 0.0269 |-0.0074 |0.0000 |-0.0061 |0.0233 |
165.289 | 0.002 | 0.000 | -0.507 | 0.0273 |-0.0075 |0.0000 |-0.0062 |0.0237 |
165.883 | 0.002 | 0.000 | -0.517 | 0.0277 |-0.0076 |0.0000 |-0.0063 |0.0240 |
166.472 | 0.002 | 0.000 | -0.527 | 0.0281 |-0.0078 |0.0000 |-0.0064 |0.0244 |
167.055 | 0.002 | 0.000 | -0.537 | 0.0285 |-0.0079 |0.0000 |-0.0066 |0.0248 |
167.633 | 0.002 | 0.000 | -0.547 | 0.0289 |-0.0080 |0.0000 |-0.0067 |0.0252 |
168.206 | 0.002 | 0.000 | -0.558 | 0.0293 |-0.0081 |0.0000 |-0.0068 |0.0256 |
168.774 | 0.002 | 0.000 | -0.568 | 0.0297 |-0.0082 |0.0000 |-0.0069 |0.0260 |
169.337 | 0.002 | 0.000 | -0.578 | 0.0301 |-0.0083 |0.0000 |-0.0070 |0.0263 |
169.896 | 0.002 | 0.000 | -0.588 | 0.0305 |-0.0084 |0.0000 |-0.0071 |0.0267 |
170.449 | 0.002 | 0.000 | -0.599 | 0.0309 |-0.0085 |0.0000 |-0.0072 |0.0271 |
170.999 | 0.002 | 0.000 | -0.609 | 0.0313 |-0.0086 |0.0000 |-0.0073 |0.0275 |
171.544 | 0.002 | 0.000 | -0.619 | 0.0318 |-0.0088 |0.0000 |-0.0074 |0.0279 |
172.084 | 0.002 | 0.000 | -0.630 | 0.0322 |-0.0089 |0.0000 |-0.0075 |0.0282 |
172.620 | 0.002 | 0.000 | -0.640 | 0.0326 |-0.0090 |0.0000 |-0.0076 |0.0286 |
173.152 | 0.002 | 0.000 | -0.651 | 0.0330 |-0.0091 |0.0000 |-0.0077 |0.0290 |
173.680 | 0.003 | 0.000 | -0.661 | 0.0334 |-0.0092 |0.0000 |-0.0078 |0.0294 |
174.204 | 0.003 | 0.000 | -0.672 | 0.0338 |-0.0093 |0.0000 |-0.0079 |0.0298 |
174.724 | 0.003 | 0.000 | -0.682 | 0.0342 |-0.0094 |0.0000 |-0.0080 |0.0301 |
175.239 | 0.003 | 0.000 | -0.693 | 0.0346 |-0.0095 |0.0000 |-0.0081 |0.0305 |
175.751 | 0.003 | 0.000 | -0.704 | 0.0350 |-0.0096 |0.0000 |-0.0082 |0.0309 |
176.259 | 0.003 | 0.000 | -0.714 | 0.0354 |-0.0097 |0.0000 |-0.0083 |0.0313 |
176.764 | 0.003 | 0.000 | -0.725 | 0.0358 |-0.0099 |0.0000 |-0.0084 |0.0316 |
177.264 | 0.003 | 0.000 | -0.736 | 0.0362 |-0.0100 |0.0000 |-0.0085 |0.0320 |
177.761 | 0.003 | 0.000 | -0.746 | 0.0366 |-0.0101 |0.0000 |-0.0086 |0.0324 |
178.255 | 0.003 | 0.000 | -0.757 | 0.0370 |-0.0102 |0.0000 |-0.0087 |0.0328 |
178.745 | 0.003 | 0.000 | -0.768 | 0.0374 |-0.0103 |0.0000 |-0.0088 |0.0332 |
179.231 | 0.003 | 0.000 | -0.779 | 0.0379 |-0.0104 |0.0000 |-0.0089 |0.0335 |
179.714 | 0.003 | 0.000 | -0.790 | 0.0383 |-0.0105 |0.0000 |-0.0090 |0.0339 |
180.194 | 0.004 | 0.000 | -0.801 | 0.0387 |-0.0106 |0.0000 |-0.0091 |0.0343 |
180.671 | 0.004 | 0.000 | -0.812 | 0.0391 |-0.0107 |0.0000 |-0.0092 |0.0347 |
181.144 | 0.004 | 0.000 | -0.823 | 0.0395 |-0.0108 |0.0000 |-0.0093 |0.0351 |
181.615 | 0.004 | 0.000 | -0.834 | 0.0399 |-0.0110 |0.0000 |-0.0094 |0.0354 |
182.082 | 0.004 | 0.000 | -0.845 | 0.0403 |-0.0111 |0.0000 |-0.0095 |0.0358 |
182.546 | 0.004 | 0.000 | -0.856 | 0.0407 |-0.0112 |0.0000 |-0.0096 |0.0362 |
183.007 | 0.004 | 0.000 | -0.867 | 0.0411 |-0.0113 |0.0000 |-0.0097 |0.0366 |
183.465 | 0.004 | 0.000 | -0.878 | 0.0415 |-0.0114 |0.0000 |-0.0098 |0.0369 |
183.920 | 0.004 | 0.000 | -0.889 | 0.0419 |-0.0115 |0.0000 |-0.0099 |0.0373 |
184.372 | 0.004 | 0.000 | -0.900 | 0.0423 |-0.0116 |0.0000 |-0.0100 |0.0377 |
184.821 | 0.004 | 0.000 | -0.912 | 0.0427 |-0.0117 |0.0000 |-0.0101 |0.0381 |
185.268 | 0.005 | 0.000 | -0.923 | 0.0431 |-0.0118 |0.0000 |-0.0102 |0.0385 |
185.711 | 0.005 | 0.000 | -0.934 | 0.0435 |-0.0119 |0.0000 |-0.0103 |0.0388 |
186.152 | 0.005 | 0.000 | -0.945 | 0.0439 |-0.0121 |0.0000 |-0.0104 |0.0392 |
186.591 | 0.005 | 0.000 | -0.957 | 0.0443 |-0.0122 |0.0000 |-0.0105 |0.0396 |
187.026 | 0.005 | 0.000 | -0.968 | 0.0447 |-0.0123 |0.0000 |-0.0106 |0.0400 |
187.459 | 0.005 | 0.000 | -0.979 | 0.0451 |-0.0124 |0.0000 |-0.0108 |0.0403 |
187.889 | 0.005 | 0.000 | -0.991 | 0.0455 |-0.0125 |0.0000 |-0.0109 |0.0407 |
188.317 | 0.005 | 0.000 | -1.002 | 0.0459 |-0.0126 |0.0000 |-0.0110 |0.0411 |
188.743 | 0.005 | 0.000 | -1.014 | 0.0463 |-0.0127 |0.0000 |-0.0111 |0.0415 |
189.165 | 0.006 | 0.000 | -1.025 | 0.0467 |-0.0128 |0.0000 |-0.0112 |0.0419 |
189.586 | 0.006 | 0.000 | -1.037 | 0.0471 |-0.0129 |0.0000 |-0.0113 |0.0422 |
190.004 | 0.006 | 0.000 | -1.048 | 0.0475 |-0.0130 |0.0000 |-0.0114 |0.0426 |
190.419 | 0.006 | 0.000 | -1.060 | 0.0479 |-0.0131 |0.0000 |-0.0115 |0.0430 |
190.832 | 0.006 | 0.000 | -1.071 | 0.0483 |-0.0133 |0.0000 |-0.0116 |0.0434 |
191.243 | 0.006 | 0.000 | -1.083 | 0.0487 |-0.0134 |0.0000 |-0.0117 |0.0437 |
191.652 | 0.006 | 0.000 | -1.094 | 0.0492 |-0.0135 |0.0000 |-0.0118 |0.0441 |
192.058 | 0.006 | 0.000 | -1.106 | 0.0496 |-0.0136 |0.0000 |-0.0119 |0.0445 |
192.462 | 0.006 | 0.000 | -1.118 | 0.0500 |-0.0137 |0.0000 |-0.0120 |0.0449 |
192.864 | 0.007 | 0.000 | -1.129 | 0.0504 |-0.0138 |0.0000 |-0.0121 |0.0452 |
193.264 | 0.007 | 0.000 | -1.141 | 0.0508 |-0.0139 |0.0000 |-0.0122 |0.0456 |
193.662 | 0.007 | 0.000 | -1.153 | 0.0512 |-0.0140 |0.0000 |-0.0123 |0.0460 |
194.057 | 0.007 | 0.000 | -1.164 | 0.0516 |-0.0141 |0.0000 |-0.0124 |0.0464 |
194.451 | 0.007 | 0.000 | -1.176 | 0.0520 |-0.0142 |0.0000 |-0.0125 |0.0467 |
194.842 | 0.007 | 0.000 | -1.188 | 0.0524 |-0.0143 |0.0000 |-0.0126 |0.0471 |
195.231 | 0.007 | 0.000 | -1.200 | 0.0528 |-0.0144 |0.0000 |-0.0127 |0.0475 |
195.618 | 0.008 | 0.000 | -1.212 | 0.0532 |-0.0146 |0.0000 |-0.0128 |0.0479 |
196.003 | 0.008 | 0.000 | -1.224 | 0.0536 |-0.0147 |0.0000 |-0.0129 |0.0482 |
196.386 | 0.008 | 0.000 | -1.235 | 0.0540 |-0.0148 |0.0000 |-0.0130 |0.0486 |
196.768 | 0.008 | 0.000 | -1.247 | 0.0544 |-0.0149 |0.0000 |-0.0131 |0.0490 |
197.147 | 0.008 | 0.000 | -1.259 | 0.0548 |-0.0150 |0.0000 |-0.0132 |0.0494 |
197.524 | 0.008 | 0.000 | -1.271 | 0.0552 |-0.0151 |0.0000 |-0.0133 |0.0497 |
197.900 | 0.008 | 0.000 | -1.283 | 0.0556 |-0.0152 |0.0000 |-0.0134 |0.0501 |
198.273 | 0.008 | 0.000 | -1.295 | 0.0560 |-0.0153 |0.0000 |-0.0135 |0.0505 |
198.645 | 0.009 | 0.000 | -1.307 | 0.0564 |-0.0154 |0.0000 |-0.0136 |0.0509 |
199.015 | 0.009 | 0.000 | -1.319 | 0.0568 |-0.0155 |0.0000 |-0.0137 |0.0512 |
199.383 | 0.009 | 0.000 | -1.331 | 0.0572 |-0.0156 |0.0000 |-0.0138 |0.0516 |
199.750 | 0.009 | 0.000 | -1.343 | 0.0576 |-0.0157 |0.0000 |-0.0139 |0.0520 |
200.114 | 0.009 | 0.000 | -1.355 | 0.0580 |-0.0158 |0.0000 |-0.0141 |0.0524 |
200.477 | 0.009 | 0.000 | -1.367 | 0.0584 |-0.0160 |0.0000 |-0.0142 |0.0527 |
200.838 | 0.009 | 0.000 | -1.380 | 0.0587 |-0.0161 |0.0000 |-0.0143 |0.0531 |
201.197 | 0.010 | 0.000 | -1.392 | 0.0591 |-0.0162 |0.0000 |-0.0144 |0.0535 |
201.555 | 0.010 | 0.000 | -1.404 | 0.0595 |-0.0163 |0.0000 |-0.0145 |0.0539 |
201.911 | 0.010 | 0.000 | -1.416 | 0.0599 |-0.0164 |0.0000 |-0.0146 |0.0542 |
202.265 | 0.010 | 0.000 | -1.428 | 0.0603 |-0.0165 |0.0000 |-0.0147 |0.0546 |
202.618 | 0.010 | 0.000 | -1.440 | 0.0607 |-0.0166 |0.0000 |-0.0148 |0.0550 |
202.969 | 0.010 | 0.000 | -1.453 | 0.0611 |-0.0167 |0.0000 |-0.0149 |0.0553 |
203.319 | 0.011 | 0.000 | -1.465 | 0.0615 |-0.0168 |0.0000 |-0.0150 |0.0557 |
203.667 | 0.011 | 0.000 | -1.477 | 0.0619 |-0.0169 |0.0000 |-0.0151 |0.0561 |
204.013 | 0.011 | 0.000 | -1.490 | 0.0623 |-0.0170 |0.0000 |-0.0152 |0.0565 |
204.358 | 0.011 | 0.000 | -1.502 | 0.0627 |-0.0171 |0.0000 |-0.0153 |0.0568 |
204.701 | 0.011 | 0.000 | -1.514 | 0.0631 |-0.0172 |0.0000 |-0.0154 |0.0572 |
205.043 | 0.011 | 0.000 | -1.527 | 0.0635 |-0.0173 |0.0000 |-0.0155 |0.0576 |
205.383 | 0.012 | 0.000 | -1.539 | 0.0639 |-0.0175 |0.0000 |-0.0156 |0.0580 |
205.722 | 0.012 | 0.000 | -1.551 | 0.0643 |-0.0176 |0.0000 |-0.0157 |0.0583 |
206.059 | 0.012 | 0.000 | -1.564 | 0.0647 |-0.0177 |0.0000 |-0.0158 |0.0587 |
206.395 | 0.012 | 0.000 | -1.576 | 0.0651 |-0.0178 |0.0000 |-0.0159 |0.0591 |
206.729 | 0.012 | 0.000 | -1.589 | 0.0655 |-0.0179 |0.0000 |-0.0160 |0.0594 |
207.062 | 0.012 | 0.000 | -1.601 | 0.0659 |-0.0180 |0.0000 |-0.0161 |0.0598 |
207.393 | 0.013 | 0.000 | -1.614 | 0.0663 |-0.0181 |0.0000 |-0.0162 |0.0602 |
207.723 | 0.013 | 0.000 | -1.626 | 0.0667 |-0.0182 |0.0000 |-0.0163 |0.0606 |
208.052 | 0.013 | 0.000 | -1.639 | 0.0671 |-0.0183 |0.0000 |-0.0164 |0.0609 |
208.379 | 0.013 | 0.000 | -1.651 | 0.0675 |-0.0184 |0.0000 |-0.0165 |0.0613 |
208.705 | 0.013 | 0.000 | -1.664 | 0.0679 |-0.0185 |0.0000 |-0.0166 |0.0617 |
209.030 | 0.013 | 0.000 | -1.676 | 0.0683 |-0.0186 |0.0000 |-0.0167 |0.0621 |
209.353 | 0.014 | 0.000 | -1.689 | 0.0687 |-0.0187 |0.0000 |-0.0168 |0.0624 |
209.675 | 0.014 | 0.000 | -1.701 | 0.0691 |-0.0188 |0.0000 |-0.0170 |0.0628 |
209.995 | 0.014 | 0.000 | -1.714 | 0.0695 |-0.0189 |0.0000 |-0.0171 |0.0632 |
210.314 | 0.014 | 0.000 | -1.727 | 0.0699 |-0.0191 |0.0000 |-0.0172 |0.0635 |
210.632 | 0.014 | 0.000 | -1.739 | 0.0702 |-0.0192 |0.0000 |-0.0173 |0.0639 |
210.949 | 0.015 | 0.000 | -1.752 | 0.0706 |-0.0193 |0.0000 |-0.0174 |0.0643 |
211.264 | 0.015 | 0.000 | -1.765 | 0.0710 |-0.0194 |0.0000 |-0.0175 |0.0646 |
211.578 | 0.015 | 0.000 | -1.777 | 0.0714 |-0.0195 |0.0000 |-0.0176 |0.0650 |
211.891 | 0.015 | 0.000 | -1.790 | 0.0718 |-0.0196 |0.0000 |-0.0177 |0.0654 |
212.203 | 0.015 | 0.000 | -1.803 | 0.0722 |-0.0197 |0.0000 |-0.0178 |0.0658 |
212.513 | 0.016 | 0.000 | -1.815 | 0.0726 |-0.0198 |0.0000 |-0.0179 |0.0661 |
212.822 | 0.016 | 0.000 | -1.828 | 0.0730 |-0.0199 |0.0000 |-0.0180 |0.0665 |
213.130 | 0.016 | 0.000 | -1.841 | 0.0734 |-0.0200 |0.0000 |-0.0181 |0.0669 |
213.437 | 0.016 | 0.000 | -1.854 | 0.0738 |-0.0201 |0.0000 |-0.0182 |0.0672 |
213.743 | 0.016 | 0.000 | -1.867 | 0.0742 |-0.0202 |0.0000 |-0.0183 |0.0676 |
214.047 | 0.016 | 0.000 | -1.879 | 0.0746 |-0.0203 |0.0000 |-0.0184 |0.0680 |
214.351 | 0.017 | 0.000 | -1.892 | 0.0750 |-0.0204 |0.0000 |-0.0185 |0.0684 |
214.653 | 0.017 | 0.000 | -1.905 | 0.0754 |-0.0205 |0.0000 |-0.0186 |0.0687 |
214.954 | 0.017 | 0.000 | -1.918 | 0.0758 |-0.0206 |0.0000 |-0.0187 |0.0691 |
215.253 | 0.017 | 0.000 | -1.931 | 0.0762 |-0.0208 |0.0000 |-0.0188 |0.0695 |
215.552 | 0.018 | 0.000 | -1.944 | 0.0766 |-0.0209 |0.0000 |-0.0189 |0.0698 |
215.850 | 0.018 | 0.000 | -1.957 | 0.0769 |-0.0210 |0.0000 |-0.0190 |0.0702 |
216.146 | 0.018 | 0.000 | -1.969 | 0.0773 |-0.0211 |0.0000 |-0.0191 |0.0706 |
216.442 | 0.018 | 0.000 | -1.982 | 0.0777 |-0.0212 |0.0000 |-0.0192 |0.0709 |
216.736 | 0.018 | 0.000 | -1.995 | 0.0781 |-0.0213 |0.0000 |-0.0193 |0.0713 |
217.029 | 0.019 | 0.000 | -2.008 | 0.0785 |-0.0214 |0.0000 |-0.0194 |0.0717 |
217.321 | 0.019 | 0.000 | -2.021 | 0.0789 |-0.0215 |0.0000 |-0.0196 |0.0720 |
217.612 | 0.019 | 0.000 | -2.034 | 0.0793 |-0.0216 |0.0000 |-0.0197 |0.0724 |
217.902 | 0.019 | 0.000 | -2.047 | 0.0797 |-0.0217 |0.0000 |-0.0198 |0.0728 |
218.191 | 0.019 | 0.000 | -2.060 | 0.0801 |-0.0218 |0.0000 |-0.0199 |0.0731 |
218.479 | 0.020 | 0.000 | -2.073 | 0.0805 |-0.0219 |0.0000 |-0.0200 |0.0735 |
218.766 | 0.020 | 0.000 | -2.086 | 0.0809 |-0.0220 |0.0000 |-0.0201 |0.0739 |
219.052 | 0.020 | 0.000 | -2.099 | 0.0813 |-0.0221 |0.0000 |-0.0202 |0.0743 |
219.337 | 0.020 | 0.000 | -2.112 | 0.0816 |-0.0222 |0.0000 |-0.0203 |0.0746 |
219.621 | 0.021 | 0.000 | -2.126 | 0.0820 |-0.0223 |0.0000 |-0.0204 |0.0750 |
219.904 | 0.021 | 0.000 | -2.139 | 0.0824 |-0.0224 |0.0000 |-0.0205 |0.0754 |
220.185 | 0.021 | 0.000 | -2.152 | 0.0828 |-0.0225 |0.0000 |-0.0206 |0.0757 |
220.466 | 0.021 | 0.000 | -2.165 | 0.0832 |-0.0226 |0.0000 |-0.0207 |0.0761 |
220.746 | 0.021 | 0.000 | -2.178 | 0.0836 |-0.0228 |0.0000 |-0.0208 |0.0765 |
221.025 | 0.022 | 0.000 | -2.191 | 0.0840 |-0.0229 |0.0000 |-0.0209 |0.0768 |
221.303 | 0.022 | 0.000 | -2.204 | 0.0844 |-0.0230 |0.0000 |-0.0210 |0.0772 |
221.580 | 0.022 | 0.000 | -2.218 | 0.0848 |-0.0231 |0.0000 |-0.0211 |0.0776 |
221.856 | 0.022 | 0.000 | -2.231 | 0.0852 |-0.0232 |0.0000 |-0.0212 |0.0779 |
222.132 | 0.023 | 0.000 | -2.244 | 0.0856 |-0.0233 |0.0000 |-0.0213 |0.0783 |
222.406 | 0.023 | 0.000 | -2.257 | 0.0859 |-0.0234 |0.0000 |-0.0214 |0.0787 |
222.679 | 0.023 | 0.000 | -2.270 | 0.0863 |-0.0235 |0.0000 |-0.0215 |0.0790 |
222.952 | 0.023 | 0.000 | -2.284 | 0.0867 |-0.0236 |0.0000 |-0.0216 |0.0794 |
223.223 | 0.024 | 0.000 | -2.297 | 0.0871 |-0.0237 |0.0000 |-0.0217 |0.0798 |
223.494 | 0.024 | 0.000 | -2.310 | 0.0875 |-0.0238 |0.0000 |-0.0218 |0.0801 |
223.763 | 0.024 | 0.000 | -2.323 | 0.0879 |-0.0239 |0.0000 |-0.0220 |0.0805 |
224.032 | 0.024 | 0.000 | -2.337 | 0.0883 |-0.0240 |0.0000 |-0.0221 |0.0809 |
224.300 | 0.025 | 0.000 | -2.350 | 0.0887 |-0.0241 |0.0000 |-0.0222 |0.0812 |
224.567 | 0.025 | 0.000 | -2.363 | 0.0891 |-0.0242 |0.0000 |-0.0223 |0.0816 |
224.833 | 0.025 | 0.000 | -2.377 | 0.0895 |-0.0243 |0.0000 |-0.0224 |0.0820 |
225.099 | 0.025 | 0.000 | -2.390 | 0.0898 |-0.0244 |0.0000 |-0.0225 |0.0823 |
225.363 | 0.026 | 0.000 | -2.403 | 0.0902 |-0.0245 |0.0000 |-0.0226 |0.0827 |
225.627 | 0.026 | 0.000 | -2.417 | 0.0906 |-0.0246 |0.0000 |-0.0227 |0.0831 |
225.890 | 0.026 | 0.000 | -2.430 | 0.0910 |-0.0247 |0.0000 |-0.0228 |0.0834 |
226.151 | 0.026 | 0.000 | -2.443 | 0.0914 |-0.0248 |0.0000 |-0.0229 |0.0838 |
226.413 | 0.027 | 0.000 | -2.457 | 0.0918 |-0.0249 |0.0000 |-0.0230 |0.0842 |
226.673 | 0.027 | 0.000 | -2.470 | 0.0922 |-0.0251 |0.0000 |-0.0231 |0.0845 |
226.932 | 0.027 | 0.000 | -2.484 | 0.0926 |-0.0252 |0.0000 |-0.0232 |0.0849 |
227.191 | 0.027 | 0.000 | -2.497 | 0.0929 |-0.0253 |0.0000 |-0.0233 |0.0853 |
227.449 | 0.028 | 0.000 | -2.511 | 0.0933 |-0.0254 |0.0000 |-0.0234 |0.0856 |
227.706 | 0.028 | 0.000 | -2.524 | 0.0937 |-0.0255 |0.0000 |-0.0235 |0.0860 |
227.962 | 0.028 | 0.000 | -2.538 | 0.0941 |-0.0256 |0.0000 |-0.0236 |0.0864 |
228.217 | 0.029 | 0.000 | -2.551 | 0.0945 |-0.0257 |0.0000 |-0.0237 |0.0867 |
228.472 | 0.029 | 0.000 | -2.564 | 0.0949 |-0.0258 |0.0000 |-0.0238 |0.0871 |
228.726 | 0.029 | 0.000 | -2.578 | 0.0953 |-0.0259 |0.0000 |-0.0239 |0.0874 |
228.979 | 0.029 | 0.000 | -2.591 | 0.0957 |-0.0260 |0.0000 |-0.0240 |0.0878 |
229.231 | 0.030 | 0.000 | -2.605 | 0.0961 |-0.0261 |0.0000 |-0.0241 |0.0882 |
229.483 | 0.030 | 0.000 | -2.619 | 0.0964 |-0.0262 |0.0000 |-0.0243 |0.0885 |
229.734 | 0.030 | 0.000 | -2.632 | 0.0968 |-0.0263 |0.0000 |-0.0244 |0.0889 |
229.984 | 0.030 | 0.000 | -2.646 | 0.0972 |-0.0264 |0.0000 |-0.0245 |0.0893 |
230.233 | 0.031 | 0.000 | -2.659 | 0.0976 |-0.0265 |0.0000 |-0.0246 |0.0896 |
230.482 | 0.031 | 0.000 | -2.673 | 0.0980 |-0.0266 |0.0000 |-0.0247 |0.0900 |
230.729 | 0.031 | 0.000 | -2.686 | 0.0984 |-0.0267 |0.0000 |-0.0248 |0.0904 |
230.977 | 0.032 | 0.000 | -2.700 | 0.0988 |-0.0268 |0.0000 |-0.0249 |0.0907 |
231.223 | 0.032 | 0.000 | -2.714 | 0.0991 |-0.0269 |0.0000 |-0.0250 |0.0911 |
231.468 | 0.032 | 0.000 | -2.727 | 0.0995 |-0.0270 |0.0000 |-0.0251 |0.0915 |
231.713 | 0.032 | 0.000 | -2.741 | 0.0999 |-0.0271 |0.0000 |-0.0252 |0.0918 |
231.958 | 0.033 | 0.000 | -2.754 | 0.1003 |-0.0272 |0.0000 |-0.0253 |0.0922 |
232.201 | 0.033 | 0.000 | -2.768 | 0.1007 |-0.0273 |0.0000 |-0.0254 |0.0925 |
232.444 | 0.033 | 0.000 | -2.782 | 0.1011 |-0.0274 |0.0000 |-0.0255 |0.0929 |
232.686 | 0.034 | 0.000 | -2.795 | 0.1015 |-0.0275 |0.0000 |-0.0256 |0.0933 |
232.927 | 0.034 | 0.000 | -2.809 | 0.1018 |-0.0276 |0.0000 |-0.0257 |0.0936 |
233.168 | 0.034 | 0.000 | -2.823 | 0.1022 |-0.0277 |0.0000 |-0.0258 |0.0940 |
233.408 | 0.034 | 0.000 | -2.837 | 0.1026 |-0.0278 |0.0000 |-0.0259 |0.0944 |
233.647 | 0.035 | 0.000 | -2.850 | 0.1030 |-0.0280 |0.0000 |-0.0260 |0.0947 |
233.885 | 0.035 | 0.000 | -2.864 | 0.1034 |-0.0281 |0.0000 |-0.0261 |0.0951 |
234.123 | 0.035 | 0.000 | -2.878 | 0.1038 |-0.0282 |0.0000 |-0.0262 |0.0955 |
234.361 | 0.036 | 0.000 | -2.891 | 0.1042 |-0.0283 |0.0000 |-0.0263 |0.0958 |
234.597 | 0.036 | 0.000 | -2.905 | 0.1045 |-0.0284 |0.0000 |-0.0265 |0.0962 |
234.833 | 0.036 | 0.000 | -2.919 | 0.1049 |-0.0285 |0.0000 |-0.0266 |0.0965 |
235.068 | 0.037 | 0.000 | -2.933 | 0.1053 |-0.0286 |0.0000 |-0.0267 |0.0969 |
235.303 | 0.037 | 0.000 | -2.947 | 0.1057 |-0.0287 |0.0000 |-0.0268 |0.0973 |
235.537 | 0.037 | 0.000 | -2.960 | 0.1061 |-0.0288 |0.0000 |-0.0269 |0.0976 |
235.770 | 0.038 | 0.000 | -2.974 | 0.1065 |-0.0289 |0.0000 |-0.0270 |0.0980 |
236.003 | 0.038 | 0.000 | -2.988 | 0.1068 |-0.0290 |0.0000 |-0.0271 |0.0984 |
236.235 | 0.038 | 0.000 | -3.002 | 0.1072 |-0.0291 |0.0000 |-0.0272 |0.0987 |
236.466 | 0.038 | 0.000 | -3.016 | 0.1076 |-0.0292 |0.0000 |-0.0273 |0.0991 |
236.697 | 0.039 | 0.000 | -3.029 | 0.1080 |-0.0293 |0.0000 |-0.0274 |0.0994 |
236.927 | 0.039 | 0.000 | -3.043 | 0.1084 |-0.0294 |0.0000 |-0.0275 |0.0998 |
237.156 | 0.039 | 0.000 | -3.057 | 0.1088 |-0.0295 |0.0000 |-0.0276 |0.1002 |
237.385 | 0.040 | 0.000 | -3.071 | 0.1092 |-0.0296 |0.0000 |-0.0277 |0.1005 |
237.613 | 0.040 | 0.000 | -3.085 | 0.1095 |-0.0297 |0.0000 |-0.0278 |0.1009 |
237.841 | 0.040 | 0.000 | -3.099 | 0.1099 |-0.0298 |0.0000 |-0.0279 |0.1012 |
238.068 | 0.041 | 0.000 | -3.113 | 0.1103 |-0.0299 |0.0000 |-0.0280 |0.1016 |
238.294 | 0.041 | 0.000 | -3.127 | 0.1107 |-0.0300 |0.0000 |-0.0281 |0.1020 |
238.520 | 0.041 | 0.000 | -3.140 | 0.1111 |-0.0301 |0.0000 |-0.0282 |0.1023 |
238.745 | 0.042 | 0.000 | -3.154 | 0.1115 |-0.0302 |0.0000 |-0.0283 |0.1027 |
238.970 | 0.042 | 0.000 | -3.168 | 0.1118 |-0.0303 |0.0000 |-0.0284 |0.1030 |
239.194 | 0.042 | 0.000 | -3.182 | 0.1122 |-0.0304 |0.0000 |-0.0286 |0.1034 |
239.417 | 0.043 | 0.000 | -3.196 | 0.1126 |-0.0305 |0.0000 |-0.0287 |0.1038 |
239.640 | 0.043 | 0.000 | -3.210 | 0.1130 |-0.0306 |0.0000 |-0.0288 |0.1041 |
239.863 | 0.043 | 0.000 | -3.224 | 0.1134 |-0.0307 |0.0000 |-0.0289 |0.1045 |
240.084 | 0.044 | 0.000 | -3.238 | 0.1137 |-0.0308 |0.0000 |-0.0290 |0.1049 |
240.305 | 0.044 | 0.000 | -3.252 | 0.1141 |-0.0309 |0.0000 |-0.0291 |0.1052 |
240.526 | 0.044 | 0.000 | -3.266 | 0.1145 |-0.0310 |0.0000 |-0.0292 |0.1056 |
240.746 | 0.045 | 0.000 | -3.280 | 0.1149 |-0.0311 |0.0000 |-0.0293 |0.1059 |
240.965 | 0.045 | 0.000 | -3.294 | 0.1153 |-0.0312 |0.0000 |-0.0294 |0.1063 |
241.184 | 0.045 | 0.000 | -3.308 | 0.1157 |-0.0313 |0.0000 |-0.0295 |0.1067 |
241.402 | 0.046 | 0.000 | -3.322 | 0.1160 |-0.0314 |0.0000 |-0.0296 |0.1070 |
241.620 | 0.046 | 0.000 | -3.336 | 0.1164 |-0.0315 |0.0000 |-0.0297 |0.1074 |
241.837 | 0.046 | 0.000 | -3.350 | 0.1168 |-0.0316 |0.0000 |-0.0298 |0.1077 |
242.054 | 0.047 | 0.000 | -3.364 | 0.1172 |-0.0317 |0.0000 |-0.0299 |0.1081 |
242.270 | 0.047 | 0.000 | -3.378 | 0.1176 |-0.0318 |0.0000 |-0.0300 |0.1085 |
242.485 | 0.047 | 0.000 | -3.392 | 0.1179 |-0.0319 |0.0000 |-0.0301 |0.1088 |
242.700 | 0.048 | 0.000 | -3.406 | 0.1183 |-0.0320 |0.0000 |-0.0302 |0.1092 |
242.915 | 0.048 | 0.000 | -3.421 | 0.1187 |-0.0321 |0.0000 |-0.0303 |0.1095 |
243.129 | 0.049 | 0.000 | -3.435 | 0.1191 |-0.0323 |0.0000 |-0.0304 |0.1099 |
243.342 | 0.049 | 0.000 | -3.449 | 0.1195 |-0.0324 |0.0000 |-0.0306 |0.1102 |
243.555 | 0.049 | 0.000 | -3.463 | 0.1199 |-0.0325 |0.0000 |-0.0307 |0.1106 |
243.767 | 0.050 | 0.000 | -3.477 | 0.1202 |-0.0326 |0.0000 |-0.0308 |0.1110 |
243.979 | 0.050 | 0.000 | -3.491 | 0.1206 |-0.0327 |0.0000 |-0.0309 |0.1113 |
244.190 | 0.050 | 0.000 | -3.505 | 0.1210 |-0.0328 |0.0000 |-0.0310 |0.1117 |
244.401 | 0.051 | 0.000 | -3.519 | 0.1214 |-0.0329 |0.0000 |-0.0311 |0.1120 |
244.611 | 0.051 | 0.000 | -3.533 | 0.1218 |-0.0330 |0.0000 |-0.0312 |0.1124 |
244.821 | 0.051 | 0.000 | -3.548 | 0.1221 |-0.0331 |0.0000 |-0.0313 |0.1128 |
245.030 | 0.052 | 0.000 | -3.562 | 0.1225 |-0.0332 |0.0000 |-0.0314 |0.1131 |
245.239 | 0.052 | 0.000 | -3.576 | 0.1229 |-0.0333 |0.0000 |-0.0315 |0.1135 |
245.447 | 0.053 | 0.000 | -3.590 | 0.1233 |-0.0334 |0.0000 |-0.0316 |0.1138 |
245.655 | 0.053 | 0.000 | -3.604 | 0.1237 |-0.0335 |0.0000 |-0.0317 |0.1142 |
245.862 | 0.053 | 0.000 | -3.618 | 0.1240 |-0.0336 |0.0000 |-0.0318 |0.1145 |
246.069 | 0.054 | 0.000 | -3.633 | 0.1244 |-0.0337 |0.0000 |-0.0319 |0.1149 |
246.275 | 0.054 | 0.000 | -3.647 | 0.1248 |-0.0338 |0.0000 |-0.0320 |0.1153 |
246.481 | 0.054 | 0.000 | -3.661 | 0.1252 |-0.0339 |0.0000 |-0.0321 |0.1156 |
246.686 | 0.055 | 0.000 | -3.675 | 0.1255 |-0.0340 |0.0000 |-0.0322 |0.1160 |
246.891 | 0.055 | 0.000 | -3.690 | 0.1259 |-0.0341 |0.0000 |-0.0323 |0.1163 |
247.095 | 0.056 | 0.000 | -3.704 | 0.1263 |-0.0342 |0.0000 |-0.0325 |0.1167 |
247.299 | 0.056 | 0.000 | -3.718 | 0.1267 |-0.0343 |0.0000 |-0.0326 |0.1171 |
247.502 | 0.056 | 0.000 | -3.732 | 0.1271 |-0.0344 |0.0000 |-0.0327 |0.1174 |
247.705 | 0.057 | 0.000 | -3.747 | 0.1274 |-0.0345 |0.0000 |-0.0328 |0.1178 |
247.907 | 0.057 | 0.000 | -3.761 | 0.1278 |-0.0346 |0.0000 |-0.0329 |0.1181 |
248.109 | 0.058 | 0.000 | -3.775 | 0.1282 |-0.0347 |0.0000 |-0.0330 |0.1185 |
248.310 | 0.058 | 0.000 | -3.789 | 0.1286 |-0.0348 |0.0000 |-0.0331 |0.1188 |
248.511 | 0.058 | 0.000 | -3.804 | 0.1290 |-0.0349 |0.0000 |-0.0332 |0.1192 |
248.711 | 0.059 | 0.000 | -3.818 | 0.1293 |-0.0350 |0.0000 |-0.0333 |0.1196 |
248.911 | 0.059 | 0.000 | -3.832 | 0.1297 |-0.0351 |0.0000 |-0.0334 |0.1199 |
249.111 | 0.060 | 0.000 | -3.847 | 0.1301 |-0.0352 |0.0000 |-0.0335 |0.1203 |
249.309 | 0.060 | 0.000 | -3.861 | 0.1305 |-0.0353 |0.0000 |-0.0336 |0.1206 |
249.508 | 0.061 | 0.000 | -3.875 | 0.1308 |-0.0354 |0.0000 |-0.0337 |0.1210 |
249.705 | 0.061 | 0.000 | -3.890 | 0.1312 |-0.0355 |0.0000 |-0.0338 |0.1213 |
249.903 | 0.062 | 0.000 | -3.904 | 0.1316 |-0.0356 |0.0000 |-0.0339 |0.1217 |
250.100 | 0.062 | 0.000 | -3.919 | 0.1320 |-0.0357 |0.0000 |-0.0340 |0.1220 |
250.201 | 0.062 | 0.000 | -3.926 | 0.1322 |-0.0357 |0.0000 |-0.0341 |0.1222 |
