Test angle: 90
Mesh element_496 : S11 | S22 | S33 | S12 | E11 | E22 | E33 | 2*E12 | EPbar 
0.000 | 0.000 | 0.000 | 0.000 | 0.0000 |0.0000 |0.0000 |0.0000 |0.0000 |
0.503 | -0.000 | 0.000 | -0.000 | 0.0000 |-0.0000 |0.0000 |-0.0000 |0.0000 |
1.005 | -0.000 | 0.000 | -0.000 | 0.0000 |-0.0000 |0.0000 |-0.0000 |0.0000 |
1.759 | -0.000 | 0.000 | -0.000 | 0.0000 |-0.0000 |0.0000 |-0.0000 |0.0000 |
2.891 | -0.000 | 0.000 | -0.000 | 0.0000 |-0.0000 |0.0000 |-0.0000 |0.0000 |
4.587 | -0.000 | 0.000 | -0.000 | 0.0001 |-0.0000 |0.0000 |-0.0000 |0.0000 |
7.132 | -0.000 | 0.000 | -0.000 | 0.0001 |-0.0000 |0.0000 |-0.0000 |0.0000 |
10.949 | -0.000 | 0.000 | -0.000 | 0.0002 |-0.0001 |0.0000 |-0.0000 |0.0000 |
16.675 | -0.000 | 0.000 | -0.000 | 0.0002 |-0.0001 |0.0000 |-0.0000 |0.0000 |
25.262 | -0.000 | 0.000 | -0.000 | 0.0004 |-0.0001 |0.0000 |-0.0000 |0.0000 |
38.142 | -0.000 | 0.000 | -0.000 | 0.0005 |-0.0002 |0.0000 |-0.0000 |0.0000 |
57.458 | -0.000 | 0.000 | -0.000 | 0.0008 |-0.0003 |0.0000 |-0.0000 |0.0000 |
82.576 | -0.000 | 0.000 | -0.000 | 0.0012 |-0.0004 |0.0000 |-0.0000 |0.0000 |
107.663 | -0.000 | 0.000 | -0.000 | 0.0015 |-0.0005 |0.0000 |-0.0000 |0.0000 |
112.349 | -0.000 | 0.000 | -0.000 | 0.0020 |-0.0007 |0.0000 |-0.0000 |0.0004 |
114.157 | -0.000 | 0.000 | -0.000 | 0.0024 |-0.0008 |0.0000 |-0.0000 |0.0008 |
115.884 | -0.000 | 0.000 | -0.000 | 0.0028 |-0.0010 |0.0000 |-0.0000 |0.0012 |
117.542 | -0.000 | 0.000 | -0.000 | 0.0033 |-0.0012 |0.0000 |-0.0000 |0.0016 |
119.140 | -0.000 | 0.000 | -0.000 | 0.0037 |-0.0013 |0.0000 |-0.0000 |0.0020 |
120.684 | -0.000 | 0.000 | -0.000 | 0.0041 |-0.0015 |0.0000 |-0.0000 |0.0024 |
122.178 | -0.000 | 0.000 | -0.000 | 0.0046 |-0.0016 |0.0000 |-0.0000 |0.0028 |
123.627 | -0.000 | 0.000 | -0.000 | 0.0050 |-0.0018 |0.0000 |-0.0000 |0.0032 |
125.033 | -0.000 | 0.000 | -0.001 | 0.0054 |-0.0020 |0.0000 |-0.0000 |0.0036 |
126.401 | 0.000 | 0.000 | -0.001 | 0.0058 |-0.0021 |0.0000 |-0.0000 |0.0040 |
127.732 | -0.000 | 0.000 | -0.001 | 0.0063 |-0.0023 |0.0000 |-0.0000 |0.0044 |
129.029 | -0.000 | 0.000 | -0.001 | 0.0067 |-0.0025 |0.0000 |-0.0000 |0.0048 |
130.294 | 0.000 | 0.000 | -0.001 | 0.0071 |-0.0026 |0.0000 |-0.0000 |0.0051 |
131.529 | 0.000 | 0.000 | -0.001 | 0.0075 |-0.0028 |0.0000 |-0.0000 |0.0055 |
132.735 | 0.000 | 0.000 | -0.001 | 0.0079 |-0.0029 |0.0000 |-0.0000 |0.0059 |
133.915 | 0.000 | 0.000 | -0.001 | 0.0084 |-0.0031 |0.0000 |-0.0000 |0.0063 |
135.069 | 0.000 | 0.000 | -0.001 | 0.0088 |-0.0032 |0.0000 |-0.0000 |0.0067 |
136.199 | 0.000 | 0.000 | -0.001 | 0.0092 |-0.0034 |0.0000 |-0.0000 |0.0071 |
137.306 | 0.000 | 0.000 | -0.001 | 0.0096 |-0.0036 |0.0000 |-0.0000 |0.0075 |
138.392 | 0.000 | 0.000 | -0.001 | 0.0100 |-0.0037 |0.0000 |-0.0000 |0.0079 |
139.456 | 0.000 | 0.000 | -0.001 | 0.0105 |-0.0039 |0.0000 |-0.0000 |0.0083 |
140.501 | 0.000 | 0.000 | -0.002 | 0.0109 |-0.0040 |0.0000 |-0.0000 |0.0087 |
141.526 | 0.000 | 0.000 | -0.002 | 0.0113 |-0.0042 |0.0000 |-0.0000 |0.0091 |
142.534 | 0.000 | 0.000 | -0.002 | 0.0117 |-0.0044 |0.0000 |-0.0000 |0.0095 |
143.524 | 0.000 | 0.000 | -0.002 | 0.0121 |-0.0045 |0.0000 |-0.0000 |0.0099 |
144.497 | 0.000 | 0.000 | -0.002 | 0.0125 |-0.0047 |0.0000 |-0.0000 |0.0103 |
145.454 | 0.000 | 0.000 | -0.002 | 0.0130 |-0.0048 |0.0000 |-0.0000 |0.0107 |
146.396 | 0.000 | 0.000 | -0.002 | 0.0134 |-0.0050 |0.0000 |-0.0000 |0.0111 |
147.323 | 0.000 | 0.000 | -0.002 | 0.0138 |-0.0051 |0.0000 |-0.0000 |0.0115 |
148.236 | 0.000 | 0.000 | -0.002 | 0.0142 |-0.0053 |0.0000 |-0.0000 |0.0119 |
149.134 | 0.000 | 0.000 | -0.002 | 0.0146 |-0.0055 |0.0000 |-0.0000 |0.0122 |
150.020 | 0.000 | 0.000 | -0.002 | 0.0150 |-0.0056 |0.0000 |-0.0000 |0.0126 |
150.892 | 0.000 | 0.000 | -0.002 | 0.0154 |-0.0058 |0.0000 |-0.0000 |0.0130 |
151.753 | 0.000 | 0.000 | -0.003 | 0.0158 |-0.0059 |0.0000 |-0.0000 |0.0134 |
152.601 | 0.000 | 0.000 | -0.003 | 0.0163 |-0.0061 |0.0000 |-0.0000 |0.0138 |
153.438 | 0.000 | 0.000 | -0.003 | 0.0167 |-0.0062 |0.0000 |-0.0000 |0.0142 |
154.263 | 0.000 | 0.000 | -0.003 | 0.0171 |-0.0064 |0.0000 |-0.0000 |0.0146 |
155.078 | 0.000 | 0.000 | -0.003 | 0.0175 |-0.0066 |0.0000 |-0.0000 |0.0150 |
155.882 | 0.000 | 0.000 | -0.003 | 0.0179 |-0.0067 |0.0000 |-0.0000 |0.0154 |
156.676 | 0.000 | 0.000 | -0.003 | 0.0183 |-0.0069 |0.0000 |-0.0000 |0.0158 |
157.460 | 0.000 | 0.000 | -0.003 | 0.0187 |-0.0070 |0.0000 |-0.0000 |0.0162 |
158.234 | 0.000 | 0.000 | -0.003 | 0.0191 |-0.0072 |0.0000 |-0.0000 |0.0166 |
158.999 | 0.000 | 0.000 | -0.003 | 0.0196 |-0.0073 |0.0000 |-0.0000 |0.0170 |
159.755 | 0.000 | 0.000 | -0.003 | 0.0200 |-0.0075 |0.0000 |-0.0000 |0.0174 |
160.502 | 0.000 | 0.000 | -0.004 | 0.0204 |-0.0076 |0.0000 |-0.0000 |0.0178 |
161.240 | 0.000 | 0.000 | -0.004 | 0.0208 |-0.0078 |0.0000 |-0.0000 |0.0181 |
161.970 | 0.000 | 0.000 | -0.004 | 0.0212 |-0.0080 |0.0000 |-0.0000 |0.0185 |
162.692 | 0.000 | 0.000 | -0.004 | 0.0216 |-0.0081 |0.0000 |-0.0000 |0.0189 |
163.406 | 0.000 | 0.000 | -0.004 | 0.0220 |-0.0083 |0.0000 |-0.0000 |0.0193 |
164.112 | 0.000 | 0.000 | -0.004 | 0.0224 |-0.0084 |0.0000 |-0.0000 |0.0197 |
164.811 | 0.000 | 0.000 | -0.004 | 0.0228 |-0.0086 |0.0000 |-0.0001 |0.0201 |
165.502 | 0.000 | 0.000 | -0.004 | 0.0232 |-0.0087 |0.0000 |-0.0001 |0.0205 |
166.187 | 0.000 | 0.000 | -0.004 | 0.0237 |-0.0089 |0.0000 |-0.0001 |0.0209 |
166.864 | 0.000 | 0.000 | -0.004 | 0.0241 |-0.0090 |0.0000 |-0.0001 |0.0213 |
167.535 | 0.000 | 0.000 | -0.005 | 0.0245 |-0.0092 |0.0000 |-0.0001 |0.0217 |
168.198 | 0.000 | 0.000 | -0.005 | 0.0249 |-0.0094 |0.0000 |-0.0001 |0.0221 |
168.855 | 0.000 | 0.000 | -0.005 | 0.0253 |-0.0095 |0.0000 |-0.0001 |0.0225 |
169.506 | 0.000 | 0.000 | -0.005 | 0.0257 |-0.0097 |0.0000 |-0.0001 |0.0228 |
170.151 | 0.000 | 0.000 | -0.005 | 0.0261 |-0.0098 |0.0000 |-0.0001 |0.0232 |
170.789 | 0.000 | 0.000 | -0.005 | 0.0265 |-0.0100 |0.0000 |-0.0001 |0.0236 |
171.422 | 0.000 | 0.000 | -0.005 | 0.0269 |-0.0101 |0.0000 |-0.0001 |0.0240 |
172.048 | 0.000 | 0.000 | -0.005 | 0.0273 |-0.0103 |0.0000 |-0.0001 |0.0244 |
172.669 | 0.000 | 0.000 | -0.005 | 0.0277 |-0.0104 |0.0000 |-0.0001 |0.0248 |
173.285 | 0.000 | 0.000 | -0.005 | 0.0281 |-0.0106 |0.0000 |-0.0001 |0.0252 |
173.895 | 0.000 | 0.000 | -0.006 | 0.0285 |-0.0107 |0.0000 |-0.0001 |0.0256 |
174.500 | 0.000 | 0.000 | -0.006 | 0.0290 |-0.0109 |0.0000 |-0.0001 |0.0260 |
175.099 | 0.000 | 0.000 | -0.006 | 0.0294 |-0.0111 |0.0000 |-0.0001 |0.0264 |
175.694 | 0.000 | 0.000 | -0.006 | 0.0298 |-0.0112 |0.0000 |-0.0001 |0.0268 |
176.283 | 0.000 | 0.000 | -0.006 | 0.0302 |-0.0114 |0.0000 |-0.0001 |0.0271 |
176.868 | 0.000 | 0.000 | -0.006 | 0.0306 |-0.0115 |0.0000 |-0.0001 |0.0275 |
177.447 | 0.000 | 0.000 | -0.006 | 0.0310 |-0.0117 |0.0000 |-0.0001 |0.0279 |
178.022 | 0.000 | 0.000 | -0.006 | 0.0314 |-0.0118 |0.0000 |-0.0001 |0.0283 |
178.592 | 0.000 | 0.000 | -0.006 | 0.0318 |-0.0120 |0.0000 |-0.0001 |0.0287 |
179.157 | 0.000 | 0.000 | -0.007 | 0.0322 |-0.0121 |0.0000 |-0.0001 |0.0291 |
179.719 | 0.000 | 0.000 | -0.007 | 0.0326 |-0.0123 |0.0000 |-0.0001 |0.0295 |
180.275 | 0.000 | 0.000 | -0.007 | 0.0330 |-0.0124 |0.0000 |-0.0001 |0.0299 |
180.828 | 0.000 | 0.000 | -0.007 | 0.0334 |-0.0126 |0.0000 |-0.0001 |0.0303 |
181.376 | 0.000 | 0.000 | -0.007 | 0.0338 |-0.0127 |0.0000 |-0.0001 |0.0307 |
181.920 | 0.000 | 0.000 | -0.007 | 0.0342 |-0.0129 |0.0000 |-0.0001 |0.0310 |
182.460 | 0.000 | 0.000 | -0.007 | 0.0346 |-0.0131 |0.0000 |-0.0001 |0.0314 |
182.996 | 0.000 | 0.000 | -0.007 | 0.0350 |-0.0132 |0.0000 |-0.0001 |0.0318 |
183.528 | 0.000 | 0.000 | -0.007 | 0.0354 |-0.0134 |0.0000 |-0.0001 |0.0322 |
184.056 | 0.000 | 0.000 | -0.008 | 0.0358 |-0.0135 |0.0000 |-0.0001 |0.0326 |
184.580 | 0.000 | 0.000 | -0.008 | 0.0362 |-0.0137 |0.0000 |-0.0001 |0.0330 |
185.101 | 0.000 | 0.000 | -0.008 | 0.0366 |-0.0138 |0.0000 |-0.0001 |0.0334 |
185.617 | 0.000 | 0.000 | -0.008 | 0.0371 |-0.0140 |0.0000 |-0.0001 |0.0338 |
186.131 | 0.000 | 0.000 | -0.008 | 0.0375 |-0.0141 |0.0000 |-0.0001 |0.0342 |
186.640 | 0.000 | 0.000 | -0.008 | 0.0379 |-0.0143 |0.0000 |-0.0001 |0.0345 |
187.146 | 0.000 | 0.000 | -0.008 | 0.0383 |-0.0144 |0.0000 |-0.0001 |0.0349 |
187.649 | 0.000 | 0.000 | -0.008 | 0.0387 |-0.0146 |0.0000 |-0.0001 |0.0353 |
188.148 | 0.000 | 0.000 | -0.008 | 0.0391 |-0.0147 |0.0000 |-0.0001 |0.0357 |
188.644 | 0.000 | 0.000 | -0.009 | 0.0395 |-0.0149 |0.0000 |-0.0001 |0.0361 |
189.137 | 0.000 | 0.000 | -0.009 | 0.0399 |-0.0150 |0.0000 |-0.0001 |0.0365 |
189.626 | 0.000 | 0.000 | -0.009 | 0.0403 |-0.0152 |0.0000 |-0.0001 |0.0369 |
190.112 | 0.000 | 0.000 | -0.009 | 0.0407 |-0.0154 |0.0000 |-0.0001 |0.0373 |
190.595 | 0.000 | 0.000 | -0.009 | 0.0411 |-0.0155 |0.0000 |-0.0001 |0.0376 |
191.075 | 0.000 | 0.000 | -0.009 | 0.0415 |-0.0157 |0.0000 |-0.0001 |0.0380 |
191.552 | 0.000 | 0.000 | -0.009 | 0.0419 |-0.0158 |0.0000 |-0.0001 |0.0384 |
192.025 | 0.000 | 0.000 | -0.009 | 0.0423 |-0.0160 |0.0000 |-0.0001 |0.0388 |
192.496 | 0.000 | 0.000 | -0.010 | 0.0427 |-0.0161 |0.0000 |-0.0001 |0.0392 |
192.964 | 0.000 | 0.000 | -0.010 | 0.0431 |-0.0163 |0.0000 |-0.0001 |0.0396 |
193.429 | 0.000 | 0.000 | -0.010 | 0.0435 |-0.0164 |0.0000 |-0.0001 |0.0400 |
193.892 | 0.000 | 0.000 | -0.010 | 0.0439 |-0.0166 |0.0000 |-0.0001 |0.0404 |
194.351 | 0.000 | 0.000 | -0.010 | 0.0443 |-0.0167 |0.0000 |-0.0001 |0.0407 |
194.808 | 0.000 | 0.000 | -0.010 | 0.0447 |-0.0169 |0.0000 |-0.0001 |0.0411 |
195.262 | 0.000 | 0.000 | -0.010 | 0.0451 |-0.0170 |0.0000 |-0.0001 |0.0415 |
195.713 | 0.000 | 0.000 | -0.010 | 0.0455 |-0.0172 |0.0000 |-0.0001 |0.0419 |
196.162 | 0.000 | 0.000 | -0.011 | 0.0459 |-0.0173 |0.0000 |-0.0001 |0.0423 |
196.608 | 0.000 | 0.000 | -0.011 | 0.0463 |-0.0175 |0.0000 |-0.0001 |0.0427 |
197.051 | 0.000 | 0.000 | -0.011 | 0.0467 |-0.0176 |0.0000 |-0.0001 |0.0431 |
197.492 | 0.000 | 0.000 | -0.011 | 0.0471 |-0.0178 |0.0000 |-0.0001 |0.0435 |
197.930 | 0.000 | 0.000 | -0.011 | 0.0475 |-0.0179 |0.0000 |-0.0001 |0.0438 |
198.366 | 0.000 | 0.000 | -0.011 | 0.0479 |-0.0181 |0.0000 |-0.0001 |0.0442 |
198.799 | 0.000 | 0.000 | -0.011 | 0.0483 |-0.0182 |0.0000 |-0.0001 |0.0446 |
199.230 | 0.000 | 0.000 | -0.011 | 0.0487 |-0.0184 |0.0000 |-0.0001 |0.0450 |
199.659 | 0.000 | 0.000 | -0.012 | 0.0491 |-0.0186 |0.0000 |-0.0001 |0.0454 |
200.085 | 0.000 | 0.000 | -0.012 | 0.0495 |-0.0187 |0.0000 |-0.0001 |0.0458 |
200.509 | 0.000 | 0.000 | -0.012 | 0.0499 |-0.0189 |0.0000 |-0.0001 |0.0462 |
200.931 | 0.000 | 0.000 | -0.012 | 0.0503 |-0.0190 |0.0000 |-0.0001 |0.0465 |
201.350 | 0.000 | 0.000 | -0.012 | 0.0507 |-0.0192 |0.0000 |-0.0001 |0.0469 |
201.767 | 0.000 | 0.000 | -0.012 | 0.0511 |-0.0193 |0.0000 |-0.0001 |0.0473 |
202.182 | 0.000 | 0.000 | -0.012 | 0.0515 |-0.0195 |0.0000 |-0.0001 |0.0477 |
202.595 | 0.000 | 0.000 | -0.012 | 0.0519 |-0.0196 |0.0000 |-0.0001 |0.0481 |
203.006 | 0.000 | 0.000 | -0.013 | 0.0523 |-0.0198 |0.0000 |-0.0001 |0.0485 |
203.414 | 0.000 | 0.000 | -0.013 | 0.0527 |-0.0199 |0.0000 |-0.0001 |0.0489 |
203.821 | 0.000 | 0.000 | -0.013 | 0.0531 |-0.0201 |0.0000 |-0.0001 |0.0492 |
204.225 | 0.000 | 0.000 | -0.013 | 0.0535 |-0.0202 |0.0000 |-0.0001 |0.0496 |
204.627 | 0.000 | 0.000 | -0.013 | 0.0539 |-0.0204 |0.0000 |-0.0001 |0.0500 |
205.027 | 0.000 | 0.000 | -0.013 | 0.0543 |-0.0205 |0.0000 |-0.0001 |0.0504 |
205.426 | 0.000 | 0.000 | -0.013 | 0.0547 |-0.0207 |0.0000 |-0.0001 |0.0508 |
205.822 | 0.000 | 0.000 | -0.013 | 0.0551 |-0.0208 |0.0000 |-0.0001 |0.0512 |
206.216 | 0.000 | 0.000 | -0.014 | 0.0555 |-0.0210 |0.0000 |-0.0001 |0.0515 |
206.608 | 0.000 | 0.000 | -0.014 | 0.0559 |-0.0211 |0.0000 |-0.0001 |0.0519 |
206.999 | 0.000 | 0.000 | -0.014 | 0.0563 |-0.0213 |0.0000 |-0.0001 |0.0523 |
207.387 | 0.000 | 0.000 | -0.014 | 0.0567 |-0.0214 |0.0000 |-0.0001 |0.0527 |
207.774 | 0.000 | 0.000 | -0.014 | 0.0570 |-0.0216 |0.0000 |-0.0001 |0.0531 |
208.159 | 0.000 | 0.000 | -0.014 | 0.0574 |-0.0217 |0.0000 |-0.0001 |0.0535 |
208.542 | 0.000 | 0.000 | -0.014 | 0.0578 |-0.0219 |0.0000 |-0.0001 |0.0539 |
208.923 | 0.000 | 0.000 | -0.015 | 0.0582 |-0.0220 |0.0000 |-0.0001 |0.0542 |
209.302 | 0.000 | 0.000 | -0.015 | 0.0586 |-0.0222 |0.0000 |-0.0001 |0.0546 |
209.680 | 0.000 | 0.000 | -0.015 | 0.0590 |-0.0223 |0.0000 |-0.0001 |0.0550 |
210.056 | 0.000 | 0.000 | -0.015 | 0.0594 |-0.0225 |0.0000 |-0.0001 |0.0554 |
210.430 | 0.000 | 0.000 | -0.015 | 0.0598 |-0.0226 |0.0000 |-0.0001 |0.0558 |
210.802 | 0.000 | 0.000 | -0.015 | 0.0602 |-0.0228 |0.0000 |-0.0002 |0.0562 |
211.173 | 0.000 | 0.000 | -0.015 | 0.0606 |-0.0229 |0.0000 |-0.0002 |0.0565 |
211.541 | 0.000 | 0.000 | -0.015 | 0.0610 |-0.0231 |0.0000 |-0.0002 |0.0569 |
211.909 | 0.000 | 0.000 | -0.016 | 0.0614 |-0.0232 |0.0000 |-0.0002 |0.0573 |
212.274 | 0.000 | 0.000 | -0.016 | 0.0618 |-0.0234 |0.0000 |-0.0002 |0.0577 |
212.638 | 0.000 | 0.000 | -0.016 | 0.0622 |-0.0235 |0.0000 |-0.0002 |0.0581 |
213.001 | 0.000 | 0.000 | -0.016 | 0.0626 |-0.0237 |0.0000 |-0.0002 |0.0585 |
213.362 | 0.000 | 0.000 | -0.016 | 0.0630 |-0.0238 |0.0000 |-0.0002 |0.0588 |
213.721 | 0.000 | 0.000 | -0.016 | 0.0634 |-0.0240 |0.0000 |-0.0002 |0.0592 |
214.078 | 0.000 | 0.000 | -0.016 | 0.0638 |-0.0241 |0.0000 |-0.0002 |0.0596 |
214.435 | 0.000 | 0.000 | -0.017 | 0.0642 |-0.0243 |0.0000 |-0.0002 |0.0600 |
214.789 | 0.000 | 0.000 | -0.017 | 0.0646 |-0.0244 |0.0000 |-0.0002 |0.0604 |
215.142 | 0.000 | 0.000 | -0.017 | 0.0650 |-0.0246 |0.0000 |-0.0002 |0.0607 |
215.494 | 0.000 | 0.000 | -0.017 | 0.0654 |-0.0247 |0.0000 |-0.0002 |0.0611 |
215.844 | 0.000 | 0.000 | -0.017 | 0.0657 |-0.0249 |0.0000 |-0.0002 |0.0615 |
216.192 | 0.000 | 0.000 | -0.017 | 0.0661 |-0.0250 |0.0000 |-0.0002 |0.0619 |
216.539 | 0.000 | 0.000 | -0.017 | 0.0665 |-0.0252 |0.0000 |-0.0002 |0.0623 |
216.885 | 0.000 | 0.000 | -0.018 | 0.0669 |-0.0253 |0.0000 |-0.0002 |0.0627 |
217.229 | 0.000 | 0.000 | -0.018 | 0.0673 |-0.0255 |0.0000 |-0.0002 |0.0630 |
217.572 | 0.000 | 0.000 | -0.018 | 0.0677 |-0.0256 |0.0000 |-0.0002 |0.0634 |
217.914 | 0.000 | 0.000 | -0.018 | 0.0681 |-0.0258 |0.0000 |-0.0002 |0.0638 |
218.254 | 0.000 | 0.000 | -0.018 | 0.0685 |-0.0259 |0.0000 |-0.0002 |0.0642 |
218.592 | 0.000 | 0.000 | -0.018 | 0.0689 |-0.0261 |0.0000 |-0.0002 |0.0646 |
218.930 | 0.000 | 0.000 | -0.018 | 0.0693 |-0.0262 |0.0000 |-0.0002 |0.0649 |
219.265 | 0.000 | 0.000 | -0.019 | 0.0697 |-0.0264 |0.0000 |-0.0002 |0.0653 |
219.600 | 0.000 | 0.000 | -0.019 | 0.0701 |-0.0265 |0.0000 |-0.0002 |0.0657 |
219.933 | 0.000 | 0.000 | -0.019 | 0.0705 |-0.0267 |0.0000 |-0.0002 |0.0661 |
220.265 | 0.000 | 0.000 | -0.019 | 0.0709 |-0.0268 |0.0000 |-0.0002 |0.0665 |
220.596 | 0.000 | 0.000 | -0.019 | 0.0713 |-0.0270 |0.0000 |-0.0002 |0.0668 |
220.925 | 0.000 | 0.000 | -0.019 | 0.0716 |-0.0271 |0.0000 |-0.0002 |0.0672 |
221.253 | 0.000 | 0.000 | -0.019 | 0.0720 |-0.0273 |0.0000 |-0.0002 |0.0676 |
221.580 | 0.000 | 0.000 | -0.020 | 0.0724 |-0.0274 |0.0000 |-0.0002 |0.0680 |
221.905 | 0.000 | 0.000 | -0.020 | 0.0728 |-0.0276 |0.0000 |-0.0002 |0.0684 |
222.230 | 0.000 | 0.000 | -0.020 | 0.0732 |-0.0277 |0.0000 |-0.0002 |0.0687 |
222.553 | 0.000 | 0.000 | -0.020 | 0.0736 |-0.0279 |0.0000 |-0.0002 |0.0691 |
222.874 | 0.000 | 0.000 | -0.020 | 0.0740 |-0.0280 |0.0000 |-0.0002 |0.0695 |
223.195 | 0.000 | 0.000 | -0.020 | 0.0744 |-0.0282 |0.0000 |-0.0002 |0.0699 |
223.514 | 0.000 | 0.000 | -0.020 | 0.0748 |-0.0283 |0.0000 |-0.0002 |0.0703 |
223.832 | 0.000 | 0.000 | -0.021 | 0.0752 |-0.0285 |0.0000 |-0.0002 |0.0706 |
224.149 | 0.000 | 0.000 | -0.021 | 0.0756 |-0.0286 |0.0000 |-0.0002 |0.0710 |
224.465 | 0.000 | 0.000 | -0.021 | 0.0760 |-0.0288 |0.0000 |-0.0002 |0.0714 |
224.780 | 0.000 | 0.000 | -0.021 | 0.0763 |-0.0289 |0.0000 |-0.0002 |0.0718 |
225.093 | 0.000 | 0.000 | -0.021 | 0.0767 |-0.0291 |0.0000 |-0.0002 |0.0722 |
225.406 | 0.000 | 0.000 | -0.021 | 0.0771 |-0.0292 |0.0000 |-0.0002 |0.0725 |
225.717 | 0.000 | 0.000 | -0.021 | 0.0775 |-0.0294 |0.0000 |-0.0002 |0.0729 |
226.027 | 0.000 | 0.000 | -0.022 | 0.0779 |-0.0295 |0.0000 |-0.0002 |0.0733 |
226.336 | 0.000 | 0.000 | -0.022 | 0.0783 |-0.0297 |0.0000 |-0.0002 |0.0737 |
226.644 | 0.000 | 0.000 | -0.022 | 0.0787 |-0.0298 |0.0000 |-0.0002 |0.0741 |
226.950 | 0.000 | 0.000 | -0.022 | 0.0791 |-0.0300 |0.0000 |-0.0002 |0.0744 |
227.256 | 0.000 | 0.000 | -0.022 | 0.0795 |-0.0301 |0.0000 |-0.0002 |0.0748 |
227.561 | 0.000 | 0.000 | -0.022 | 0.0799 |-0.0302 |0.0000 |-0.0002 |0.0752 |
227.864 | 0.000 | 0.000 | -0.022 | 0.0802 |-0.0304 |0.0000 |-0.0002 |0.0756 |
228.167 | 0.000 | 0.000 | -0.023 | 0.0806 |-0.0305 |0.0000 |-0.0002 |0.0760 |
228.468 | 0.000 | 0.000 | -0.023 | 0.0810 |-0.0307 |0.0000 |-0.0002 |0.0763 |
228.768 | 0.000 | 0.000 | -0.023 | 0.0814 |-0.0308 |0.0000 |-0.0002 |0.0767 |
229.067 | 0.000 | 0.000 | -0.023 | 0.0818 |-0.0310 |0.0000 |-0.0002 |0.0771 |
229.366 | 0.000 | 0.000 | -0.023 | 0.0822 |-0.0311 |0.0000 |-0.0002 |0.0775 |
229.663 | 0.000 | 0.000 | -0.023 | 0.0826 |-0.0313 |0.0000 |-0.0002 |0.0778 |
229.959 | 0.000 | 0.000 | -0.023 | 0.0830 |-0.0314 |0.0000 |-0.0002 |0.0782 |
230.254 | 0.000 | 0.000 | -0.024 | 0.0834 |-0.0316 |0.0000 |-0.0002 |0.0786 |
230.548 | 0.000 | 0.000 | -0.024 | 0.0837 |-0.0317 |0.0000 |-0.0002 |0.0790 |
230.842 | 0.000 | 0.000 | -0.024 | 0.0841 |-0.0319 |0.0000 |-0.0002 |0.0794 |
231.134 | 0.000 | 0.000 | -0.024 | 0.0845 |-0.0320 |0.0000 |-0.0002 |0.0797 |
231.425 | 0.000 | 0.000 | -0.024 | 0.0849 |-0.0322 |0.0000 |-0.0002 |0.0801 |
231.715 | 0.000 | 0.000 | -0.024 | 0.0853 |-0.0323 |0.0000 |-0.0002 |0.0805 |
232.005 | 0.000 | 0.000 | -0.025 | 0.0857 |-0.0325 |0.0000 |-0.0002 |0.0809 |
232.293 | 0.000 | 0.000 | -0.025 | 0.0861 |-0.0326 |0.0000 |-0.0002 |0.0812 |
232.580 | 0.000 | 0.000 | -0.025 | 0.0865 |-0.0328 |0.0000 |-0.0002 |0.0816 |
232.867 | 0.000 | 0.000 | -0.025 | 0.0869 |-0.0329 |0.0000 |-0.0002 |0.0820 |
233.152 | 0.000 | 0.000 | -0.025 | 0.0872 |-0.0331 |0.0000 |-0.0002 |0.0824 |
233.437 | 0.000 | 0.000 | -0.025 | 0.0876 |-0.0332 |0.0000 |-0.0002 |0.0827 |
233.721 | 0.000 | 0.000 | -0.025 | 0.0880 |-0.0334 |0.0000 |-0.0002 |0.0831 |
234.003 | 0.000 | 0.000 | -0.026 | 0.0884 |-0.0335 |0.0000 |-0.0002 |0.0835 |
234.285 | 0.000 | 0.000 | -0.026 | 0.0888 |-0.0336 |0.0000 |-0.0002 |0.0839 |
234.566 | 0.000 | 0.000 | -0.026 | 0.0892 |-0.0338 |0.0000 |-0.0002 |0.0842 |
234.846 | 0.000 | 0.000 | -0.026 | 0.0896 |-0.0339 |0.0000 |-0.0002 |0.0846 |
235.125 | 0.000 | 0.000 | -0.026 | 0.0900 |-0.0341 |0.0000 |-0.0002 |0.0850 |
235.404 | 0.000 | 0.000 | -0.026 | 0.0903 |-0.0342 |0.0000 |-0.0002 |0.0854 |
235.681 | 0.000 | 0.000 | -0.027 | 0.0907 |-0.0344 |0.0000 |-0.0002 |0.0858 |
235.958 | 0.000 | 0.000 | -0.027 | 0.0911 |-0.0345 |0.0000 |-0.0002 |0.0861 |
236.233 | 0.000 | 0.000 | -0.027 | 0.0915 |-0.0347 |0.0000 |-0.0002 |0.0865 |
236.508 | 0.000 | 0.000 | -0.027 | 0.0919 |-0.0348 |0.0000 |-0.0002 |0.0869 |
236.782 | 0.000 | 0.000 | -0.027 | 0.0923 |-0.0350 |0.0000 |-0.0002 |0.0873 |
237.055 | 0.000 | 0.000 | -0.027 | 0.0927 |-0.0351 |0.0000 |-0.0002 |0.0876 |
237.328 | 0.000 | 0.000 | -0.027 | 0.0930 |-0.0353 |0.0000 |-0.0002 |0.0880 |
237.599 | 0.000 | 0.000 | -0.028 | 0.0934 |-0.0354 |0.0000 |-0.0002 |0.0884 |
237.870 | 0.000 | 0.000 | -0.028 | 0.0938 |-0.0356 |0.0000 |-0.0002 |0.0888 |
238.140 | 0.000 | 0.000 | -0.028 | 0.0942 |-0.0357 |0.0000 |-0.0003 |0.0891 |
238.409 | 0.000 | 0.000 | -0.028 | 0.0946 |-0.0359 |0.0000 |-0.0003 |0.0895 |
238.677 | 0.000 | 0.000 | -0.028 | 0.0950 |-0.0360 |0.0000 |-0.0003 |0.0899 |
238.944 | 0.000 | 0.000 | -0.028 | 0.0954 |-0.0361 |0.0000 |-0.0003 |0.0903 |
239.211 | 0.000 | 0.000 | -0.029 | 0.0957 |-0.0363 |0.0000 |-0.0003 |0.0906 |
239.477 | 0.000 | 0.000 | -0.029 | 0.0961 |-0.0364 |0.0000 |-0.0003 |0.0910 |
239.742 | 0.000 | 0.000 | -0.029 | 0.0965 |-0.0366 |0.0000 |-0.0003 |0.0914 |
240.006 | 0.000 | 0.000 | -0.029 | 0.0969 |-0.0367 |0.0000 |-0.0003 |0.0918 |
240.269 | 0.000 | 0.000 | -0.029 | 0.0973 |-0.0369 |0.0000 |-0.0003 |0.0921 |
240.532 | 0.000 | 0.000 | -0.029 | 0.0977 |-0.0370 |0.0000 |-0.0003 |0.0925 |
240.794 | 0.000 | 0.000 | -0.030 | 0.0981 |-0.0372 |0.0000 |-0.0003 |0.0929 |
241.055 | 0.000 | 0.000 | -0.030 | 0.0984 |-0.0373 |0.0000 |-0.0003 |0.0932 |
241.315 | 0.000 | 0.000 | -0.030 | 0.0988 |-0.0375 |0.0000 |-0.0003 |0.0936 |
241.575 | 0.000 | 0.000 | -0.030 | 0.0992 |-0.0376 |0.0000 |-0.0003 |0.0940 |
241.834 | 0.000 | 0.000 | -0.030 | 0.0996 |-0.0378 |0.0000 |-0.0003 |0.0944 |
242.092 | 0.000 | 0.000 | -0.030 | 0.1000 |-0.0379 |0.0000 |-0.0003 |0.0947 |
242.349 | 0.000 | 0.000 | -0.030 | 0.1004 |-0.0380 |0.0000 |-0.0003 |0.0951 |
242.606 | 0.000 | 0.000 | -0.031 | 0.1007 |-0.0382 |0.0000 |-0.0003 |0.0955 |
242.862 | 0.000 | 0.000 | -0.031 | 0.1011 |-0.0383 |0.0000 |-0.0003 |0.0959 |
243.117 | 0.000 | 0.000 | -0.031 | 0.1015 |-0.0385 |0.0000 |-0.0003 |0.0962 |
243.372 | 0.000 | 0.000 | -0.031 | 0.1019 |-0.0386 |0.0000 |-0.0003 |0.0966 |
243.625 | 0.000 | 0.000 | -0.031 | 0.1023 |-0.0388 |0.0000 |-0.0003 |0.0970 |
243.878 | 0.000 | 0.000 | -0.031 | 0.1027 |-0.0389 |0.0000 |-0.0003 |0.0974 |
244.131 | 0.000 | 0.000 | -0.032 | 0.1030 |-0.0391 |0.0000 |-0.0003 |0.0977 |
244.382 | 0.000 | 0.000 | -0.032 | 0.1034 |-0.0392 |0.0000 |-0.0003 |0.0981 |
244.633 | 0.000 | 0.000 | -0.032 | 0.1038 |-0.0394 |0.0000 |-0.0003 |0.0985 |
244.884 | 0.000 | 0.000 | -0.032 | 0.1042 |-0.0395 |0.0000 |-0.0003 |0.0988 |
245.133 | 0.000 | 0.000 | -0.032 | 0.1046 |-0.0397 |0.0000 |-0.0003 |0.0992 |
245.382 | 0.000 | 0.000 | -0.032 | 0.1050 |-0.0398 |0.0000 |-0.0003 |0.0996 |
245.630 | 0.000 | 0.000 | -0.033 | 0.1053 |-0.0399 |0.0000 |-0.0003 |0.1000 |
245.878 | 0.000 | 0.000 | -0.033 | 0.1057 |-0.0401 |0.0000 |-0.0003 |0.1003 |
246.125 | 0.000 | 0.000 | -0.033 | 0.1061 |-0.0402 |0.0000 |-0.0003 |0.1007 |
246.371 | 0.000 | 0.000 | -0.033 | 0.1065 |-0.0404 |0.0000 |-0.0003 |0.1011 |
246.616 | 0.000 | 0.000 | -0.033 | 0.1069 |-0.0405 |0.0000 |-0.0003 |0.1015 |
246.861 | 0.000 | 0.000 | -0.033 | 0.1073 |-0.0407 |0.0000 |-0.0003 |0.1018 |
247.105 | 0.000 | 0.000 | -0.034 | 0.1076 |-0.0408 |0.0000 |-0.0003 |0.1022 |
247.349 | 0.000 | 0.000 | -0.034 | 0.1080 |-0.0410 |0.0000 |-0.0003 |0.1026 |
247.592 | 0.000 | 0.000 | -0.034 | 0.1084 |-0.0411 |0.0000 |-0.0003 |0.1029 |
247.834 | 0.000 | 0.000 | -0.034 | 0.1088 |-0.0413 |0.0000 |-0.0003 |0.1033 |
248.076 | 0.000 | 0.000 | -0.034 | 0.1092 |-0.0414 |0.0000 |-0.0003 |0.1037 |
248.317 | 0.000 | 0.000 | -0.034 | 0.1095 |-0.0415 |0.0000 |-0.0003 |0.1041 |
248.557 | 0.000 | 0.000 | -0.035 | 0.1099 |-0.0417 |0.0000 |-0.0003 |0.1044 |
248.797 | 0.000 | 0.000 | -0.035 | 0.1103 |-0.0418 |0.0000 |-0.0003 |0.1048 |
249.036 | 0.000 | 0.000 | -0.035 | 0.1107 |-0.0420 |0.0000 |-0.0003 |0.1052 |
249.275 | 0.000 | 0.000 | -0.035 | 0.1111 |-0.0421 |0.0000 |-0.0003 |0.1055 |
249.513 | 0.000 | 0.000 | -0.035 | 0.1115 |-0.0423 |0.0000 |-0.0003 |0.1059 |
249.750 | 0.000 | 0.000 | -0.035 | 0.1118 |-0.0424 |0.0000 |-0.0003 |0.1063 |
249.987 | 0.000 | 0.000 | -0.036 | 0.1122 |-0.0426 |0.0000 |-0.0003 |0.1066 |
250.223 | 0.000 | 0.000 | -0.036 | 0.1126 |-0.0427 |0.0000 |-0.0003 |0.1070 |
250.458 | 0.000 | 0.000 | -0.036 | 0.1130 |-0.0428 |0.0000 |-0.0003 |0.1074 |
250.693 | 0.000 | 0.000 | -0.036 | 0.1134 |-0.0430 |0.0000 |-0.0003 |0.1078 |
250.927 | 0.000 | 0.000 | -0.036 | 0.1137 |-0.0431 |0.0000 |-0.0003 |0.1081 |
251.161 | 0.000 | 0.000 | -0.036 | 0.1141 |-0.0433 |0.0000 |-0.0003 |0.1085 |
251.394 | 0.000 | 0.000 | -0.037 | 0.1145 |-0.0434 |0.0000 |-0.0003 |0.1089 |
251.626 | 0.000 | 0.000 | -0.037 | 0.1149 |-0.0436 |0.0000 |-0.0003 |0.1092 |
251.858 | 0.000 | 0.000 | -0.037 | 0.1153 |-0.0437 |0.0000 |-0.0003 |0.1096 |
252.090 | 0.000 | 0.000 | -0.037 | 0.1156 |-0.0439 |0.0000 |-0.0003 |0.1100 |
252.320 | 0.000 | 0.000 | -0.037 | 0.1160 |-0.0440 |0.0000 |-0.0003 |0.1103 |
252.551 | 0.000 | 0.000 | -0.037 | 0.1164 |-0.0441 |0.0000 |-0.0003 |0.1107 |
252.780 | 0.000 | 0.000 | -0.038 | 0.1168 |-0.0443 |0.0000 |-0.0003 |0.1111 |
253.009 | 0.000 | 0.000 | -0.038 | 0.1172 |-0.0444 |0.0000 |-0.0003 |0.1115 |
253.238 | 0.000 | 0.000 | -0.038 | 0.1175 |-0.0446 |0.0000 |-0.0003 |0.1118 |
253.466 | 0.000 | 0.000 | -0.038 | 0.1179 |-0.0447 |0.0000 |-0.0003 |0.1122 |
253.693 | 0.000 | 0.000 | -0.038 | 0.1183 |-0.0449 |0.0000 |-0.0003 |0.1126 |
253.920 | 0.000 | 0.000 | -0.038 | 0.1187 |-0.0450 |0.0000 |-0.0003 |0.1129 |
254.146 | 0.000 | 0.000 | -0.039 | 0.1191 |-0.0452 |0.0000 |-0.0003 |0.1133 |
254.372 | 0.000 | 0.000 | -0.039 | 0.1194 |-0.0453 |0.0000 |-0.0003 |0.1137 |
254.597 | 0.000 | 0.000 | -0.039 | 0.1198 |-0.0454 |0.0000 |-0.0003 |0.1140 |
254.822 | 0.000 | 0.000 | -0.039 | 0.1202 |-0.0456 |0.0000 |-0.0003 |0.1144 |
255.046 | 0.000 | 0.000 | -0.039 | 0.1206 |-0.0457 |0.0000 |-0.0003 |0.1148 |
255.269 | 0.000 | 0.000 | -0.039 | 0.1209 |-0.0459 |0.0000 |-0.0003 |0.1151 |
255.492 | 0.000 | 0.000 | -0.040 | 0.1213 |-0.0460 |0.0000 |-0.0003 |0.1155 |
255.715 | 0.000 | 0.000 | -0.040 | 0.1217 |-0.0462 |0.0000 |-0.0003 |0.1159 |
255.937 | 0.000 | 0.000 | -0.040 | 0.1221 |-0.0463 |0.0000 |-0.0003 |0.1162 |
256.158 | 0.000 | 0.000 | -0.040 | 0.1225 |-0.0465 |0.0000 |-0.0003 |0.1166 |
256.379 | 0.000 | 0.000 | -0.040 | 0.1228 |-0.0466 |0.0000 |-0.0003 |0.1170 |
256.600 | 0.000 | 0.000 | -0.040 | 0.1232 |-0.0467 |0.0000 |-0.0003 |0.1174 |
256.819 | 0.000 | 0.000 | -0.041 | 0.1236 |-0.0469 |0.0000 |-0.0003 |0.1177 |
257.039 | 0.000 | 0.000 | -0.041 | 0.1240 |-0.0470 |0.0000 |-0.0003 |0.1181 |
257.258 | 0.000 | 0.000 | -0.041 | 0.1244 |-0.0472 |0.0000 |-0.0003 |0.1185 |
257.476 | 0.000 | 0.000 | -0.041 | 0.1247 |-0.0473 |0.0000 |-0.0003 |0.1188 |
257.694 | 0.000 | 0.000 | -0.041 | 0.1251 |-0.0475 |0.0000 |-0.0003 |0.1192 |
257.911 | 0.000 | 0.000 | -0.042 | 0.1255 |-0.0476 |0.0000 |-0.0004 |0.1196 |
258.128 | 0.000 | 0.000 | -0.042 | 0.1259 |-0.0477 |0.0000 |-0.0004 |0.1199 |
258.344 | 0.000 | 0.000 | -0.042 | 0.1262 |-0.0479 |0.0000 |-0.0004 |0.1203 |
258.560 | 0.000 | 0.000 | -0.042 | 0.1266 |-0.0480 |0.0000 |-0.0004 |0.1207 |
258.775 | 0.000 | 0.000 | -0.042 | 0.1270 |-0.0482 |0.0000 |-0.0004 |0.1210 |
258.990 | 0.000 | 0.000 | -0.042 | 0.1274 |-0.0483 |0.0000 |-0.0004 |0.1214 |
259.205 | 0.000 | 0.000 | -0.043 | 0.1277 |-0.0485 |0.0000 |-0.0004 |0.1218 |
259.419 | 0.000 | 0.000 | -0.043 | 0.1281 |-0.0486 |0.0000 |-0.0004 |0.1221 |
259.632 | 0.000 | 0.000 | -0.043 | 0.1285 |-0.0488 |0.0000 |-0.0004 |0.1225 |
259.845 | 0.000 | 0.000 | -0.043 | 0.1289 |-0.0489 |0.0000 |-0.0004 |0.1229 |
260.057 | 0.000 | 0.000 | -0.043 | 0.1293 |-0.0490 |0.0000 |-0.0004 |0.1232 |
260.269 | 0.000 | 0.000 | -0.043 | 0.1296 |-0.0492 |0.0000 |-0.0004 |0.1236 |
260.481 | 0.000 | 0.000 | -0.044 | 0.1300 |-0.0493 |0.0000 |-0.0004 |0.1240 |
260.692 | 0.000 | 0.000 | -0.044 | 0.1304 |-0.0495 |0.0000 |-0.0004 |0.1243 |
260.902 | 0.000 | 0.000 | -0.044 | 0.1308 |-0.0496 |0.0000 |-0.0004 |0.1247 |
261.112 | 0.000 | 0.000 | -0.044 | 0.1311 |-0.0498 |0.0000 |-0.0004 |0.1251 |
261.322 | 0.000 | 0.000 | -0.044 | 0.1315 |-0.0499 |0.0000 |-0.0004 |0.1254 |
261.332 | 0.000 | 0.000 | -0.044 | 0.1315 |-0.0499 |0.0000 |-0.0004 |0.1254 |
