Test angle: 90
Node_A_151 coordinates: initialX | initialY | initialZ 
75.0000 | 0.0000 | 0.0000 | 
Node_B_1051 coordinates: initialX | initialY | initialZ 
-75.0000 | 0.0000 | 0.0000 | 
Node_C_606 coordinates: initialX | initialY | initialZ 
0.0000 | 5.0000 | 0.0000 | 
Node_D_1256 coordinates: initialX | initialY | initialZ 
0.0000 | -5.0000 | 0.0000 | 
  UA1  |  UA2  |  UA3 | UB1 | UB2 | UB3 | UC1 | UC2 | UC3 | UD1 | UD2 | UD3 
0.0000 | 0.0000 | 0.0000 | 0.0000 | 0.0000 | 0.0000 | 0.0000 | 0.0000 | 0.0000 | 0.0000 | 0.0000 | 0.0000 | 
0.0014 | -0.0000 | 0.0000 | 0.0004 | -0.0000 | 0.0000 | 0.0009 | -0.0000 | 0.0000 | 0.0009 | -0.0000 | 0.0000 | 
0.0029 | -0.0000 | -0.0000 | 0.0007 | -0.0000 | -0.0000 | 0.0018 | -0.0001 | -0.0000 | 0.0018 | -0.0000 | -0.0000 | 
0.0051 | -0.0001 | 0.0000 | 0.0013 | -0.0001 | 0.0000 | 0.0032 | -0.0001 | 0.0000 | 0.0032 | -0.0000 | 0.0000 | 
0.0083 | -0.0001 | -0.0000 | 0.0021 | -0.0001 | -0.0000 | 0.0052 | -0.0002 | -0.0000 | 0.0052 | -0.0000 | -0.0000 | 
0.0132 | -0.0001 | 0.0000 | 0.0033 | -0.0001 | 0.0000 | 0.0083 | -0.0002 | 0.0000 | 0.0083 | -0.0000 | 0.0000 | 
0.0205 | -0.0002 | -0.0000 | 0.0052 | -0.0002 | -0.0000 | 0.0128 | -0.0004 | -0.0000 | 0.0128 | -0.0000 | -0.0000 | 
0.0314 | -0.0003 | 0.0000 | 0.0080 | -0.0003 | 0.0000 | 0.0197 | -0.0006 | 0.0000 | 0.0197 | -0.0001 | 0.0000 | 
0.0479 | -0.0005 | -0.0000 | 0.0122 | -0.0005 | -0.0000 | 0.0300 | -0.0009 | -0.0000 | 0.0300 | -0.0001 | -0.0000 | 
0.0726 | -0.0008 | 0.0000 | 0.0184 | -0.0008 | 0.0000 | 0.0455 | -0.0014 | 0.0000 | 0.0455 | -0.0002 | 0.0000 | 
0.1096 | -0.0012 | -0.0000 | 0.0278 | -0.0012 | -0.0000 | 0.0687 | -0.0021 | -0.0000 | 0.0687 | -0.0003 | -0.0000 | 
0.1651 | -0.0018 | 0.0000 | 0.0419 | -0.0018 | 0.0000 | 0.1035 | -0.0031 | 0.0000 | 0.1035 | -0.0004 | 0.0000 | 
0.2373 | -0.0025 | -0.0000 | 0.0602 | -0.0025 | -0.0000 | 0.1487 | -0.0045 | -0.0000 | 0.1487 | -0.0006 | -0.0000 | 
0.3094 | -0.0033 | 0.0000 | 0.0786 | -0.0033 | -0.0000 | 0.1940 | -0.0058 | 0.0000 | 0.1940 | -0.0007 | 0.0000 | 
0.3874 | -0.0035 | 0.0000 | 0.0911 | -0.0034 | -0.0000 | 0.2393 | -0.0068 | -0.0000 | 0.2393 | -0.0001 | -0.0000 | 
0.4656 | -0.0035 | -0.0000 | 0.1034 | -0.0035 | 0.0000 | 0.2845 | -0.0077 | 0.0000 | 0.2845 | 0.0007 | 0.0000 | 
0.5436 | -0.0036 | -0.0000 | 0.1159 | -0.0036 | -0.0000 | 0.3298 | -0.0086 | 0.0000 | 0.3298 | 0.0014 | -0.0000 | 
0.6214 | -0.0036 | -0.0000 | 0.1287 | -0.0036 | -0.0000 | 0.3750 | -0.0094 | 0.0000 | 0.3751 | 0.0022 | 0.0000 | 
0.6990 | -0.0037 | 0.0000 | 0.1416 | -0.0037 | 0.0000 | 0.4203 | -0.0103 | 0.0000 | 0.4203 | 0.0030 | -0.0000 | 
0.7765 | -0.0037 | -0.0000 | 0.1546 | -0.0037 | -0.0000 | 0.4655 | -0.0111 | -0.0000 | 0.4656 | 0.0038 | 0.0000 | 
0.8539 | -0.0038 | -0.0000 | 0.1677 | -0.0038 | 0.0000 | 0.5108 | -0.0120 | 0.0000 | 0.5108 | 0.0045 | -0.0000 | 
0.9312 | -0.0038 | 0.0000 | 0.1808 | -0.0038 | 0.0000 | 0.5560 | -0.0128 | 0.0000 | 0.5561 | 0.0053 | -0.0000 | 
1.0085 | -0.0038 | 0.0000 | 0.1941 | -0.0039 | 0.0000 | 0.6013 | -0.0137 | 0.0000 | 0.6014 | 0.0060 | -0.0000 | 
1.0857 | -0.0039 | -0.0000 | 0.2074 | -0.0039 | -0.0000 | 0.6465 | -0.0146 | 0.0000 | 0.6466 | 0.0067 | -0.0000 | 
1.1629 | -0.0039 | -0.0000 | 0.2207 | -0.0039 | -0.0000 | 0.6918 | -0.0153 | -0.0000 | 0.6919 | 0.0075 | -0.0000 | 
1.2400 | -0.0039 | -0.0000 | 0.2342 | -0.0040 | -0.0000 | 0.7370 | -0.0162 | -0.0000 | 0.7372 | 0.0083 | -0.0000 | 
1.3171 | -0.0040 | 0.0000 | 0.2476 | -0.0040 | -0.0000 | 0.7823 | -0.0171 | 0.0000 | 0.7824 | 0.0090 | -0.0000 | 
1.3941 | -0.0040 | 0.0000 | 0.2610 | -0.0040 | 0.0000 | 0.8275 | -0.0179 | 0.0000 | 0.8277 | 0.0098 | -0.0000 | 
1.4712 | -0.0041 | -0.0000 | 0.2746 | -0.0040 | 0.0000 | 0.8728 | -0.0187 | -0.0000 | 0.8729 | 0.0106 | -0.0000 | 
1.5482 | -0.0041 | -0.0000 | 0.2881 | -0.0041 | 0.0000 | 0.9180 | -0.0195 | -0.0000 | 0.9182 | 0.0113 | -0.0000 | 
1.6251 | -0.0042 | -0.0000 | 0.3016 | -0.0041 | 0.0000 | 0.9633 | -0.0204 | -0.0000 | 0.9634 | 0.0120 | -0.0000 | 
1.7020 | -0.0042 | 0.0000 | 0.3152 | -0.0042 | -0.0000 | 1.0085 | -0.0212 | -0.0000 | 1.0087 | 0.0128 | -0.0000 | 
1.7790 | -0.0042 | 0.0000 | 0.3288 | -0.0042 | -0.0000 | 1.0538 | -0.0220 | 0.0000 | 1.0540 | 0.0136 | 0.0000 | 
1.8559 | -0.0043 | 0.0000 | 0.3425 | -0.0042 | -0.0000 | 1.0991 | -0.0228 | -0.0000 | 1.0993 | 0.0144 | -0.0000 | 
1.9327 | -0.0043 | 0.0000 | 0.3561 | -0.0042 | 0.0000 | 1.1443 | -0.0236 | -0.0000 | 1.1445 | 0.0151 | 0.0000 | 
2.0096 | -0.0044 | 0.0000 | 0.3697 | -0.0043 | 0.0000 | 1.1895 | -0.0245 | -0.0000 | 1.1897 | 0.0158 | 0.0000 | 
2.0864 | -0.0044 | 0.0000 | 0.3834 | -0.0043 | -0.0000 | 1.2348 | -0.0253 | -0.0000 | 1.2350 | 0.0166 | 0.0000 | 
2.1633 | -0.0044 | 0.0000 | 0.3971 | -0.0043 | 0.0000 | 1.2801 | -0.0261 | -0.0000 | 1.2803 | 0.0174 | 0.0000 | 
2.2401 | -0.0045 | -0.0000 | 0.4108 | -0.0043 | 0.0000 | 1.3253 | -0.0269 | -0.0000 | 1.3256 | 0.0181 | 0.0000 | 
2.3168 | -0.0045 | 0.0000 | 0.4245 | -0.0043 | 0.0000 | 1.3706 | -0.0277 | -0.0000 | 1.3708 | 0.0189 | 0.0000 | 
2.3936 | -0.0045 | 0.0000 | 0.4382 | -0.0044 | -0.0000 | 1.4158 | -0.0285 | -0.0000 | 1.4161 | 0.0196 | 0.0000 | 
2.4704 | -0.0046 | 0.0000 | 0.4520 | -0.0044 | 0.0000 | 1.4610 | -0.0293 | -0.0000 | 1.4613 | 0.0204 | 0.0000 | 
2.5472 | -0.0046 | -0.0000 | 0.4657 | -0.0044 | 0.0000 | 1.5063 | -0.0302 | -0.0000 | 1.5066 | 0.0211 | 0.0000 | 
2.6239 | -0.0046 | 0.0000 | 0.4795 | -0.0045 | 0.0000 | 1.5516 | -0.0310 | -0.0000 | 1.5519 | 0.0219 | 0.0000 | 
2.7007 | -0.0047 | -0.0000 | 0.4933 | -0.0045 | 0.0000 | 1.5968 | -0.0318 | -0.0000 | 1.5971 | 0.0226 | 0.0000 | 
2.7774 | -0.0047 | 0.0000 | 0.5071 | -0.0045 | 0.0000 | 1.6421 | -0.0326 | -0.0000 | 1.6424 | 0.0234 | 0.0000 | 
2.8541 | -0.0047 | -0.0000 | 0.5208 | -0.0045 | -0.0000 | 1.6873 | -0.0334 | -0.0000 | 1.6876 | 0.0242 | 0.0000 | 
2.9309 | -0.0047 | 0.0000 | 0.5346 | -0.0045 | 0.0000 | 1.7326 | -0.0341 | -0.0000 | 1.7329 | 0.0249 | 0.0000 | 
3.0076 | -0.0048 | 0.0000 | 0.5484 | -0.0045 | 0.0000 | 1.7778 | -0.0350 | -0.0000 | 1.7781 | 0.0257 | 0.0000 | 
3.0843 | -0.0048 | -0.0000 | 0.5622 | -0.0046 | 0.0000 | 1.8231 | -0.0358 | -0.0000 | 1.8234 | 0.0264 | 0.0000 | 
3.1610 | -0.0048 | -0.0000 | 0.5760 | -0.0046 | 0.0000 | 1.8684 | -0.0366 | -0.0000 | 1.8687 | 0.0272 | 0.0000 | 
3.2377 | -0.0049 | 0.0000 | 0.5899 | -0.0046 | 0.0000 | 1.9136 | -0.0374 | -0.0000 | 1.9140 | 0.0279 | 0.0000 | 
3.3144 | -0.0049 | -0.0000 | 0.6037 | -0.0046 | 0.0000 | 1.9589 | -0.0382 | -0.0000 | 1.9592 | 0.0287 | 0.0000 | 
3.3911 | -0.0049 | -0.0000 | 0.6175 | -0.0047 | 0.0000 | 2.0041 | -0.0390 | -0.0000 | 2.0045 | 0.0294 | 0.0000 | 
3.4678 | -0.0049 | -0.0000 | 0.6313 | -0.0047 | 0.0000 | 2.0493 | -0.0398 | -0.0000 | 2.0497 | 0.0302 | 0.0000 | 
3.5444 | -0.0049 | -0.0000 | 0.6451 | -0.0047 | 0.0000 | 2.0946 | -0.0406 | -0.0000 | 2.0950 | 0.0309 | 0.0000 | 
3.6211 | -0.0050 | -0.0000 | 0.6590 | -0.0047 | -0.0000 | 2.1398 | -0.0413 | -0.0000 | 2.1402 | 0.0317 | 0.0000 | 
3.6978 | -0.0050 | -0.0000 | 0.6728 | -0.0047 | -0.0000 | 2.1851 | -0.0421 | -0.0000 | 2.1855 | 0.0325 | 0.0000 | 
3.7745 | -0.0050 | -0.0000 | 0.6867 | -0.0047 | 0.0000 | 2.2304 | -0.0429 | -0.0000 | 2.2308 | 0.0332 | 0.0000 | 
3.8512 | -0.0051 | -0.0000 | 0.7005 | -0.0047 | -0.0000 | 2.2756 | -0.0438 | -0.0000 | 2.2761 | 0.0339 | 0.0000 | 
3.9278 | -0.0051 | 0.0000 | 0.7144 | -0.0048 | 0.0000 | 2.3209 | -0.0446 | -0.0000 | 2.3213 | 0.0347 | 0.0000 | 
4.0045 | -0.0051 | 0.0000 | 0.7283 | -0.0048 | -0.0000 | 2.3661 | -0.0453 | -0.0000 | 2.3666 | 0.0354 | 0.0000 | 
4.0811 | -0.0052 | -0.0000 | 0.7421 | -0.0048 | 0.0000 | 2.4114 | -0.0461 | -0.0000 | 2.4118 | 0.0362 | 0.0000 | 
4.1578 | -0.0052 | 0.0000 | 0.7560 | -0.0048 | -0.0000 | 2.4566 | -0.0469 | -0.0000 | 2.4571 | 0.0369 | 0.0000 | 
4.2344 | -0.0052 | -0.0000 | 0.7698 | -0.0049 | 0.0000 | 2.5019 | -0.0477 | -0.0000 | 2.5023 | 0.0377 | 0.0000 | 
4.3111 | -0.0052 | -0.0000 | 0.7837 | -0.0049 | -0.0000 | 2.5471 | -0.0485 | -0.0000 | 2.5476 | 0.0384 | 0.0000 | 
4.3877 | -0.0052 | 0.0000 | 0.7975 | -0.0049 | 0.0000 | 2.5924 | -0.0493 | -0.0000 | 2.5929 | 0.0392 | 0.0000 | 
4.4644 | -0.0052 | -0.0000 | 0.8114 | -0.0049 | -0.0000 | 2.6376 | -0.0501 | -0.0000 | 2.6381 | 0.0400 | 0.0000 | 
4.5410 | -0.0053 | -0.0000 | 0.8252 | -0.0049 | 0.0000 | 2.6829 | -0.0508 | -0.0000 | 2.6834 | 0.0407 | 0.0000 | 
4.6177 | -0.0053 | 0.0000 | 0.8391 | -0.0049 | -0.0000 | 2.7281 | -0.0516 | -0.0000 | 2.7287 | 0.0415 | 0.0000 | 
4.6943 | -0.0053 | 0.0000 | 0.8530 | -0.0049 | -0.0000 | 2.7734 | -0.0524 | -0.0000 | 2.7739 | 0.0422 | 0.0000 | 
4.7710 | -0.0054 | 0.0000 | 0.8669 | -0.0049 | -0.0000 | 2.8187 | -0.0532 | -0.0000 | 2.8192 | 0.0430 | 0.0000 | 
4.8476 | -0.0054 | -0.0000 | 0.8808 | -0.0049 | -0.0000 | 2.8639 | -0.0540 | -0.0000 | 2.8645 | 0.0437 | 0.0000 | 
4.9243 | -0.0054 | 0.0000 | 0.8946 | -0.0049 | 0.0000 | 2.9092 | -0.0548 | -0.0000 | 2.9097 | 0.0444 | 0.0000 | 
5.0009 | -0.0054 | -0.0000 | 0.9085 | -0.0050 | 0.0000 | 2.9544 | -0.0556 | -0.0000 | 2.9550 | 0.0452 | 0.0000 | 
5.0775 | -0.0054 | 0.0000 | 0.9224 | -0.0050 | 0.0000 | 2.9997 | -0.0564 | -0.0000 | 3.0002 | 0.0459 | 0.0000 | 
5.1542 | -0.0055 | -0.0000 | 0.9362 | -0.0050 | -0.0000 | 3.0449 | -0.0571 | -0.0000 | 3.0455 | 0.0467 | 0.0000 | 
5.2308 | -0.0055 | 0.0000 | 0.9501 | -0.0050 | 0.0000 | 3.0901 | -0.0579 | -0.0000 | 3.0908 | 0.0474 | 0.0000 | 
5.3074 | -0.0055 | 0.0000 | 0.9640 | -0.0050 | -0.0000 | 3.1354 | -0.0587 | -0.0000 | 3.1360 | 0.0482 | 0.0000 | 
5.3841 | -0.0055 | -0.0000 | 0.9778 | -0.0050 | 0.0000 | 3.1806 | -0.0595 | -0.0000 | 3.1813 | 0.0489 | 0.0000 | 
5.4607 | -0.0055 | -0.0000 | 0.9917 | -0.0051 | 0.0000 | 3.2259 | -0.0603 | -0.0000 | 3.2265 | 0.0497 | 0.0000 | 
5.5374 | -0.0055 | 0.0000 | 1.0056 | -0.0051 | 0.0000 | 3.2711 | -0.0610 | -0.0000 | 3.2718 | 0.0504 | 0.0000 | 
5.6140 | -0.0056 | -0.0000 | 1.0195 | -0.0050 | 0.0000 | 3.3164 | -0.0618 | -0.0000 | 3.3171 | 0.0512 | 0.0000 | 
5.6907 | -0.0056 | 0.0000 | 1.0333 | -0.0050 | -0.0000 | 3.3617 | -0.0626 | -0.0000 | 3.3623 | 0.0519 | 0.0000 | 
5.7673 | -0.0056 | 0.0000 | 1.0472 | -0.0050 | -0.0000 | 3.4069 | -0.0633 | -0.0000 | 3.4076 | 0.0527 | 0.0000 | 
5.8440 | -0.0056 | 0.0000 | 1.0611 | -0.0051 | 0.0000 | 3.4522 | -0.0641 | -0.0000 | 3.4529 | 0.0534 | 0.0000 | 
5.9206 | -0.0057 | 0.0000 | 1.0750 | -0.0051 | -0.0000 | 3.4974 | -0.0649 | -0.0000 | 3.4981 | 0.0542 | 0.0000 | 
5.9972 | -0.0057 | 0.0000 | 1.0888 | -0.0051 | -0.0000 | 3.5427 | -0.0657 | -0.0000 | 3.5434 | 0.0549 | 0.0000 | 
6.0739 | -0.0057 | 0.0000 | 1.1027 | -0.0051 | -0.0000 | 3.5879 | -0.0665 | -0.0000 | 3.5886 | 0.0556 | 0.0000 | 
6.1505 | -0.0057 | 0.0000 | 1.1166 | -0.0051 | -0.0000 | 3.6332 | -0.0673 | -0.0000 | 3.6339 | 0.0564 | 0.0000 | 
6.2271 | -0.0058 | 0.0000 | 1.1305 | -0.0051 | -0.0000 | 3.6784 | -0.0680 | -0.0000 | 3.6792 | 0.0571 | 0.0000 | 
6.3038 | -0.0058 | -0.0000 | 1.1443 | -0.0051 | 0.0000 | 3.7237 | -0.0688 | -0.0000 | 3.7244 | 0.0579 | 0.0000 | 
6.3804 | -0.0058 | 0.0000 | 1.1582 | -0.0052 | 0.0000 | 3.7689 | -0.0696 | -0.0000 | 3.7697 | 0.0586 | 0.0000 | 
6.4571 | -0.0058 | 0.0000 | 1.1721 | -0.0052 | -0.0000 | 3.8142 | -0.0703 | -0.0000 | 3.8150 | 0.0594 | 0.0000 | 
6.5337 | -0.0058 | 0.0000 | 1.1859 | -0.0052 | -0.0000 | 3.8594 | -0.0711 | -0.0000 | 3.8602 | 0.0601 | 0.0000 | 
6.6104 | -0.0058 | 0.0000 | 1.1998 | -0.0052 | -0.0000 | 3.9047 | -0.0719 | -0.0000 | 3.9055 | 0.0608 | 0.0000 | 
6.6870 | -0.0059 | 0.0000 | 1.2136 | -0.0052 | -0.0000 | 3.9499 | -0.0727 | -0.0000 | 3.9507 | 0.0616 | 0.0000 | 
6.7637 | -0.0059 | 0.0000 | 1.2275 | -0.0052 | -0.0000 | 3.9952 | -0.0734 | -0.0000 | 3.9960 | 0.0623 | 0.0000 | 
6.8403 | -0.0059 | 0.0000 | 1.2413 | -0.0052 | -0.0000 | 4.0404 | -0.0742 | -0.0000 | 4.0412 | 0.0631 | 0.0000 | 
6.9170 | -0.0059 | -0.0000 | 1.2552 | -0.0052 | -0.0000 | 4.0857 | -0.0750 | -0.0000 | 4.0865 | 0.0638 | 0.0000 | 
6.9937 | -0.0059 | 0.0000 | 1.2691 | -0.0052 | -0.0000 | 4.1310 | -0.0757 | -0.0000 | 4.1318 | 0.0646 | 0.0000 | 
7.0703 | -0.0059 | 0.0000 | 1.2829 | -0.0052 | -0.0000 | 4.1762 | -0.0765 | -0.0000 | 4.1771 | 0.0653 | 0.0000 | 
7.1470 | -0.0059 | 0.0000 | 1.2968 | -0.0052 | -0.0000 | 4.2215 | -0.0772 | -0.0000 | 4.2223 | 0.0661 | 0.0000 | 
7.2236 | -0.0060 | 0.0000 | 1.3107 | -0.0052 | -0.0000 | 4.2667 | -0.0780 | -0.0000 | 4.2676 | 0.0668 | 0.0000 | 
7.3003 | -0.0060 | -0.0000 | 1.3245 | -0.0052 | -0.0000 | 4.3120 | -0.0788 | -0.0000 | 4.3128 | 0.0675 | 0.0000 | 
7.3770 | -0.0060 | 0.0000 | 1.3384 | -0.0052 | -0.0000 | 4.3572 | -0.0796 | -0.0000 | 4.3581 | 0.0683 | 0.0000 | 
7.4536 | -0.0060 | 0.0000 | 1.3522 | -0.0053 | -0.0000 | 4.4025 | -0.0803 | -0.0000 | 4.4034 | 0.0690 | 0.0000 | 
7.5303 | -0.0061 | 0.0000 | 1.3661 | -0.0053 | 0.0000 | 4.4477 | -0.0811 | -0.0000 | 4.4486 | 0.0698 | 0.0000 | 
7.6069 | -0.0061 | -0.0000 | 1.3799 | -0.0053 | 0.0000 | 4.4930 | -0.0819 | -0.0000 | 4.4939 | 0.0705 | 0.0000 | 
7.6836 | -0.0061 | 0.0000 | 1.3938 | -0.0053 | 0.0000 | 4.5382 | -0.0826 | -0.0000 | 4.5391 | 0.0712 | 0.0000 | 
7.7603 | -0.0061 | -0.0000 | 1.4076 | -0.0053 | 0.0000 | 4.5835 | -0.0834 | -0.0000 | 4.5844 | 0.0720 | 0.0000 | 
7.8369 | -0.0061 | 0.0000 | 1.4215 | -0.0053 | 0.0000 | 4.6287 | -0.0842 | -0.0000 | 4.6297 | 0.0727 | 0.0000 | 
7.9136 | -0.0062 | -0.0000 | 1.4353 | -0.0053 | 0.0000 | 4.6740 | -0.0849 | -0.0000 | 4.6749 | 0.0735 | 0.0000 | 
7.9903 | -0.0062 | -0.0000 | 1.4491 | -0.0053 | 0.0000 | 4.7192 | -0.0857 | -0.0000 | 4.7202 | 0.0742 | 0.0000 | 
8.0670 | -0.0062 | 0.0000 | 1.4630 | -0.0053 | 0.0000 | 4.7645 | -0.0864 | -0.0000 | 4.7654 | 0.0749 | 0.0000 | 
8.1436 | -0.0062 | -0.0000 | 1.4768 | -0.0053 | 0.0000 | 4.8097 | -0.0872 | -0.0000 | 4.8107 | 0.0757 | 0.0000 | 
8.2203 | -0.0062 | -0.0000 | 1.4906 | -0.0054 | 0.0000 | 4.8550 | -0.0880 | -0.0000 | 4.8560 | 0.0764 | 0.0000 | 
8.2970 | -0.0062 | 0.0000 | 1.5045 | -0.0054 | -0.0000 | 4.9002 | -0.0887 | -0.0000 | 4.9012 | 0.0771 | 0.0000 | 
8.3737 | -0.0062 | 0.0000 | 1.5183 | -0.0054 | 0.0000 | 4.9455 | -0.0895 | -0.0000 | 4.9465 | 0.0779 | 0.0000 | 
8.4504 | -0.0062 | 0.0000 | 1.5321 | -0.0054 | 0.0000 | 4.9907 | -0.0902 | -0.0000 | 4.9918 | 0.0786 | 0.0000 | 
8.5271 | -0.0063 | -0.0000 | 1.5459 | -0.0054 | 0.0000 | 5.0360 | -0.0910 | -0.0000 | 5.0370 | 0.0794 | 0.0000 | 
8.6038 | -0.0063 | 0.0000 | 1.5598 | -0.0054 | 0.0000 | 5.0812 | -0.0918 | -0.0000 | 5.0823 | 0.0801 | 0.0000 | 
8.6805 | -0.0063 | -0.0000 | 1.5736 | -0.0054 | -0.0000 | 5.1265 | -0.0925 | -0.0000 | 5.1275 | 0.0808 | 0.0000 | 
8.7572 | -0.0063 | -0.0000 | 1.5874 | -0.0054 | 0.0000 | 5.1717 | -0.0933 | -0.0000 | 5.1728 | 0.0816 | 0.0000 | 
8.8339 | -0.0063 | -0.0000 | 1.6012 | -0.0054 | 0.0000 | 5.2170 | -0.0940 | -0.0000 | 5.2181 | 0.0823 | 0.0000 | 
8.9106 | -0.0063 | -0.0000 | 1.6150 | -0.0054 | 0.0000 | 5.2623 | -0.0948 | -0.0000 | 5.2633 | 0.0830 | 0.0000 | 
8.9873 | -0.0064 | -0.0000 | 1.6288 | -0.0054 | 0.0000 | 5.3075 | -0.0955 | -0.0000 | 5.3086 | 0.0838 | 0.0000 | 
9.0640 | -0.0064 | -0.0000 | 1.6427 | -0.0054 | 0.0000 | 5.3528 | -0.0963 | -0.0000 | 5.3539 | 0.0845 | 0.0000 | 
9.1407 | -0.0064 | 0.0000 | 1.6565 | -0.0054 | 0.0000 | 5.3980 | -0.0971 | -0.0000 | 5.3991 | 0.0853 | 0.0000 | 
9.2174 | -0.0064 | 0.0000 | 1.6703 | -0.0054 | 0.0000 | 5.4433 | -0.0978 | -0.0000 | 5.4444 | 0.0860 | 0.0000 | 
9.2941 | -0.0064 | 0.0000 | 1.6841 | -0.0054 | 0.0000 | 5.4885 | -0.0986 | -0.0000 | 5.4896 | 0.0867 | 0.0000 | 
9.3708 | -0.0064 | 0.0000 | 1.6979 | -0.0054 | 0.0000 | 5.5338 | -0.0993 | -0.0000 | 5.5349 | 0.0875 | 0.0000 | 
9.4475 | -0.0065 | 0.0000 | 1.7117 | -0.0054 | 0.0000 | 5.5790 | -0.1001 | -0.0000 | 5.5802 | 0.0882 | 0.0000 | 
9.5242 | -0.0065 | 0.0000 | 1.7255 | -0.0054 | 0.0000 | 5.6243 | -0.1008 | -0.0000 | 5.6254 | 0.0889 | 0.0000 | 
9.6009 | -0.0065 | 0.0000 | 1.7393 | -0.0054 | -0.0000 | 5.6695 | -0.1016 | -0.0000 | 5.6707 | 0.0896 | 0.0000 | 
9.6776 | -0.0065 | 0.0000 | 1.7531 | -0.0055 | 0.0000 | 5.7148 | -0.1023 | -0.0000 | 5.7160 | 0.0904 | 0.0000 | 
9.7544 | -0.0065 | 0.0000 | 1.7669 | -0.0055 | 0.0000 | 5.7600 | -0.1031 | -0.0000 | 5.7612 | 0.0911 | 0.0000 | 
9.8311 | -0.0065 | 0.0000 | 1.7807 | -0.0055 | 0.0000 | 5.8053 | -0.1038 | -0.0000 | 5.8065 | 0.0918 | 0.0000 | 
9.9078 | -0.0066 | 0.0000 | 1.7944 | -0.0055 | 0.0000 | 5.8505 | -0.1046 | -0.0000 | 5.8517 | 0.0926 | 0.0000 | 
9.9845 | -0.0066 | 0.0000 | 1.8082 | -0.0055 | -0.0000 | 5.8958 | -0.1054 | -0.0000 | 5.8970 | 0.0933 | 0.0000 | 
10.0613 | -0.0066 | 0.0000 | 1.8220 | -0.0055 | 0.0000 | 5.9410 | -0.1061 | -0.0000 | 5.9423 | 0.0940 | 0.0000 | 
10.1380 | -0.0066 | 0.0000 | 1.8358 | -0.0055 | 0.0000 | 5.9863 | -0.1069 | -0.0000 | 5.9875 | 0.0948 | 0.0000 | 
10.2148 | -0.0066 | 0.0000 | 1.8496 | -0.0055 | 0.0000 | 6.0315 | -0.1076 | -0.0000 | 6.0328 | 0.0955 | 0.0000 | 
10.2915 | -0.0066 | 0.0000 | 1.8633 | -0.0055 | 0.0000 | 6.0768 | -0.1083 | -0.0000 | 6.0780 | 0.0962 | 0.0000 | 
10.3682 | -0.0066 | 0.0000 | 1.8771 | -0.0055 | 0.0000 | 6.1220 | -0.1091 | -0.0000 | 6.1233 | 0.0970 | 0.0000 | 
10.4450 | -0.0066 | 0.0000 | 1.8909 | -0.0055 | 0.0000 | 6.1673 | -0.1098 | -0.0000 | 6.1686 | 0.0977 | 0.0000 | 
10.5217 | -0.0066 | 0.0000 | 1.9046 | -0.0055 | 0.0000 | 6.2125 | -0.1106 | -0.0000 | 6.2138 | 0.0984 | 0.0000 | 
10.5985 | -0.0067 | -0.0000 | 1.9184 | -0.0055 | 0.0000 | 6.2578 | -0.1113 | -0.0000 | 6.2591 | 0.0992 | 0.0000 | 
10.6752 | -0.0067 | 0.0000 | 1.9322 | -0.0055 | -0.0000 | 6.3030 | -0.1121 | -0.0000 | 6.3043 | 0.0999 | 0.0000 | 
10.7520 | -0.0067 | 0.0000 | 1.9459 | -0.0056 | -0.0000 | 6.3483 | -0.1128 | -0.0000 | 6.3496 | 0.1006 | 0.0000 | 
10.8288 | -0.0067 | 0.0000 | 1.9597 | -0.0056 | -0.0000 | 6.3935 | -0.1136 | -0.0000 | 6.3949 | 0.1013 | 0.0000 | 
10.9055 | -0.0067 | 0.0000 | 1.9734 | -0.0056 | 0.0000 | 6.4388 | -0.1143 | -0.0000 | 6.4401 | 0.1021 | 0.0000 | 
10.9823 | -0.0067 | 0.0000 | 1.9872 | -0.0056 | 0.0000 | 6.4841 | -0.1151 | -0.0000 | 6.4854 | 0.1028 | 0.0000 | 
11.0591 | -0.0067 | 0.0000 | 2.0009 | -0.0056 | 0.0000 | 6.5293 | -0.1158 | -0.0000 | 6.5307 | 0.1035 | 0.0000 | 
11.1358 | -0.0068 | 0.0000 | 2.0147 | -0.0056 | -0.0000 | 6.5746 | -0.1166 | -0.0000 | 6.5759 | 0.1043 | 0.0000 | 
11.2126 | -0.0068 | 0.0000 | 2.0284 | -0.0056 | -0.0000 | 6.6198 | -0.1173 | -0.0000 | 6.6212 | 0.1050 | 0.0000 | 
11.2894 | -0.0068 | 0.0000 | 2.0422 | -0.0056 | 0.0000 | 6.6651 | -0.1181 | -0.0000 | 6.6664 | 0.1057 | 0.0000 | 
11.3661 | -0.0068 | 0.0000 | 2.0559 | -0.0056 | 0.0000 | 6.7103 | -0.1188 | -0.0000 | 6.7117 | 0.1064 | 0.0000 | 
11.4429 | -0.0068 | -0.0000 | 2.0696 | -0.0056 | 0.0000 | 6.7556 | -0.1195 | -0.0000 | 6.7570 | 0.1072 | 0.0000 | 
11.5197 | -0.0068 | -0.0000 | 2.0834 | -0.0056 | -0.0000 | 6.8008 | -0.1203 | -0.0000 | 6.8022 | 0.1079 | 0.0000 | 
11.5965 | -0.0068 | -0.0000 | 2.0971 | -0.0056 | -0.0000 | 6.8461 | -0.1210 | -0.0000 | 6.8475 | 0.1086 | 0.0000 | 
11.6732 | -0.0068 | 0.0000 | 2.1108 | -0.0056 | 0.0000 | 6.8913 | -0.1218 | -0.0000 | 6.8928 | 0.1093 | 0.0000 | 
11.7500 | -0.0069 | 0.0000 | 2.1246 | -0.0056 | 0.0000 | 6.9366 | -0.1225 | -0.0000 | 6.9380 | 0.1101 | 0.0000 | 
11.8268 | -0.0069 | 0.0000 | 2.1383 | -0.0056 | -0.0000 | 6.9818 | -0.1233 | -0.0000 | 6.9833 | 0.1108 | 0.0000 | 
11.9036 | -0.0069 | -0.0000 | 2.1520 | -0.0056 | -0.0000 | 7.0271 | -0.1240 | -0.0000 | 7.0285 | 0.1115 | 0.0000 | 
11.9804 | -0.0069 | 0.0000 | 2.1657 | -0.0056 | -0.0000 | 7.0723 | -0.1247 | -0.0000 | 7.0738 | 0.1122 | 0.0000 | 
12.0572 | -0.0069 | 0.0000 | 2.1794 | -0.0056 | 0.0000 | 7.1176 | -0.1255 | -0.0000 | 7.1191 | 0.1130 | 0.0000 | 
12.1340 | -0.0069 | -0.0000 | 2.1931 | -0.0056 | 0.0000 | 7.1628 | -0.1262 | -0.0000 | 7.1643 | 0.1137 | 0.0000 | 
12.2108 | -0.0069 | 0.0000 | 2.2068 | -0.0056 | -0.0000 | 7.2081 | -0.1270 | -0.0000 | 7.2096 | 0.1144 | 0.0000 | 
12.2876 | -0.0070 | -0.0000 | 2.2205 | -0.0056 | -0.0000 | 7.2533 | -0.1277 | -0.0000 | 7.2548 | 0.1151 | 0.0000 | 
12.3645 | -0.0070 | 0.0000 | 2.2342 | -0.0056 | 0.0000 | 7.2986 | -0.1284 | -0.0000 | 7.3001 | 0.1159 | 0.0000 | 
12.4413 | -0.0070 | 0.0000 | 2.2479 | -0.0056 | 0.0000 | 7.3438 | -0.1292 | -0.0000 | 7.3454 | 0.1166 | 0.0000 | 
12.5181 | -0.0070 | 0.0000 | 2.2616 | -0.0056 | 0.0000 | 7.3891 | -0.1299 | -0.0000 | 7.3906 | 0.1173 | 0.0000 | 
12.5949 | -0.0070 | 0.0000 | 2.2753 | -0.0056 | 0.0000 | 7.4343 | -0.1307 | -0.0000 | 7.4359 | 0.1180 | 0.0000 | 
12.6717 | -0.0070 | 0.0000 | 2.2890 | -0.0056 | 0.0000 | 7.4796 | -0.1314 | -0.0000 | 7.4812 | 0.1187 | 0.0000 | 
12.7486 | -0.0070 | 0.0000 | 2.3027 | -0.0057 | -0.0000 | 7.5248 | -0.1321 | -0.0000 | 7.5264 | 0.1195 | 0.0000 | 
12.8254 | -0.0070 | 0.0000 | 2.3164 | -0.0057 | 0.0000 | 7.5701 | -0.1329 | -0.0000 | 7.5717 | 0.1202 | 0.0000 | 
12.9022 | -0.0071 | -0.0000 | 2.3301 | -0.0057 | 0.0000 | 7.6153 | -0.1336 | -0.0000 | 7.6169 | 0.1209 | 0.0000 | 
12.9790 | -0.0071 | -0.0000 | 2.3438 | -0.0057 | -0.0000 | 7.6606 | -0.1343 | -0.0000 | 7.6622 | 0.1216 | 0.0000 | 
13.0559 | -0.0071 | -0.0000 | 2.3574 | -0.0057 | 0.0000 | 7.7058 | -0.1351 | -0.0000 | 7.7075 | 0.1223 | 0.0000 | 
13.1327 | -0.0071 | 0.0000 | 2.3711 | -0.0057 | 0.0000 | 7.7511 | -0.1358 | -0.0000 | 7.7527 | 0.1231 | 0.0000 | 
13.2096 | -0.0071 | 0.0000 | 2.3848 | -0.0057 | 0.0000 | 7.7963 | -0.1365 | -0.0000 | 7.7980 | 0.1238 | 0.0000 | 
13.2864 | -0.0071 | -0.0000 | 2.3984 | -0.0057 | 0.0000 | 7.8416 | -0.1373 | -0.0000 | 7.8432 | 0.1245 | 0.0000 | 
13.3633 | -0.0071 | -0.0000 | 2.4121 | -0.0057 | -0.0000 | 7.8868 | -0.1380 | -0.0000 | 7.8885 | 0.1252 | 0.0000 | 
13.4401 | -0.0071 | -0.0000 | 2.4257 | -0.0057 | -0.0000 | 7.9321 | -0.1387 | -0.0000 | 7.9338 | 0.1260 | 0.0000 | 
13.5170 | -0.0071 | 0.0000 | 2.4394 | -0.0057 | 0.0000 | 7.9773 | -0.1395 | -0.0000 | 7.9790 | 0.1267 | 0.0000 | 
13.5938 | -0.0071 | 0.0000 | 2.4531 | -0.0057 | 0.0000 | 8.0226 | -0.1402 | -0.0000 | 8.0243 | 0.1274 | 0.0000 | 
13.6707 | -0.0071 | 0.0000 | 2.4667 | -0.0057 | -0.0000 | 8.0678 | -0.1409 | -0.0000 | 8.0696 | 0.1281 | 0.0000 | 
13.7476 | -0.0072 | 0.0000 | 2.4804 | -0.0057 | -0.0000 | 8.1131 | -0.1417 | -0.0000 | 8.1148 | 0.1288 | 0.0000 | 
13.8244 | -0.0072 | -0.0000 | 2.4940 | -0.0057 | -0.0000 | 8.1584 | -0.1424 | -0.0000 | 8.1601 | 0.1295 | 0.0000 | 
13.9013 | -0.0072 | 0.0000 | 2.5077 | -0.0057 | 0.0000 | 8.2036 | -0.1431 | -0.0000 | 8.2053 | 0.1303 | 0.0000 | 
13.9782 | -0.0072 | 0.0000 | 2.5213 | -0.0057 | 0.0000 | 8.2489 | -0.1439 | -0.0000 | 8.2506 | 0.1310 | 0.0000 | 
14.0550 | -0.0072 | -0.0000 | 2.5349 | -0.0057 | 0.0000 | 8.2941 | -0.1446 | -0.0000 | 8.2959 | 0.1317 | 0.0000 | 
14.1319 | -0.0072 | -0.0000 | 2.5486 | -0.0057 | -0.0000 | 8.3394 | -0.1453 | -0.0000 | 8.3411 | 0.1324 | 0.0000 | 
14.2088 | -0.0072 | -0.0000 | 2.5622 | -0.0057 | -0.0000 | 8.3846 | -0.1461 | -0.0000 | 8.3864 | 0.1331 | 0.0000 | 
14.2857 | -0.0072 | 0.0000 | 2.5758 | -0.0057 | 0.0000 | 8.4299 | -0.1468 | -0.0000 | 8.4317 | 0.1338 | 0.0000 | 
14.3626 | -0.0072 | 0.0000 | 2.5895 | -0.0057 | 0.0000 | 8.4751 | -0.1475 | -0.0000 | 8.4769 | 0.1346 | 0.0000 | 
14.4395 | -0.0073 | -0.0000 | 2.6031 | -0.0057 | 0.0000 | 8.5204 | -0.1483 | -0.0000 | 8.5222 | 0.1353 | 0.0000 | 
14.5164 | -0.0073 | -0.0000 | 2.6167 | -0.0057 | -0.0000 | 8.5656 | -0.1490 | -0.0000 | 8.5674 | 0.1360 | 0.0000 | 
14.5932 | -0.0073 | -0.0000 | 2.6303 | -0.0057 | -0.0000 | 8.6109 | -0.1497 | -0.0000 | 8.6127 | 0.1367 | 0.0000 | 
14.6701 | -0.0073 | 0.0000 | 2.6439 | -0.0057 | 0.0000 | 8.6561 | -0.1504 | -0.0000 | 8.6580 | 0.1374 | 0.0000 | 
14.7471 | -0.0073 | -0.0000 | 2.6575 | -0.0057 | 0.0000 | 8.7014 | -0.1512 | -0.0000 | 8.7032 | 0.1381 | 0.0000 | 
14.8240 | -0.0073 | -0.0000 | 2.6711 | -0.0057 | 0.0000 | 8.7466 | -0.1519 | -0.0000 | 8.7485 | 0.1389 | 0.0000 | 
14.9009 | -0.0073 | 0.0000 | 2.6847 | -0.0057 | -0.0000 | 8.7919 | -0.1526 | -0.0000 | 8.7937 | 0.1396 | 0.0000 | 
14.9778 | -0.0073 | 0.0000 | 2.6983 | -0.0058 | -0.0000 | 8.8371 | -0.1533 | -0.0000 | 8.8390 | 0.1403 | 0.0000 | 
15.0547 | -0.0073 | 0.0000 | 2.7119 | -0.0058 | 0.0000 | 8.8824 | -0.1541 | -0.0000 | 8.8843 | 0.1410 | 0.0000 | 
15.1316 | -0.0073 | 0.0000 | 2.7255 | -0.0058 | 0.0000 | 8.9276 | -0.1548 | -0.0000 | 8.9295 | 0.1417 | 0.0000 | 
15.2085 | -0.0074 | -0.0000 | 2.7391 | -0.0058 | 0.0000 | 8.9729 | -0.1555 | -0.0000 | 8.9748 | 0.1424 | 0.0000 | 
15.2855 | -0.0074 | -0.0000 | 2.7527 | -0.0058 | -0.0000 | 9.0181 | -0.1563 | -0.0000 | 9.0201 | 0.1431 | 0.0000 | 
15.3624 | -0.0074 | -0.0000 | 2.7663 | -0.0058 | -0.0000 | 9.0634 | -0.1570 | -0.0000 | 9.0653 | 0.1438 | 0.0000 | 
15.4393 | -0.0074 | -0.0000 | 2.7799 | -0.0058 | 0.0000 | 9.1086 | -0.1577 | -0.0000 | 9.1106 | 0.1446 | 0.0000 | 
15.5163 | -0.0074 | -0.0000 | 2.7935 | -0.0058 | 0.0000 | 9.1539 | -0.1584 | -0.0000 | 9.1558 | 0.1453 | 0.0000 | 
15.5932 | -0.0074 | -0.0000 | 2.8070 | -0.0058 | 0.0000 | 9.1991 | -0.1592 | -0.0000 | 9.2011 | 0.1460 | 0.0000 | 
15.6701 | -0.0074 | -0.0000 | 2.8206 | -0.0058 | -0.0000 | 9.2444 | -0.1599 | -0.0000 | 9.2464 | 0.1467 | 0.0000 | 
15.7471 | -0.0074 | -0.0000 | 2.8342 | -0.0058 | 0.0000 | 9.2896 | -0.1606 | -0.0000 | 9.2916 | 0.1474 | 0.0000 | 
15.8240 | -0.0074 | 0.0000 | 2.8477 | -0.0058 | 0.0000 | 9.3349 | -0.1613 | -0.0000 | 9.3369 | 0.1481 | 0.0000 | 
15.9010 | -0.0075 | 0.0000 | 2.8613 | -0.0058 | 0.0000 | 9.3801 | -0.1620 | -0.0000 | 9.3821 | 0.1488 | 0.0000 | 
15.9779 | -0.0075 | -0.0000 | 2.8749 | -0.0058 | 0.0000 | 9.4254 | -0.1628 | -0.0000 | 9.4274 | 0.1495 | 0.0000 | 
16.0549 | -0.0075 | 0.0000 | 2.8884 | -0.0058 | 0.0000 | 9.4706 | -0.1635 | -0.0000 | 9.4727 | 0.1502 | 0.0000 | 
16.1318 | -0.0075 | -0.0000 | 2.9020 | -0.0058 | 0.0000 | 9.5159 | -0.1642 | -0.0000 | 9.5179 | 0.1510 | 0.0000 | 
16.2088 | -0.0075 | -0.0000 | 2.9155 | -0.0058 | 0.0000 | 9.5611 | -0.1649 | -0.0000 | 9.5632 | 0.1517 | 0.0000 | 
16.2858 | -0.0075 | -0.0000 | 2.9291 | -0.0058 | 0.0000 | 9.6064 | -0.1656 | -0.0000 | 9.6085 | 0.1524 | 0.0000 | 
16.3627 | -0.0075 | -0.0000 | 2.9426 | -0.0058 | -0.0000 | 9.6516 | -0.1664 | -0.0000 | 9.6537 | 0.1531 | 0.0000 | 
16.4397 | -0.0075 | -0.0000 | 2.9561 | -0.0058 | -0.0000 | 9.6969 | -0.1671 | -0.0000 | 9.6990 | 0.1538 | 0.0000 | 
16.5167 | -0.0075 | 0.0000 | 2.9697 | -0.0058 | -0.0000 | 9.7421 | -0.1678 | -0.0000 | 9.7442 | 0.1545 | 0.0000 | 
16.5937 | -0.0075 | 0.0000 | 2.9832 | -0.0058 | -0.0000 | 9.7874 | -0.1685 | -0.0000 | 9.7895 | 0.1552 | 0.0000 | 
16.6706 | -0.0076 | 0.0000 | 2.9967 | -0.0058 | 0.0000 | 9.8326 | -0.1693 | -0.0000 | 9.8348 | 0.1559 | 0.0000 | 
16.7476 | -0.0076 | 0.0000 | 3.0103 | -0.0058 | 0.0000 | 9.8779 | -0.1700 | -0.0000 | 9.8800 | 0.1566 | 0.0000 | 
16.8246 | -0.0076 | 0.0000 | 3.0238 | -0.0058 | 0.0000 | 9.9231 | -0.1707 | -0.0000 | 9.9253 | 0.1573 | 0.0000 | 
16.9016 | -0.0076 | 0.0000 | 3.0373 | -0.0058 | 0.0000 | 9.9684 | -0.1714 | -0.0000 | 9.9705 | 0.1580 | 0.0000 | 
16.9786 | -0.0076 | 0.0000 | 3.0508 | -0.0058 | -0.0000 | 10.0136 | -0.1721 | -0.0000 | 10.0158 | 0.1587 | 0.0000 | 
17.0556 | -0.0076 | 0.0000 | 3.0644 | -0.0058 | 0.0000 | 10.0589 | -0.1728 | -0.0000 | 10.0611 | 0.1594 | 0.0000 | 
17.1326 | -0.0076 | 0.0000 | 3.0779 | -0.0058 | 0.0000 | 10.1041 | -0.1736 | -0.0000 | 10.1063 | 0.1601 | 0.0000 | 
17.2096 | -0.0076 | 0.0000 | 3.0914 | -0.0058 | 0.0000 | 10.1494 | -0.1743 | -0.0000 | 10.1516 | 0.1609 | 0.0000 | 
17.2866 | -0.0076 | 0.0000 | 3.1049 | -0.0058 | 0.0000 | 10.1946 | -0.1750 | -0.0000 | 10.1969 | 0.1616 | 0.0000 | 
17.3636 | -0.0076 | 0.0000 | 3.1184 | -0.0058 | 0.0000 | 10.2399 | -0.1757 | -0.0000 | 10.2421 | 0.1623 | 0.0000 | 
17.4407 | -0.0076 | 0.0000 | 3.1319 | -0.0058 | 0.0000 | 10.2852 | -0.1764 | -0.0000 | 10.2874 | 0.1630 | 0.0000 | 
17.5177 | -0.0077 | 0.0000 | 3.1454 | -0.0058 | 0.0000 | 10.3304 | -0.1771 | -0.0000 | 10.3326 | 0.1637 | 0.0000 | 
17.5947 | -0.0077 | 0.0000 | 3.1588 | -0.0058 | -0.0000 | 10.3757 | -0.1779 | -0.0000 | 10.3779 | 0.1644 | 0.0000 | 
17.6717 | -0.0077 | 0.0000 | 3.1723 | -0.0058 | 0.0000 | 10.4209 | -0.1786 | -0.0000 | 10.4232 | 0.1651 | 0.0000 | 
17.7488 | -0.0077 | 0.0000 | 3.1858 | -0.0058 | -0.0000 | 10.4662 | -0.1793 | -0.0000 | 10.4684 | 0.1658 | 0.0000 | 
17.8258 | -0.0077 | 0.0000 | 3.1993 | -0.0058 | -0.0000 | 10.5114 | -0.1800 | -0.0000 | 10.5137 | 0.1665 | 0.0000 | 
17.9028 | -0.0077 | 0.0000 | 3.2128 | -0.0058 | -0.0000 | 10.5567 | -0.1807 | -0.0000 | 10.5589 | 0.1672 | 0.0000 | 
17.9799 | -0.0077 | 0.0000 | 3.2262 | -0.0058 | -0.0000 | 10.6019 | -0.1814 | -0.0000 | 10.6042 | 0.1679 | 0.0000 | 
18.0569 | -0.0077 | 0.0000 | 3.2397 | -0.0058 | -0.0000 | 10.6472 | -0.1821 | -0.0000 | 10.6495 | 0.1686 | 0.0000 | 
18.1340 | -0.0077 | 0.0000 | 3.2532 | -0.0058 | 0.0000 | 10.6924 | -0.1828 | -0.0000 | 10.6947 | 0.1693 | 0.0000 | 
18.2110 | -0.0077 | 0.0000 | 3.2666 | -0.0058 | 0.0000 | 10.7377 | -0.1836 | -0.0000 | 10.7400 | 0.1700 | 0.0000 | 
18.2881 | -0.0077 | 0.0000 | 3.2801 | -0.0058 | 0.0000 | 10.7829 | -0.1843 | -0.0000 | 10.7852 | 0.1707 | 0.0000 | 
18.3651 | -0.0077 | 0.0000 | 3.2936 | -0.0058 | -0.0000 | 10.8282 | -0.1850 | -0.0000 | 10.8305 | 0.1714 | 0.0000 | 
18.4422 | -0.0077 | 0.0000 | 3.3070 | -0.0058 | 0.0000 | 10.8734 | -0.1857 | -0.0000 | 10.8758 | 0.1721 | 0.0000 | 
18.5192 | -0.0078 | 0.0000 | 3.3205 | -0.0058 | 0.0000 | 10.9187 | -0.1864 | -0.0000 | 10.9210 | 0.1728 | 0.0000 | 
18.5963 | -0.0078 | 0.0000 | 3.3339 | -0.0058 | 0.0000 | 10.9639 | -0.1871 | -0.0000 | 10.9663 | 0.1735 | 0.0000 | 
18.6734 | -0.0078 | 0.0000 | 3.3473 | -0.0058 | 0.0000 | 11.0092 | -0.1878 | -0.0000 | 11.0116 | 0.1742 | 0.0000 | 
18.7504 | -0.0078 | 0.0000 | 3.3608 | -0.0058 | 0.0000 | 11.0544 | -0.1885 | -0.0000 | 11.0568 | 0.1749 | 0.0000 | 
18.8275 | -0.0078 | 0.0000 | 3.3742 | -0.0058 | 0.0000 | 11.0997 | -0.1892 | -0.0000 | 11.1021 | 0.1756 | 0.0000 | 
18.9046 | -0.0078 | 0.0000 | 3.3876 | -0.0058 | 0.0000 | 11.1449 | -0.1900 | -0.0000 | 11.1473 | 0.1763 | 0.0000 | 
18.9817 | -0.0078 | -0.0000 | 3.4011 | -0.0058 | 0.0000 | 11.1902 | -0.1907 | -0.0000 | 11.1926 | 0.1770 | 0.0000 | 
19.0588 | -0.0078 | -0.0000 | 3.4145 | -0.0058 | 0.0000 | 11.2354 | -0.1914 | -0.0000 | 11.2379 | 0.1777 | 0.0000 | 
19.1359 | -0.0078 | 0.0000 | 3.4279 | -0.0059 | 0.0000 | 11.2807 | -0.1921 | -0.0000 | 11.2831 | 0.1784 | 0.0000 | 
19.2129 | -0.0078 | 0.0000 | 3.4413 | -0.0059 | 0.0000 | 11.3259 | -0.1928 | -0.0000 | 11.3284 | 0.1791 | 0.0000 | 
19.2900 | -0.0078 | 0.0000 | 3.4548 | -0.0059 | 0.0000 | 11.3712 | -0.1935 | -0.0000 | 11.3736 | 0.1798 | 0.0000 | 
19.3671 | -0.0078 | 0.0000 | 3.4682 | -0.0059 | 0.0000 | 11.4164 | -0.1942 | -0.0000 | 11.4189 | 0.1805 | 0.0000 | 
19.4442 | -0.0078 | -0.0000 | 3.4816 | -0.0059 | 0.0000 | 11.4617 | -0.1949 | -0.0000 | 11.4642 | 0.1812 | 0.0000 | 
19.5214 | -0.0078 | 0.0000 | 3.4950 | -0.0059 | 0.0000 | 11.5069 | -0.1956 | -0.0000 | 11.5094 | 0.1819 | 0.0000 | 
19.5985 | -0.0079 | 0.0000 | 3.5084 | -0.0059 | 0.0000 | 11.5522 | -0.1963 | -0.0000 | 11.5547 | 0.1826 | 0.0000 | 
19.6756 | -0.0079 | 0.0000 | 3.5218 | -0.0059 | 0.0000 | 11.5974 | -0.1970 | -0.0000 | 11.6000 | 0.1833 | 0.0000 | 
19.7527 | -0.0079 | 0.0000 | 3.5352 | -0.0059 | 0.0000 | 11.6427 | -0.1977 | -0.0000 | 11.6452 | 0.1840 | 0.0000 | 
19.8298 | -0.0079 | 0.0000 | 3.5486 | -0.0059 | 0.0000 | 11.6879 | -0.1984 | -0.0000 | 11.6905 | 0.1847 | 0.0000 | 
19.9069 | -0.0079 | 0.0000 | 3.5620 | -0.0059 | 0.0000 | 11.7332 | -0.1992 | -0.0000 | 11.7357 | 0.1854 | 0.0000 | 
19.9841 | -0.0079 | 0.0000 | 3.5753 | -0.0059 | 0.0000 | 11.7784 | -0.1999 | -0.0000 | 11.7810 | 0.1861 | 0.0000 | 
20.0612 | -0.0079 | 0.0000 | 3.5887 | -0.0059 | 0.0000 | 11.8237 | -0.2006 | -0.0000 | 11.8263 | 0.1868 | 0.0000 | 
20.1383 | -0.0079 | 0.0000 | 3.6021 | -0.0059 | 0.0000 | 11.8689 | -0.2013 | -0.0000 | 11.8715 | 0.1875 | 0.0000 | 
20.2155 | -0.0079 | 0.0000 | 3.6155 | -0.0059 | 0.0000 | 11.9142 | -0.2020 | -0.0000 | 11.9168 | 0.1882 | 0.0000 | 
20.2926 | -0.0079 | 0.0000 | 3.6288 | -0.0059 | 0.0000 | 11.9594 | -0.2027 | -0.0000 | 11.9620 | 0.1889 | 0.0000 | 
20.3698 | -0.0079 | 0.0000 | 3.6422 | -0.0059 | 0.0000 | 12.0047 | -0.2034 | -0.0000 | 12.0073 | 0.1896 | 0.0000 | 
20.4469 | -0.0079 | 0.0000 | 3.6556 | -0.0059 | 0.0000 | 12.0499 | -0.2041 | -0.0000 | 12.0526 | 0.1903 | 0.0000 | 
20.5241 | -0.0080 | 0.0000 | 3.6689 | -0.0059 | 0.0000 | 12.0952 | -0.2048 | -0.0000 | 12.0978 | 0.1909 | 0.0000 | 
20.6012 | -0.0080 | 0.0000 | 3.6823 | -0.0059 | 0.0000 | 12.1404 | -0.2055 | -0.0000 | 12.1431 | 0.1916 | 0.0000 | 
20.6784 | -0.0080 | 0.0000 | 3.6956 | -0.0059 | 0.0000 | 12.1857 | -0.2062 | -0.0000 | 12.1883 | 0.1923 | 0.0000 | 
20.7555 | -0.0080 | 0.0000 | 3.7090 | -0.0059 | 0.0000 | 12.2309 | -0.2069 | -0.0000 | 12.2336 | 0.1930 | 0.0000 | 
20.8327 | -0.0080 | 0.0000 | 3.7223 | -0.0059 | 0.0000 | 12.2762 | -0.2076 | -0.0000 | 12.2789 | 0.1937 | 0.0000 | 
20.9099 | -0.0080 | 0.0000 | 3.7357 | -0.0059 | 0.0000 | 12.3214 | -0.2083 | -0.0000 | 12.3241 | 0.1944 | 0.0000 | 
20.9870 | -0.0080 | 0.0000 | 3.7490 | -0.0059 | 0.0000 | 12.3667 | -0.2090 | -0.0000 | 12.3694 | 0.1951 | 0.0000 | 
21.0642 | -0.0080 | 0.0000 | 3.7623 | -0.0059 | 0.0000 | 12.4119 | -0.2097 | -0.0000 | 12.4147 | 0.1958 | 0.0000 | 
21.1414 | -0.0080 | 0.0000 | 3.7757 | -0.0059 | 0.0000 | 12.4572 | -0.2104 | -0.0000 | 12.4599 | 0.1965 | 0.0000 | 
21.2186 | -0.0080 | 0.0000 | 3.7890 | -0.0059 | 0.0000 | 12.5024 | -0.2111 | -0.0000 | 12.5052 | 0.1972 | 0.0000 | 
21.2958 | -0.0080 | 0.0000 | 3.8023 | -0.0059 | 0.0000 | 12.5477 | -0.2118 | -0.0000 | 12.5504 | 0.1979 | 0.0000 | 
21.3730 | -0.0080 | 0.0000 | 3.8156 | -0.0059 | 0.0000 | 12.5929 | -0.2125 | -0.0000 | 12.5957 | 0.1986 | 0.0000 | 
21.4502 | -0.0081 | 0.0000 | 3.8290 | -0.0059 | 0.0000 | 12.6382 | -0.2132 | -0.0000 | 12.6410 | 0.1993 | 0.0000 | 
21.5274 | -0.0081 | 0.0000 | 3.8423 | -0.0059 | 0.0000 | 12.6834 | -0.2139 | -0.0000 | 12.6862 | 0.1999 | 0.0000 | 
21.6046 | -0.0081 | 0.0000 | 3.8556 | -0.0059 | 0.0000 | 12.7287 | -0.2146 | -0.0000 | 12.7315 | 0.2006 | 0.0000 | 
21.6818 | -0.0081 | 0.0000 | 3.8689 | -0.0059 | 0.0000 | 12.7739 | -0.2153 | -0.0000 | 12.7767 | 0.2013 | 0.0000 | 
21.7590 | -0.0081 | 0.0000 | 3.8822 | -0.0059 | 0.0000 | 12.8192 | -0.2160 | -0.0000 | 12.8220 | 0.2020 | 0.0000 | 
21.8362 | -0.0081 | 0.0000 | 3.8955 | -0.0059 | 0.0000 | 12.8644 | -0.2167 | -0.0000 | 12.8673 | 0.2027 | 0.0000 | 
21.9134 | -0.0081 | 0.0000 | 3.9088 | -0.0059 | 0.0000 | 12.9097 | -0.2174 | -0.0000 | 12.9125 | 0.2034 | 0.0000 | 
21.9907 | -0.0081 | 0.0000 | 3.9221 | -0.0059 | 0.0000 | 12.9549 | -0.2181 | -0.0000 | 12.9578 | 0.2041 | 0.0000 | 
22.0679 | -0.0081 | 0.0000 | 3.9353 | -0.0059 | 0.0000 | 13.0002 | -0.2188 | -0.0000 | 13.0031 | 0.2048 | 0.0000 | 
22.1451 | -0.0081 | 0.0000 | 3.9486 | -0.0059 | 0.0000 | 13.0454 | -0.2195 | -0.0000 | 13.0483 | 0.2055 | 0.0000 | 
22.2224 | -0.0081 | 0.0000 | 3.9619 | -0.0059 | 0.0000 | 13.0907 | -0.2202 | -0.0000 | 13.0936 | 0.2062 | 0.0000 | 
22.2996 | -0.0081 | 0.0000 | 3.9752 | -0.0059 | 0.0000 | 13.1359 | -0.2209 | -0.0000 | 13.1388 | 0.2068 | 0.0000 | 
22.3768 | -0.0081 | 0.0000 | 3.9884 | -0.0059 | 0.0000 | 13.1812 | -0.2216 | -0.0000 | 13.1841 | 0.2075 | 0.0000 | 
22.4541 | -0.0082 | 0.0000 | 4.0017 | -0.0059 | 0.0000 | 13.2264 | -0.2223 | -0.0000 | 13.2294 | 0.2082 | 0.0000 | 
22.5313 | -0.0082 | 0.0000 | 4.0150 | -0.0059 | 0.0000 | 13.2717 | -0.2230 | -0.0000 | 13.2746 | 0.2089 | 0.0000 | 
22.6086 | -0.0082 | 0.0000 | 4.0282 | -0.0059 | 0.0000 | 13.3169 | -0.2237 | -0.0000 | 13.3199 | 0.2096 | 0.0000 | 
22.6858 | -0.0082 | 0.0000 | 4.0415 | -0.0059 | 0.0000 | 13.3622 | -0.2244 | -0.0000 | 13.3651 | 0.2103 | 0.0000 | 
22.7631 | -0.0082 | 0.0000 | 4.0547 | -0.0059 | 0.0000 | 13.4074 | -0.2250 | -0.0000 | 13.4104 | 0.2110 | 0.0000 | 
22.8404 | -0.0082 | 0.0000 | 4.0680 | -0.0059 | 0.0000 | 13.4527 | -0.2257 | -0.0000 | 13.4557 | 0.2116 | 0.0000 | 
22.9176 | -0.0082 | 0.0000 | 4.0812 | -0.0059 | 0.0000 | 13.4979 | -0.2264 | -0.0000 | 13.5009 | 0.2123 | 0.0000 | 
22.9949 | -0.0082 | 0.0000 | 4.0945 | -0.0059 | 0.0000 | 13.5432 | -0.2271 | -0.0000 | 13.5462 | 0.2130 | 0.0000 | 
23.0722 | -0.0082 | 0.0000 | 4.1077 | -0.0059 | 0.0000 | 13.5884 | -0.2278 | -0.0000 | 13.5915 | 0.2137 | 0.0000 | 
23.1495 | -0.0082 | 0.0000 | 4.1209 | -0.0059 | 0.0000 | 13.6337 | -0.2285 | -0.0000 | 13.6367 | 0.2144 | 0.0000 | 
23.2267 | -0.0082 | 0.0000 | 4.1342 | -0.0059 | 0.0000 | 13.6789 | -0.2292 | -0.0000 | 13.6820 | 0.2151 | 0.0000 | 
23.3040 | -0.0082 | 0.0000 | 4.1474 | -0.0059 | 0.0000 | 13.7242 | -0.2299 | -0.0000 | 13.7272 | 0.2158 | 0.0000 | 
23.3813 | -0.0082 | 0.0000 | 4.1606 | -0.0059 | 0.0000 | 13.7694 | -0.2306 | -0.0000 | 13.7725 | 0.2164 | 0.0000 | 
23.4586 | -0.0082 | 0.0000 | 4.1738 | -0.0059 | 0.0000 | 13.8147 | -0.2313 | -0.0000 | 13.8178 | 0.2171 | 0.0000 | 
23.5359 | -0.0082 | 0.0000 | 4.1870 | -0.0059 | 0.0000 | 13.8599 | -0.2320 | -0.0000 | 13.8630 | 0.2178 | 0.0000 | 
23.6132 | -0.0082 | 0.0000 | 4.2002 | -0.0059 | 0.0000 | 13.9052 | -0.2327 | -0.0000 | 13.9083 | 0.2185 | 0.0000 | 
23.6905 | -0.0083 | 0.0000 | 4.2134 | -0.0059 | 0.0000 | 13.9504 | -0.2334 | -0.0000 | 13.9535 | 0.2192 | 0.0000 | 
23.7678 | -0.0083 | 0.0000 | 4.2266 | -0.0059 | 0.0000 | 13.9957 | -0.2340 | -0.0000 | 13.9988 | 0.2199 | 0.0000 | 
23.8451 | -0.0083 | 0.0000 | 4.2398 | -0.0059 | 0.0000 | 14.0409 | -0.2347 | -0.0000 | 14.0441 | 0.2205 | 0.0000 | 
23.9224 | -0.0083 | 0.0000 | 4.2530 | -0.0059 | 0.0000 | 14.0862 | -0.2354 | -0.0000 | 14.0893 | 0.2212 | 0.0000 | 
23.9998 | -0.0083 | 0.0000 | 4.2662 | -0.0059 | 0.0000 | 14.1314 | -0.2361 | -0.0000 | 14.1346 | 0.2219 | 0.0000 | 
24.0771 | -0.0083 | 0.0000 | 4.2794 | -0.0059 | 0.0000 | 14.1766 | -0.2368 | -0.0000 | 14.1798 | 0.2226 | 0.0000 | 
24.1544 | -0.0083 | 0.0000 | 4.2926 | -0.0059 | 0.0000 | 14.2219 | -0.2375 | -0.0000 | 14.2251 | 0.2233 | 0.0000 | 
24.2317 | -0.0083 | 0.0000 | 4.3058 | -0.0059 | 0.0000 | 14.2671 | -0.2382 | -0.0000 | 14.2703 | 0.2240 | 0.0000 | 
24.3091 | -0.0083 | 0.0000 | 4.3189 | -0.0059 | 0.0000 | 14.3124 | -0.2389 | -0.0000 | 14.3156 | 0.2246 | 0.0000 | 
24.3864 | -0.0083 | 0.0000 | 4.3321 | -0.0059 | 0.0000 | 14.3576 | -0.2396 | -0.0000 | 14.3609 | 0.2253 | 0.0000 | 
24.4637 | -0.0083 | 0.0000 | 4.3453 | -0.0059 | 0.0000 | 14.4029 | -0.2402 | -0.0000 | 14.4061 | 0.2260 | 0.0000 | 
24.5411 | -0.0083 | 0.0000 | 4.3584 | -0.0059 | 0.0000 | 14.4481 | -0.2409 | -0.0000 | 14.4514 | 0.2267 | 0.0000 | 
24.6184 | -0.0083 | 0.0000 | 4.3716 | -0.0059 | 0.0000 | 14.4934 | -0.2416 | -0.0000 | 14.4966 | 0.2274 | 0.0000 | 
24.6958 | -0.0083 | 0.0000 | 4.3848 | -0.0059 | 0.0000 | 14.5386 | -0.2423 | -0.0000 | 14.5419 | 0.2281 | 0.0000 | 
24.7731 | -0.0083 | 0.0000 | 4.3979 | -0.0059 | 0.0000 | 14.5839 | -0.2430 | -0.0000 | 14.5872 | 0.2287 | 0.0000 | 
24.8505 | -0.0083 | 0.0000 | 4.4111 | -0.0059 | 0.0000 | 14.6291 | -0.2437 | -0.0000 | 14.6324 | 0.2294 | 0.0000 | 
24.9279 | -0.0083 | 0.0000 | 4.4242 | -0.0059 | 0.0000 | 14.6744 | -0.2444 | -0.0000 | 14.6777 | 0.2301 | 0.0000 | 
25.0052 | -0.0083 | 0.0000 | 4.4373 | -0.0059 | 0.0000 | 14.7196 | -0.2450 | -0.0000 | 14.7230 | 0.2308 | 0.0000 | 
25.0826 | -0.0084 | 0.0000 | 4.4505 | -0.0059 | 0.0000 | 14.7649 | -0.2457 | -0.0000 | 14.7682 | 0.2315 | 0.0000 | 
25.1600 | -0.0084 | 0.0000 | 4.4636 | -0.0059 | 0.0000 | 14.8101 | -0.2464 | -0.0000 | 14.8135 | 0.2321 | 0.0000 | 
25.2374 | -0.0084 | 0.0000 | 4.4767 | -0.0059 | 0.0000 | 14.8554 | -0.2471 | -0.0000 | 14.8587 | 0.2328 | 0.0000 | 
25.3148 | -0.0084 | 0.0000 | 4.4899 | -0.0059 | 0.0000 | 14.9006 | -0.2478 | -0.0000 | 14.9040 | 0.2335 | 0.0000 | 
25.3921 | -0.0084 | 0.0000 | 4.5030 | -0.0059 | 0.0000 | 14.9459 | -0.2485 | -0.0000 | 14.9493 | 0.2342 | 0.0000 | 
25.4695 | -0.0084 | 0.0000 | 4.5161 | -0.0059 | 0.0000 | 14.9911 | -0.2491 | -0.0000 | 14.9945 | 0.2348 | 0.0000 | 
25.5469 | -0.0084 | 0.0000 | 4.5292 | -0.0059 | 0.0000 | 15.0364 | -0.2498 | -0.0000 | 15.0398 | 0.2355 | 0.0000 | 
25.6243 | -0.0084 | 0.0000 | 4.5423 | -0.0059 | 0.0000 | 15.0816 | -0.2505 | -0.0000 | 15.0850 | 0.2362 | 0.0000 | 
25.6279 | -0.0084 | 0.0000 | 4.5429 | -0.0059 | 0.0000 | 15.0837 | -0.2505 | -0.0000 | 15.0871 | 0.2362 | 0.0000 | 
