Test angle: 60
Mesh element_496 : S11 | S22 | S33 | S12 | E11 | E22 | E33 | 2*E12 | EPbar 
0.000 | 0.000 | 0.000 | 0.000 | 0.0000 |0.0000 |0.0000 |0.0000 |0.0000 |
0.503 | 0.000 | 0.000 | -0.000 | 0.0000 |-0.0000 |0.0000 |-0.0000 |0.0000 |
1.005 | -0.000 | 0.000 | -0.000 | 0.0000 |-0.0000 |0.0000 |-0.0000 |0.0000 |
1.759 | -0.000 | 0.000 | -0.000 | 0.0000 |-0.0000 |0.0000 |-0.0000 |0.0000 |
2.891 | 0.000 | 0.000 | -0.000 | 0.0000 |-0.0000 |0.0000 |-0.0000 |0.0000 |
4.587 | -0.000 | 0.000 | -0.000 | 0.0001 |-0.0000 |0.0000 |-0.0000 |0.0000 |
7.132 | -0.000 | 0.000 | -0.000 | 0.0001 |-0.0000 |0.0000 |-0.0000 |0.0000 |
10.949 | -0.000 | 0.000 | -0.000 | 0.0002 |-0.0001 |0.0000 |-0.0000 |0.0000 |
16.675 | -0.000 | 0.000 | -0.000 | 0.0002 |-0.0001 |0.0000 |-0.0000 |0.0000 |
25.262 | -0.000 | 0.000 | -0.000 | 0.0004 |-0.0001 |0.0000 |-0.0000 |0.0000 |
38.142 | 0.000 | 0.000 | -0.000 | 0.0005 |-0.0002 |0.0000 |-0.0000 |0.0000 |
57.458 | 0.000 | 0.000 | -0.000 | 0.0008 |-0.0003 |0.0000 |-0.0000 |0.0000 |
82.576 | -0.000 | 0.000 | -0.000 | 0.0012 |-0.0004 |0.0000 |-0.0000 |0.0000 |
101.730 | 0.000 | 0.000 | -0.000 | 0.0016 |-0.0005 |0.0000 |-0.0000 |0.0001 |
102.134 | -0.000 | 0.000 | -0.000 | 0.0017 |-0.0005 |0.0000 |-0.0000 |0.0002 |
102.533 | 0.000 | 0.000 | -0.000 | 0.0018 |-0.0006 |0.0000 |-0.0000 |0.0003 |
103.122 | 0.000 | 0.000 | -0.000 | 0.0019 |-0.0006 |0.0000 |-0.0000 |0.0004 |
103.985 | -0.000 | 0.000 | -0.000 | 0.0022 |-0.0007 |0.0000 |-0.0000 |0.0006 |
105.242 | 0.000 | 0.000 | -0.001 | 0.0026 |-0.0007 |0.0000 |-0.0000 |0.0010 |
106.680 | -0.000 | 0.000 | -0.001 | 0.0030 |-0.0009 |0.0000 |-0.0000 |0.0013 |
108.068 | 0.000 | 0.000 | -0.001 | 0.0034 |-0.0010 |0.0000 |-0.0000 |0.0017 |
109.408 | 0.000 | 0.000 | -0.001 | 0.0039 |-0.0011 |0.0000 |-0.0000 |0.0021 |
110.709 | 0.000 | 0.000 | -0.001 | 0.0043 |-0.0012 |0.0000 |-0.0000 |0.0024 |
111.969 | 0.000 | 0.000 | -0.002 | 0.0047 |-0.0013 |0.0000 |-0.0000 |0.0028 |
113.196 | 0.000 | 0.000 | -0.002 | 0.0051 |-0.0014 |0.0000 |-0.0000 |0.0032 |
114.388 | 0.000 | 0.000 | -0.002 | 0.0056 |-0.0015 |0.0000 |-0.0000 |0.0035 |
115.550 | -0.000 | 0.000 | -0.002 | 0.0060 |-0.0016 |0.0000 |-0.0000 |0.0039 |
116.683 | 0.000 | 0.000 | -0.003 | 0.0064 |-0.0017 |0.0000 |-0.0000 |0.0043 |
117.789 | -0.000 | 0.000 | -0.003 | 0.0068 |-0.0018 |0.0000 |-0.0000 |0.0046 |
118.869 | -0.000 | 0.000 | -0.003 | 0.0073 |-0.0019 |0.0000 |-0.0001 |0.0050 |
119.925 | 0.000 | 0.000 | -0.003 | 0.0077 |-0.0020 |0.0000 |-0.0001 |0.0054 |
120.959 | -0.000 | 0.000 | -0.004 | 0.0081 |-0.0021 |0.0000 |-0.0001 |0.0057 |
121.970 | -0.000 | 0.000 | -0.004 | 0.0085 |-0.0022 |0.0000 |-0.0001 |0.0061 |
122.961 | -0.000 | 0.000 | -0.004 | 0.0090 |-0.0023 |0.0000 |-0.0001 |0.0065 |
123.932 | -0.000 | 0.000 | -0.004 | 0.0094 |-0.0024 |0.0000 |-0.0001 |0.0068 |
124.885 | 0.000 | 0.000 | -0.005 | 0.0098 |-0.0025 |0.0000 |-0.0001 |0.0072 |
125.820 | 0.000 | 0.000 | -0.005 | 0.0102 |-0.0026 |0.0000 |-0.0001 |0.0076 |
126.737 | -0.000 | 0.000 | -0.005 | 0.0106 |-0.0027 |0.0000 |-0.0001 |0.0079 |
127.638 | -0.000 | 0.000 | -0.005 | 0.0111 |-0.0028 |0.0000 |-0.0001 |0.0083 |
128.524 | -0.000 | 0.000 | -0.006 | 0.0115 |-0.0029 |0.0000 |-0.0001 |0.0087 |
129.394 | 0.000 | 0.000 | -0.006 | 0.0119 |-0.0030 |0.0000 |-0.0001 |0.0090 |
130.250 | -0.000 | 0.000 | -0.006 | 0.0123 |-0.0031 |0.0000 |-0.0001 |0.0094 |
131.093 | -0.000 | 0.000 | -0.007 | 0.0127 |-0.0032 |0.0000 |-0.0001 |0.0098 |
131.922 | -0.000 | 0.000 | -0.007 | 0.0132 |-0.0033 |0.0000 |-0.0001 |0.0101 |
132.738 | 0.000 | 0.000 | -0.007 | 0.0136 |-0.0034 |0.0000 |-0.0001 |0.0105 |
133.542 | 0.000 | 0.000 | -0.007 | 0.0140 |-0.0035 |0.0000 |-0.0001 |0.0109 |
134.334 | 0.000 | 0.000 | -0.008 | 0.0144 |-0.0036 |0.0000 |-0.0001 |0.0112 |
135.114 | 0.000 | 0.000 | -0.008 | 0.0148 |-0.0037 |0.0000 |-0.0001 |0.0116 |
135.883 | 0.000 | 0.000 | -0.008 | 0.0152 |-0.0038 |0.0000 |-0.0001 |0.0119 |
136.642 | 0.000 | 0.000 | -0.009 | 0.0156 |-0.0039 |0.0000 |-0.0001 |0.0123 |
137.390 | -0.000 | 0.000 | -0.009 | 0.0161 |-0.0040 |0.0000 |-0.0001 |0.0127 |
138.128 | 0.000 | 0.000 | -0.009 | 0.0165 |-0.0041 |0.0000 |-0.0001 |0.0130 |
138.856 | 0.000 | 0.000 | -0.010 | 0.0169 |-0.0042 |0.0000 |-0.0001 |0.0134 |
139.575 | -0.000 | 0.000 | -0.010 | 0.0173 |-0.0043 |0.0000 |-0.0001 |0.0138 |
140.285 | -0.000 | 0.000 | -0.010 | 0.0177 |-0.0044 |0.0000 |-0.0001 |0.0141 |
140.986 | 0.000 | 0.000 | -0.010 | 0.0181 |-0.0045 |0.0000 |-0.0002 |0.0145 |
141.678 | 0.000 | 0.000 | -0.011 | 0.0186 |-0.0046 |0.0000 |-0.0002 |0.0149 |
142.362 | -0.000 | 0.000 | -0.011 | 0.0190 |-0.0047 |0.0000 |-0.0002 |0.0152 |
143.037 | 0.000 | 0.000 | -0.011 | 0.0194 |-0.0048 |0.0000 |-0.0002 |0.0156 |
143.705 | -0.000 | 0.000 | -0.012 | 0.0198 |-0.0049 |0.0000 |-0.0002 |0.0159 |
144.365 | 0.000 | 0.000 | -0.012 | 0.0202 |-0.0050 |0.0000 |-0.0002 |0.0163 |
145.018 | 0.000 | 0.000 | -0.012 | 0.0206 |-0.0051 |0.0000 |-0.0002 |0.0167 |
145.663 | -0.000 | 0.000 | -0.013 | 0.0210 |-0.0052 |0.0000 |-0.0002 |0.0170 |
146.301 | 0.000 | 0.000 | -0.013 | 0.0214 |-0.0053 |0.0000 |-0.0002 |0.0174 |
146.932 | -0.000 | 0.000 | -0.013 | 0.0219 |-0.0054 |0.0000 |-0.0002 |0.0178 |
147.557 | 0.000 | 0.000 | -0.014 | 0.0223 |-0.0055 |0.0000 |-0.0002 |0.0181 |
148.175 | -0.000 | 0.000 | -0.014 | 0.0227 |-0.0056 |0.0000 |-0.0002 |0.0185 |
148.787 | 0.000 | 0.000 | -0.014 | 0.0231 |-0.0057 |0.0000 |-0.0002 |0.0188 |
149.392 | 0.000 | 0.000 | -0.015 | 0.0235 |-0.0058 |0.0000 |-0.0002 |0.0192 |
149.991 | 0.000 | 0.000 | -0.015 | 0.0239 |-0.0059 |0.0000 |-0.0002 |0.0196 |
150.584 | -0.000 | 0.000 | -0.015 | 0.0243 |-0.0060 |0.0000 |-0.0002 |0.0199 |
151.172 | -0.000 | 0.000 | -0.016 | 0.0247 |-0.0061 |0.0000 |-0.0002 |0.0203 |
151.753 | 0.000 | 0.000 | -0.016 | 0.0252 |-0.0062 |0.0000 |-0.0002 |0.0207 |
152.329 | 0.000 | 0.000 | -0.016 | 0.0256 |-0.0063 |0.0000 |-0.0002 |0.0210 |
152.900 | 0.000 | 0.000 | -0.017 | 0.0260 |-0.0064 |0.0000 |-0.0002 |0.0214 |
153.465 | 0.000 | 0.000 | -0.017 | 0.0264 |-0.0065 |0.0000 |-0.0002 |0.0217 |
154.026 | 0.000 | 0.000 | -0.017 | 0.0268 |-0.0066 |0.0000 |-0.0002 |0.0221 |
154.581 | 0.000 | 0.000 | -0.018 | 0.0272 |-0.0067 |0.0000 |-0.0002 |0.0225 |
155.131 | 0.000 | 0.000 | -0.018 | 0.0276 |-0.0068 |0.0000 |-0.0002 |0.0228 |
155.676 | 0.000 | 0.000 | -0.018 | 0.0280 |-0.0069 |0.0000 |-0.0002 |0.0232 |
156.217 | 0.000 | 0.000 | -0.019 | 0.0284 |-0.0070 |0.0000 |-0.0002 |0.0235 |
156.752 | -0.000 | 0.000 | -0.019 | 0.0288 |-0.0071 |0.0000 |-0.0002 |0.0239 |
157.284 | 0.000 | 0.000 | -0.020 | 0.0293 |-0.0072 |0.0000 |-0.0003 |0.0243 |
157.810 | 0.000 | 0.000 | -0.020 | 0.0297 |-0.0073 |0.0000 |-0.0003 |0.0246 |
158.332 | 0.000 | 0.000 | -0.020 | 0.0301 |-0.0074 |0.0000 |-0.0003 |0.0250 |
158.850 | 0.000 | 0.000 | -0.021 | 0.0305 |-0.0075 |0.0000 |-0.0003 |0.0253 |
159.364 | 0.000 | 0.000 | -0.021 | 0.0309 |-0.0076 |0.0000 |-0.0003 |0.0257 |
159.873 | 0.000 | 0.000 | -0.021 | 0.0313 |-0.0076 |0.0000 |-0.0003 |0.0261 |
160.379 | 0.000 | 0.000 | -0.022 | 0.0317 |-0.0077 |0.0000 |-0.0003 |0.0264 |
160.880 | 0.000 | 0.000 | -0.022 | 0.0321 |-0.0078 |0.0000 |-0.0003 |0.0268 |
161.378 | 0.000 | 0.000 | -0.022 | 0.0325 |-0.0079 |0.0000 |-0.0003 |0.0271 |
161.871 | 0.000 | 0.000 | -0.023 | 0.0329 |-0.0080 |0.0000 |-0.0003 |0.0275 |
162.361 | 0.000 | 0.000 | -0.023 | 0.0333 |-0.0081 |0.0000 |-0.0003 |0.0279 |
162.847 | -0.000 | 0.000 | -0.023 | 0.0337 |-0.0082 |0.0000 |-0.0003 |0.0282 |
163.330 | 0.000 | 0.000 | -0.024 | 0.0341 |-0.0083 |0.0000 |-0.0003 |0.0286 |
163.809 | 0.000 | 0.000 | -0.024 | 0.0346 |-0.0084 |0.0000 |-0.0003 |0.0289 |
164.284 | 0.000 | 0.000 | -0.025 | 0.0350 |-0.0085 |0.0000 |-0.0003 |0.0293 |
164.756 | 0.000 | 0.000 | -0.025 | 0.0354 |-0.0086 |0.0000 |-0.0003 |0.0297 |
165.225 | 0.000 | 0.000 | -0.025 | 0.0358 |-0.0087 |0.0000 |-0.0003 |0.0300 |
165.690 | 0.000 | 0.000 | -0.026 | 0.0362 |-0.0088 |0.0000 |-0.0003 |0.0304 |
166.151 | 0.000 | 0.000 | -0.026 | 0.0366 |-0.0089 |0.0000 |-0.0003 |0.0307 |
166.610 | 0.000 | 0.000 | -0.026 | 0.0370 |-0.0090 |0.0000 |-0.0003 |0.0311 |
167.065 | 0.000 | 0.000 | -0.027 | 0.0374 |-0.0091 |0.0000 |-0.0003 |0.0315 |
167.517 | 0.000 | 0.000 | -0.027 | 0.0378 |-0.0092 |0.0000 |-0.0003 |0.0318 |
167.967 | 0.000 | 0.000 | -0.028 | 0.0382 |-0.0093 |0.0000 |-0.0003 |0.0322 |
168.413 | 0.000 | 0.000 | -0.028 | 0.0386 |-0.0094 |0.0000 |-0.0003 |0.0325 |
168.856 | 0.000 | 0.000 | -0.028 | 0.0390 |-0.0095 |0.0000 |-0.0003 |0.0329 |
169.296 | 0.000 | 0.000 | -0.029 | 0.0394 |-0.0096 |0.0000 |-0.0003 |0.0333 |
169.733 | 0.000 | 0.000 | -0.029 | 0.0398 |-0.0097 |0.0000 |-0.0004 |0.0336 |
170.167 | 0.000 | 0.000 | -0.029 | 0.0402 |-0.0098 |0.0000 |-0.0004 |0.0340 |
170.599 | 0.000 | 0.000 | -0.030 | 0.0406 |-0.0099 |0.0000 |-0.0004 |0.0343 |
171.028 | 0.000 | 0.000 | -0.030 | 0.0411 |-0.0100 |0.0000 |-0.0004 |0.0347 |
171.454 | 0.000 | 0.000 | -0.031 | 0.0415 |-0.0101 |0.0000 |-0.0004 |0.0350 |
171.877 | 0.000 | 0.000 | -0.031 | 0.0419 |-0.0102 |0.0000 |-0.0004 |0.0354 |
172.298 | 0.000 | 0.000 | -0.031 | 0.0423 |-0.0103 |0.0000 |-0.0004 |0.0358 |
172.716 | 0.000 | 0.000 | -0.032 | 0.0427 |-0.0104 |0.0000 |-0.0004 |0.0361 |
173.131 | 0.000 | 0.000 | -0.032 | 0.0431 |-0.0105 |0.0000 |-0.0004 |0.0365 |
173.544 | 0.000 | 0.000 | -0.033 | 0.0435 |-0.0106 |0.0000 |-0.0004 |0.0368 |
173.955 | 0.000 | 0.000 | -0.033 | 0.0439 |-0.0107 |0.0000 |-0.0004 |0.0372 |
174.363 | 0.000 | 0.000 | -0.033 | 0.0443 |-0.0108 |0.0000 |-0.0004 |0.0376 |
174.769 | 0.000 | 0.000 | -0.034 | 0.0447 |-0.0109 |0.0000 |-0.0004 |0.0379 |
175.172 | 0.000 | 0.000 | -0.034 | 0.0451 |-0.0109 |0.0000 |-0.0004 |0.0383 |
175.573 | 0.000 | 0.000 | -0.035 | 0.0455 |-0.0110 |0.0000 |-0.0004 |0.0386 |
175.971 | 0.000 | 0.000 | -0.035 | 0.0459 |-0.0111 |0.0000 |-0.0004 |0.0390 |
176.367 | 0.000 | 0.000 | -0.035 | 0.0463 |-0.0112 |0.0000 |-0.0004 |0.0393 |
176.761 | 0.000 | 0.000 | -0.036 | 0.0467 |-0.0113 |0.0000 |-0.0004 |0.0397 |
177.153 | 0.000 | 0.000 | -0.036 | 0.0471 |-0.0114 |0.0000 |-0.0004 |0.0401 |
177.542 | 0.000 | 0.000 | -0.037 | 0.0475 |-0.0115 |0.0000 |-0.0004 |0.0404 |
177.929 | 0.000 | 0.000 | -0.037 | 0.0479 |-0.0116 |0.0000 |-0.0004 |0.0408 |
178.314 | 0.000 | 0.000 | -0.037 | 0.0483 |-0.0117 |0.0000 |-0.0004 |0.0411 |
178.697 | 0.000 | 0.000 | -0.038 | 0.0487 |-0.0118 |0.0000 |-0.0004 |0.0415 |
179.078 | 0.000 | 0.000 | -0.038 | 0.0491 |-0.0119 |0.0000 |-0.0004 |0.0418 |
179.457 | 0.000 | 0.000 | -0.039 | 0.0495 |-0.0120 |0.0000 |-0.0004 |0.0422 |
179.833 | 0.000 | 0.000 | -0.039 | 0.0499 |-0.0121 |0.0000 |-0.0004 |0.0425 |
180.208 | 0.000 | 0.000 | -0.039 | 0.0503 |-0.0122 |0.0000 |-0.0005 |0.0429 |
180.581 | 0.000 | 0.000 | -0.040 | 0.0507 |-0.0123 |0.0000 |-0.0005 |0.0433 |
180.952 | 0.000 | 0.000 | -0.040 | 0.0511 |-0.0124 |0.0000 |-0.0005 |0.0436 |
181.320 | 0.000 | 0.000 | -0.041 | 0.0515 |-0.0125 |0.0000 |-0.0005 |0.0440 |
181.687 | 0.000 | 0.000 | -0.041 | 0.0519 |-0.0126 |0.0000 |-0.0005 |0.0443 |
182.052 | 0.000 | 0.000 | -0.041 | 0.0523 |-0.0127 |0.0000 |-0.0005 |0.0447 |
182.415 | 0.000 | 0.000 | -0.042 | 0.0527 |-0.0128 |0.0000 |-0.0005 |0.0450 |
182.776 | 0.000 | 0.000 | -0.042 | 0.0531 |-0.0129 |0.0000 |-0.0005 |0.0454 |
183.136 | 0.000 | 0.000 | -0.043 | 0.0535 |-0.0130 |0.0000 |-0.0005 |0.0458 |
183.493 | 0.000 | 0.000 | -0.043 | 0.0539 |-0.0131 |0.0000 |-0.0005 |0.0461 |
183.849 | 0.000 | 0.000 | -0.043 | 0.0543 |-0.0132 |0.0000 |-0.0005 |0.0465 |
184.203 | 0.000 | 0.000 | -0.044 | 0.0547 |-0.0133 |0.0000 |-0.0005 |0.0468 |
184.555 | 0.000 | 0.000 | -0.044 | 0.0551 |-0.0133 |0.0000 |-0.0005 |0.0472 |
184.906 | 0.000 | 0.000 | -0.045 | 0.0555 |-0.0134 |0.0000 |-0.0005 |0.0475 |
185.255 | 0.000 | 0.000 | -0.045 | 0.0559 |-0.0135 |0.0000 |-0.0005 |0.0479 |
185.602 | 0.000 | 0.000 | -0.046 | 0.0563 |-0.0136 |0.0000 |-0.0005 |0.0482 |
185.947 | 0.000 | 0.000 | -0.046 | 0.0567 |-0.0137 |0.0000 |-0.0005 |0.0486 |
186.291 | 0.000 | 0.000 | -0.046 | 0.0571 |-0.0138 |0.0000 |-0.0005 |0.0489 |
186.633 | 0.000 | 0.000 | -0.047 | 0.0575 |-0.0139 |0.0000 |-0.0005 |0.0493 |
186.973 | 0.000 | 0.000 | -0.047 | 0.0579 |-0.0140 |0.0000 |-0.0005 |0.0497 |
187.312 | 0.000 | 0.000 | -0.048 | 0.0583 |-0.0141 |0.0000 |-0.0005 |0.0500 |
187.650 | 0.000 | 0.000 | -0.048 | 0.0587 |-0.0142 |0.0000 |-0.0005 |0.0504 |
187.985 | 0.000 | 0.000 | -0.048 | 0.0591 |-0.0143 |0.0000 |-0.0005 |0.0507 |
188.319 | 0.000 | 0.000 | -0.049 | 0.0595 |-0.0144 |0.0000 |-0.0005 |0.0511 |
188.652 | 0.000 | 0.000 | -0.049 | 0.0599 |-0.0145 |0.0000 |-0.0005 |0.0514 |
188.983 | 0.000 | 0.000 | -0.050 | 0.0603 |-0.0146 |0.0000 |-0.0005 |0.0518 |
189.313 | 0.000 | 0.000 | -0.050 | 0.0607 |-0.0147 |0.0000 |-0.0006 |0.0521 |
189.641 | 0.000 | 0.000 | -0.051 | 0.0611 |-0.0148 |0.0000 |-0.0006 |0.0525 |
189.967 | 0.000 | 0.000 | -0.051 | 0.0615 |-0.0149 |0.0000 |-0.0006 |0.0528 |
190.292 | 0.000 | 0.000 | -0.051 | 0.0619 |-0.0150 |0.0000 |-0.0006 |0.0532 |
190.616 | 0.000 | 0.000 | -0.052 | 0.0623 |-0.0151 |0.0000 |-0.0006 |0.0535 |
190.938 | 0.000 | 0.000 | -0.052 | 0.0627 |-0.0152 |0.0000 |-0.0006 |0.0539 |
191.259 | 0.000 | 0.000 | -0.053 | 0.0631 |-0.0153 |0.0000 |-0.0006 |0.0542 |
191.579 | 0.000 | 0.000 | -0.053 | 0.0635 |-0.0153 |0.0000 |-0.0006 |0.0546 |
191.897 | 0.000 | 0.000 | -0.054 | 0.0639 |-0.0154 |0.0000 |-0.0006 |0.0550 |
192.213 | 0.000 | 0.000 | -0.054 | 0.0643 |-0.0155 |0.0000 |-0.0006 |0.0553 |
192.529 | 0.000 | 0.000 | -0.054 | 0.0647 |-0.0156 |0.0000 |-0.0006 |0.0557 |
192.843 | 0.000 | 0.000 | -0.055 | 0.0651 |-0.0157 |0.0000 |-0.0006 |0.0560 |
193.156 | 0.000 | 0.000 | -0.055 | 0.0655 |-0.0158 |0.0000 |-0.0006 |0.0564 |
193.467 | 0.000 | 0.000 | -0.056 | 0.0659 |-0.0159 |0.0000 |-0.0006 |0.0567 |
193.777 | 0.000 | 0.000 | -0.056 | 0.0663 |-0.0160 |0.0000 |-0.0006 |0.0571 |
194.086 | 0.000 | 0.000 | -0.057 | 0.0667 |-0.0161 |0.0000 |-0.0006 |0.0574 |
194.393 | 0.000 | 0.000 | -0.057 | 0.0671 |-0.0162 |0.0000 |-0.0006 |0.0578 |
194.699 | 0.000 | 0.000 | -0.057 | 0.0675 |-0.0163 |0.0000 |-0.0006 |0.0581 |
195.004 | 0.000 | 0.000 | -0.058 | 0.0679 |-0.0164 |0.0000 |-0.0006 |0.0585 |
195.308 | 0.000 | 0.000 | -0.058 | 0.0683 |-0.0165 |0.0000 |-0.0006 |0.0588 |
195.611 | 0.000 | 0.000 | -0.059 | 0.0687 |-0.0166 |0.0000 |-0.0006 |0.0592 |
195.912 | 0.000 | 0.000 | -0.059 | 0.0691 |-0.0167 |0.0000 |-0.0006 |0.0595 |
196.212 | 0.000 | 0.000 | -0.060 | 0.0694 |-0.0168 |0.0000 |-0.0006 |0.0599 |
196.511 | 0.000 | 0.000 | -0.060 | 0.0698 |-0.0169 |0.0000 |-0.0006 |0.0602 |
196.808 | 0.000 | 0.000 | -0.061 | 0.0702 |-0.0170 |0.0000 |-0.0006 |0.0606 |
197.105 | 0.000 | 0.000 | -0.061 | 0.0706 |-0.0170 |0.0000 |-0.0006 |0.0609 |
197.400 | 0.000 | 0.000 | -0.061 | 0.0710 |-0.0171 |0.0000 |-0.0007 |0.0613 |
197.694 | 0.000 | 0.000 | -0.062 | 0.0714 |-0.0172 |0.0000 |-0.0007 |0.0616 |
197.987 | 0.000 | 0.000 | -0.062 | 0.0718 |-0.0173 |0.0000 |-0.0007 |0.0620 |
198.279 | 0.000 | 0.000 | -0.063 | 0.0722 |-0.0174 |0.0000 |-0.0007 |0.0623 |
198.570 | 0.000 | 0.000 | -0.063 | 0.0726 |-0.0175 |0.0000 |-0.0007 |0.0627 |
198.860 | 0.000 | 0.000 | -0.064 | 0.0730 |-0.0176 |0.0000 |-0.0007 |0.0630 |
199.148 | 0.000 | 0.000 | -0.064 | 0.0734 |-0.0177 |0.0000 |-0.0007 |0.0634 |
199.436 | 0.000 | 0.000 | -0.065 | 0.0738 |-0.0178 |0.0000 |-0.0007 |0.0637 |
199.722 | 0.000 | 0.000 | -0.065 | 0.0742 |-0.0179 |0.0000 |-0.0007 |0.0641 |
200.007 | 0.000 | 0.000 | -0.065 | 0.0746 |-0.0180 |0.0000 |-0.0007 |0.0644 |
200.291 | 0.000 | 0.000 | -0.066 | 0.0750 |-0.0181 |0.0000 |-0.0007 |0.0648 |
200.574 | 0.000 | 0.000 | -0.066 | 0.0754 |-0.0182 |0.0000 |-0.0007 |0.0651 |
200.856 | 0.000 | 0.000 | -0.067 | 0.0758 |-0.0183 |0.0000 |-0.0007 |0.0655 |
201.137 | 0.000 | 0.000 | -0.067 | 0.0762 |-0.0184 |0.0000 |-0.0007 |0.0658 |
201.417 | 0.000 | 0.000 | -0.068 | 0.0765 |-0.0185 |0.0000 |-0.0007 |0.0662 |
201.696 | 0.000 | 0.000 | -0.068 | 0.0769 |-0.0186 |0.0000 |-0.0007 |0.0665 |
201.974 | 0.000 | 0.000 | -0.069 | 0.0773 |-0.0186 |0.0000 |-0.0007 |0.0669 |
202.251 | 0.000 | 0.000 | -0.069 | 0.0777 |-0.0187 |0.0000 |-0.0007 |0.0672 |
202.527 | 0.000 | 0.000 | -0.069 | 0.0781 |-0.0188 |0.0000 |-0.0007 |0.0676 |
202.802 | 0.000 | 0.000 | -0.070 | 0.0785 |-0.0189 |0.0000 |-0.0007 |0.0679 |
203.076 | 0.000 | 0.000 | -0.070 | 0.0789 |-0.0190 |0.0000 |-0.0007 |0.0683 |
203.349 | 0.000 | 0.000 | -0.071 | 0.0793 |-0.0191 |0.0000 |-0.0007 |0.0686 |
203.621 | 0.000 | 0.000 | -0.071 | 0.0797 |-0.0192 |0.0000 |-0.0007 |0.0690 |
203.892 | 0.000 | 0.000 | -0.072 | 0.0801 |-0.0193 |0.0000 |-0.0007 |0.0693 |
204.162 | 0.000 | 0.000 | -0.072 | 0.0805 |-0.0194 |0.0000 |-0.0007 |0.0697 |
204.431 | 0.000 | 0.000 | -0.073 | 0.0809 |-0.0195 |0.0000 |-0.0007 |0.0700 |
204.699 | 0.000 | 0.000 | -0.073 | 0.0813 |-0.0196 |0.0000 |-0.0008 |0.0704 |
204.966 | 0.000 | 0.000 | -0.073 | 0.0817 |-0.0197 |0.0000 |-0.0008 |0.0707 |
205.233 | 0.000 | 0.000 | -0.074 | 0.0820 |-0.0198 |0.0000 |-0.0008 |0.0711 |
205.498 | 0.000 | 0.000 | -0.074 | 0.0824 |-0.0199 |0.0000 |-0.0008 |0.0714 |
205.763 | 0.000 | 0.000 | -0.075 | 0.0828 |-0.0200 |0.0000 |-0.0008 |0.0718 |
206.026 | 0.000 | 0.000 | -0.075 | 0.0832 |-0.0201 |0.0000 |-0.0008 |0.0721 |
206.289 | 0.000 | 0.000 | -0.076 | 0.0836 |-0.0201 |0.0000 |-0.0008 |0.0725 |
206.551 | 0.000 | 0.000 | -0.076 | 0.0840 |-0.0202 |0.0000 |-0.0008 |0.0728 |
206.812 | 0.000 | 0.000 | -0.077 | 0.0844 |-0.0203 |0.0000 |-0.0008 |0.0732 |
207.072 | 0.000 | 0.000 | -0.077 | 0.0848 |-0.0204 |0.0000 |-0.0008 |0.0735 |
207.331 | 0.000 | 0.000 | -0.078 | 0.0852 |-0.0205 |0.0000 |-0.0008 |0.0739 |
207.590 | 0.000 | 0.000 | -0.078 | 0.0856 |-0.0206 |0.0000 |-0.0008 |0.0742 |
207.847 | 0.000 | 0.000 | -0.078 | 0.0860 |-0.0207 |0.0000 |-0.0008 |0.0746 |
208.104 | 0.000 | 0.000 | -0.079 | 0.0863 |-0.0208 |0.0000 |-0.0008 |0.0749 |
208.360 | 0.000 | 0.000 | -0.079 | 0.0867 |-0.0209 |0.0000 |-0.0008 |0.0753 |
208.615 | 0.000 | 0.000 | -0.080 | 0.0871 |-0.0210 |0.0000 |-0.0008 |0.0756 |
208.869 | 0.000 | 0.000 | -0.080 | 0.0875 |-0.0211 |0.0000 |-0.0008 |0.0760 |
209.122 | 0.000 | 0.000 | -0.081 | 0.0879 |-0.0212 |0.0000 |-0.0008 |0.0763 |
209.375 | 0.000 | 0.000 | -0.081 | 0.0883 |-0.0213 |0.0000 |-0.0008 |0.0767 |
209.626 | 0.000 | 0.000 | -0.082 | 0.0887 |-0.0214 |0.0000 |-0.0008 |0.0770 |
209.877 | 0.000 | 0.000 | -0.082 | 0.0891 |-0.0214 |0.0000 |-0.0008 |0.0773 |
210.127 | 0.000 | 0.000 | -0.083 | 0.0895 |-0.0215 |0.0000 |-0.0008 |0.0777 |
210.377 | 0.000 | 0.000 | -0.083 | 0.0899 |-0.0216 |0.0000 |-0.0008 |0.0780 |
210.625 | 0.000 | 0.000 | -0.084 | 0.0902 |-0.0217 |0.0000 |-0.0008 |0.0784 |
210.873 | 0.000 | 0.000 | -0.084 | 0.0906 |-0.0218 |0.0000 |-0.0008 |0.0787 |
211.120 | 0.000 | 0.000 | -0.084 | 0.0910 |-0.0219 |0.0000 |-0.0008 |0.0791 |
211.366 | 0.000 | 0.000 | -0.085 | 0.0914 |-0.0220 |0.0000 |-0.0009 |0.0794 |
211.611 | 0.000 | 0.000 | -0.085 | 0.0918 |-0.0221 |0.0000 |-0.0009 |0.0798 |
211.856 | 0.000 | 0.000 | -0.086 | 0.0922 |-0.0222 |0.0000 |-0.0009 |0.0801 |
212.100 | 0.000 | 0.000 | -0.086 | 0.0926 |-0.0223 |0.0000 |-0.0009 |0.0805 |
212.343 | 0.000 | 0.000 | -0.087 | 0.0930 |-0.0224 |0.0000 |-0.0009 |0.0808 |
212.586 | 0.000 | 0.000 | -0.087 | 0.0934 |-0.0225 |0.0000 |-0.0009 |0.0812 |
212.827 | 0.000 | 0.000 | -0.088 | 0.0937 |-0.0226 |0.0000 |-0.0009 |0.0815 |
213.068 | 0.000 | 0.000 | -0.088 | 0.0941 |-0.0227 |0.0000 |-0.0009 |0.0818 |
213.308 | 0.000 | 0.000 | -0.089 | 0.0945 |-0.0227 |0.0000 |-0.0009 |0.0822 |
213.548 | 0.000 | 0.000 | -0.089 | 0.0949 |-0.0228 |0.0000 |-0.0009 |0.0825 |
213.787 | 0.000 | 0.000 | -0.090 | 0.0953 |-0.0229 |0.0000 |-0.0009 |0.0829 |
214.025 | 0.000 | 0.000 | -0.090 | 0.0957 |-0.0230 |0.0000 |-0.0009 |0.0832 |
214.262 | 0.000 | 0.000 | -0.091 | 0.0961 |-0.0231 |0.0000 |-0.0009 |0.0836 |
214.499 | 0.000 | 0.000 | -0.091 | 0.0965 |-0.0232 |0.0000 |-0.0009 |0.0839 |
214.735 | 0.000 | 0.000 | -0.091 | 0.0968 |-0.0233 |0.0000 |-0.0009 |0.0843 |
214.970 | 0.000 | 0.000 | -0.092 | 0.0972 |-0.0234 |0.0000 |-0.0009 |0.0846 |
215.204 | 0.000 | 0.000 | -0.092 | 0.0976 |-0.0235 |0.0000 |-0.0009 |0.0850 |
215.438 | 0.000 | 0.000 | -0.093 | 0.0980 |-0.0236 |0.0000 |-0.0009 |0.0853 |
215.671 | 0.000 | 0.000 | -0.093 | 0.0984 |-0.0237 |0.0000 |-0.0009 |0.0856 |
215.904 | 0.000 | 0.000 | -0.094 | 0.0988 |-0.0238 |0.0000 |-0.0009 |0.0860 |
216.136 | 0.000 | 0.000 | -0.094 | 0.0992 |-0.0239 |0.0000 |-0.0009 |0.0863 |
216.367 | 0.000 | 0.000 | -0.095 | 0.0996 |-0.0239 |0.0000 |-0.0009 |0.0867 |
216.597 | 0.000 | 0.000 | -0.095 | 0.0999 |-0.0240 |0.0000 |-0.0009 |0.0870 |
216.827 | 0.000 | 0.000 | -0.096 | 0.1003 |-0.0241 |0.0000 |-0.0009 |0.0874 |
217.056 | 0.000 | 0.000 | -0.096 | 0.1007 |-0.0242 |0.0000 |-0.0009 |0.0877 |
217.285 | 0.000 | 0.000 | -0.097 | 0.1011 |-0.0243 |0.0000 |-0.0009 |0.0881 |
217.512 | 0.000 | 0.000 | -0.097 | 0.1015 |-0.0244 |0.0000 |-0.0010 |0.0884 |
217.740 | 0.000 | 0.000 | -0.098 | 0.1019 |-0.0245 |0.0000 |-0.0010 |0.0887 |
217.966 | 0.000 | 0.000 | -0.098 | 0.1023 |-0.0246 |0.0000 |-0.0010 |0.0891 |
218.192 | 0.000 | 0.000 | -0.099 | 0.1026 |-0.0247 |0.0000 |-0.0010 |0.0894 |
218.418 | 0.000 | 0.000 | -0.099 | 0.1030 |-0.0248 |0.0000 |-0.0010 |0.0898 |
218.642 | 0.000 | 0.000 | -0.099 | 0.1034 |-0.0249 |0.0000 |-0.0010 |0.0901 |
218.866 | 0.000 | 0.000 | -0.100 | 0.1038 |-0.0250 |0.0000 |-0.0010 |0.0905 |
219.090 | 0.000 | 0.000 | -0.100 | 0.1042 |-0.0251 |0.0000 |-0.0010 |0.0908 |
219.313 | 0.000 | 0.000 | -0.101 | 0.1046 |-0.0251 |0.0000 |-0.0010 |0.0912 |
219.535 | 0.000 | 0.000 | -0.101 | 0.1050 |-0.0252 |0.0000 |-0.0010 |0.0915 |
219.756 | 0.000 | 0.000 | -0.102 | 0.1053 |-0.0253 |0.0000 |-0.0010 |0.0918 |
219.977 | 0.000 | 0.000 | -0.102 | 0.1057 |-0.0254 |0.0000 |-0.0010 |0.0922 |
220.198 | 0.000 | 0.000 | -0.103 | 0.1061 |-0.0255 |0.0000 |-0.0010 |0.0925 |
220.418 | 0.000 | 0.000 | -0.103 | 0.1065 |-0.0256 |0.0000 |-0.0010 |0.0929 |
220.637 | 0.000 | 0.000 | -0.104 | 0.1069 |-0.0257 |0.0000 |-0.0010 |0.0932 |
220.855 | 0.000 | 0.000 | -0.104 | 0.1073 |-0.0258 |0.0000 |-0.0010 |0.0936 |
221.073 | 0.000 | 0.000 | -0.105 | 0.1077 |-0.0259 |0.0000 |-0.0010 |0.0939 |
221.291 | 0.000 | 0.000 | -0.105 | 0.1080 |-0.0260 |0.0000 |-0.0010 |0.0942 |
221.508 | 0.000 | 0.000 | -0.106 | 0.1084 |-0.0261 |0.0000 |-0.0010 |0.0946 |
221.724 | 0.000 | 0.000 | -0.106 | 0.1088 |-0.0262 |0.0000 |-0.0010 |0.0949 |
221.940 | 0.000 | 0.000 | -0.107 | 0.1092 |-0.0262 |0.0000 |-0.0010 |0.0953 |
222.155 | 0.000 | 0.000 | -0.107 | 0.1096 |-0.0263 |0.0000 |-0.0010 |0.0956 |
222.370 | 0.000 | 0.000 | -0.108 | 0.1100 |-0.0264 |0.0000 |-0.0010 |0.0959 |
222.584 | 0.000 | 0.000 | -0.108 | 0.1103 |-0.0265 |0.0000 |-0.0010 |0.0963 |
222.797 | 0.000 | 0.000 | -0.109 | 0.1107 |-0.0266 |0.0000 |-0.0010 |0.0966 |
223.010 | 0.000 | 0.000 | -0.109 | 0.1111 |-0.0267 |0.0000 |-0.0010 |0.0970 |
223.222 | 0.000 | 0.000 | -0.110 | 0.1115 |-0.0268 |0.0000 |-0.0011 |0.0973 |
223.434 | 0.000 | 0.000 | -0.110 | 0.1119 |-0.0269 |0.0000 |-0.0011 |0.0977 |
223.646 | 0.000 | 0.000 | -0.110 | 0.1123 |-0.0270 |0.0000 |-0.0011 |0.0980 |
223.856 | 0.000 | 0.000 | -0.111 | 0.1126 |-0.0271 |0.0000 |-0.0011 |0.0983 |
224.067 | 0.000 | 0.000 | -0.111 | 0.1130 |-0.0272 |0.0000 |-0.0011 |0.0987 |
224.276 | 0.000 | 0.000 | -0.112 | 0.1134 |-0.0273 |0.0000 |-0.0011 |0.0990 |
224.485 | 0.000 | 0.000 | -0.112 | 0.1138 |-0.0273 |0.0000 |-0.0011 |0.0994 |
224.694 | 0.000 | 0.000 | -0.113 | 0.1142 |-0.0274 |0.0000 |-0.0011 |0.0997 |
224.902 | 0.000 | 0.000 | -0.113 | 0.1146 |-0.0275 |0.0000 |-0.0011 |0.1000 |
225.110 | 0.000 | 0.000 | -0.114 | 0.1149 |-0.0276 |0.0000 |-0.0011 |0.1004 |
225.317 | 0.000 | 0.000 | -0.114 | 0.1153 |-0.0277 |0.0000 |-0.0011 |0.1007 |
225.523 | 0.000 | 0.000 | -0.115 | 0.1157 |-0.0278 |0.0000 |-0.0011 |0.1011 |
225.729 | 0.000 | 0.000 | -0.115 | 0.1161 |-0.0279 |0.0000 |-0.0011 |0.1014 |
225.935 | 0.000 | 0.000 | -0.116 | 0.1165 |-0.0280 |0.0000 |-0.0011 |0.1018 |
226.140 | 0.000 | 0.000 | -0.116 | 0.1168 |-0.0281 |0.0000 |-0.0011 |0.1021 |
226.344 | 0.000 | 0.000 | -0.117 | 0.1172 |-0.0282 |0.0000 |-0.0011 |0.1024 |
226.548 | 0.000 | 0.000 | -0.117 | 0.1176 |-0.0283 |0.0000 |-0.0011 |0.1028 |
226.751 | 0.000 | 0.000 | -0.118 | 0.1180 |-0.0283 |0.0000 |-0.0011 |0.1031 |
226.954 | 0.000 | 0.000 | -0.118 | 0.1184 |-0.0284 |0.0000 |-0.0011 |0.1035 |
227.157 | 0.000 | 0.000 | -0.119 | 0.1188 |-0.0285 |0.0000 |-0.0011 |0.1038 |
227.359 | 0.000 | 0.000 | -0.119 | 0.1191 |-0.0286 |0.0000 |-0.0011 |0.1041 |
227.560 | 0.000 | 0.000 | -0.120 | 0.1195 |-0.0287 |0.0000 |-0.0011 |0.1045 |
227.761 | 0.000 | 0.000 | -0.120 | 0.1199 |-0.0288 |0.0000 |-0.0011 |0.1048 |
227.962 | 0.000 | 0.000 | -0.121 | 0.1203 |-0.0289 |0.0000 |-0.0011 |0.1052 |
228.162 | 0.000 | 0.000 | -0.121 | 0.1207 |-0.0290 |0.0000 |-0.0011 |0.1055 |
228.361 | 0.000 | 0.000 | -0.122 | 0.1210 |-0.0291 |0.0000 |-0.0011 |0.1058 |
228.561 | 0.000 | 0.000 | -0.122 | 0.1214 |-0.0292 |0.0000 |-0.0012 |0.1062 |
228.759 | 0.000 | 0.000 | -0.123 | 0.1218 |-0.0293 |0.0000 |-0.0012 |0.1065 |
228.957 | 0.000 | 0.000 | -0.123 | 0.1222 |-0.0293 |0.0000 |-0.0012 |0.1069 |
229.155 | 0.000 | 0.000 | -0.124 | 0.1226 |-0.0294 |0.0000 |-0.0012 |0.1072 |
229.352 | 0.000 | 0.000 | -0.124 | 0.1229 |-0.0295 |0.0000 |-0.0012 |0.1075 |
229.549 | 0.000 | 0.000 | -0.125 | 0.1233 |-0.0296 |0.0000 |-0.0012 |0.1079 |
229.745 | 0.000 | 0.000 | -0.125 | 0.1237 |-0.0297 |0.0000 |-0.0012 |0.1082 |
229.941 | 0.000 | 0.000 | -0.126 | 0.1241 |-0.0298 |0.0000 |-0.0012 |0.1085 |
230.136 | 0.000 | 0.000 | -0.126 | 0.1245 |-0.0299 |0.0000 |-0.0012 |0.1089 |
230.331 | 0.000 | 0.000 | -0.127 | 0.1248 |-0.0300 |0.0000 |-0.0012 |0.1092 |
230.526 | 0.000 | 0.000 | -0.127 | 0.1252 |-0.0301 |0.0000 |-0.0012 |0.1096 |
230.720 | 0.000 | 0.000 | -0.128 | 0.1256 |-0.0302 |0.0000 |-0.0012 |0.1099 |
230.913 | 0.000 | 0.000 | -0.128 | 0.1260 |-0.0302 |0.0000 |-0.0012 |0.1102 |
231.106 | 0.000 | 0.000 | -0.129 | 0.1264 |-0.0303 |0.0000 |-0.0012 |0.1106 |
231.299 | 0.000 | 0.000 | -0.129 | 0.1267 |-0.0304 |0.0000 |-0.0012 |0.1109 |
231.491 | 0.000 | 0.000 | -0.129 | 0.1271 |-0.0305 |0.0000 |-0.0012 |0.1113 |
231.683 | 0.000 | 0.000 | -0.130 | 0.1275 |-0.0306 |0.0000 |-0.0012 |0.1116 |
231.874 | 0.000 | 0.000 | -0.130 | 0.1279 |-0.0307 |0.0000 |-0.0012 |0.1119 |
232.065 | 0.000 | 0.000 | -0.131 | 0.1283 |-0.0308 |0.0000 |-0.0012 |0.1123 |
232.256 | 0.000 | 0.000 | -0.131 | 0.1286 |-0.0309 |0.0000 |-0.0012 |0.1126 |
232.446 | 0.000 | 0.000 | -0.132 | 0.1290 |-0.0310 |0.0000 |-0.0012 |0.1129 |
232.635 | 0.000 | 0.000 | -0.132 | 0.1294 |-0.0311 |0.0000 |-0.0012 |0.1133 |
232.824 | 0.000 | 0.000 | -0.133 | 0.1298 |-0.0312 |0.0000 |-0.0012 |0.1136 |
233.013 | 0.000 | 0.000 | -0.133 | 0.1301 |-0.0312 |0.0000 |-0.0012 |0.1140 |
233.201 | 0.000 | 0.000 | -0.134 | 0.1305 |-0.0313 |0.0000 |-0.0012 |0.1143 |
233.389 | 0.000 | 0.000 | -0.134 | 0.1309 |-0.0314 |0.0000 |-0.0012 |0.1146 |
233.577 | 0.000 | 0.000 | -0.135 | 0.1313 |-0.0315 |0.0000 |-0.0013 |0.1150 |
233.764 | 0.000 | 0.000 | -0.135 | 0.1317 |-0.0316 |0.0000 |-0.0013 |0.1153 |
233.951 | 0.000 | 0.000 | -0.136 | 0.1320 |-0.0317 |0.0000 |-0.0013 |0.1156 |
234.093 | 0.000 | 0.000 | -0.136 | 0.1323 |-0.0318 |0.0000 |-0.0013 |0.1159 |
