Test angle: 0
Node_A_151 coordinates: initialX | initialY | initialZ 
75.0000 | 0.0000 | 0.0000 | 
Node_B_1051 coordinates: initialX | initialY | initialZ 
-75.0000 | 0.0000 | 0.0000 | 
Node_C_606 coordinates: initialX | initialY | initialZ 
0.0000 | 5.0000 | 0.0000 | 
Node_D_1256 coordinates: initialX | initialY | initialZ 
0.0000 | -5.0000 | 0.0000 | 
  UA1  |  UA2  |  UA3 | UB1 | UB2 | UB3 | UC1 | UC2 | UC3 | UD1 | UD2 | UD3 
0.0000 | 0.0000 | 0.0000 | 0.0000 | 0.0000 | 0.0000 | 0.0000 | 0.0000 | 0.0000 | 0.0000 | 0.0000 | 0.0000 | 
0.0014 | -0.0000 | 0.0000 | 0.0004 | -0.0000 | 0.0000 | 0.0009 | -0.0000 | 0.0000 | 0.0009 | -0.0000 | 0.0000 | 
0.0029 | -0.0000 | -0.0000 | 0.0007 | -0.0000 | -0.0000 | 0.0018 | -0.0001 | -0.0000 | 0.0018 | -0.0000 | -0.0000 | 
0.0051 | -0.0001 | 0.0000 | 0.0013 | -0.0001 | 0.0000 | 0.0032 | -0.0001 | 0.0000 | 0.0032 | -0.0000 | 0.0000 | 
0.0083 | -0.0001 | -0.0000 | 0.0021 | -0.0001 | -0.0000 | 0.0052 | -0.0002 | -0.0000 | 0.0052 | -0.0000 | -0.0000 | 
0.0132 | -0.0001 | 0.0000 | 0.0033 | -0.0001 | 0.0000 | 0.0083 | -0.0002 | 0.0000 | 0.0083 | -0.0000 | 0.0000 | 
0.0205 | -0.0002 | -0.0000 | 0.0052 | -0.0002 | -0.0000 | 0.0128 | -0.0004 | -0.0000 | 0.0128 | -0.0000 | -0.0000 | 
0.0314 | -0.0003 | 0.0000 | 0.0080 | -0.0003 | 0.0000 | 0.0197 | -0.0006 | 0.0000 | 0.0197 | -0.0001 | 0.0000 | 
0.0479 | -0.0005 | -0.0000 | 0.0122 | -0.0005 | -0.0000 | 0.0300 | -0.0009 | -0.0000 | 0.0300 | -0.0001 | -0.0000 | 
0.0726 | -0.0008 | 0.0000 | 0.0184 | -0.0008 | 0.0000 | 0.0455 | -0.0014 | 0.0000 | 0.0455 | -0.0002 | 0.0000 | 
0.1096 | -0.0012 | -0.0000 | 0.0278 | -0.0012 | -0.0000 | 0.0687 | -0.0021 | -0.0000 | 0.0687 | -0.0003 | -0.0000 | 
0.1651 | -0.0018 | 0.0000 | 0.0419 | -0.0018 | 0.0000 | 0.1035 | -0.0031 | 0.0000 | 0.1035 | -0.0004 | 0.0000 | 
0.2373 | -0.0025 | -0.0000 | 0.0602 | -0.0025 | -0.0000 | 0.1487 | -0.0045 | -0.0000 | 0.1487 | -0.0006 | -0.0000 | 
0.3095 | -0.0033 | -0.0000 | 0.0785 | -0.0033 | -0.0000 | 0.1940 | -0.0058 | 0.0000 | 0.1940 | -0.0007 | 0.0000 | 
0.3869 | -0.0035 | 0.0000 | 0.0917 | -0.0035 | 0.0000 | 0.2392 | -0.0068 | 0.0000 | 0.2393 | -0.0002 | 0.0000 | 
0.4651 | -0.0035 | 0.0000 | 0.1039 | -0.0036 | -0.0000 | 0.2845 | -0.0076 | 0.0000 | 0.2846 | 0.0005 | 0.0000 | 
0.5431 | -0.0035 | -0.0000 | 0.1165 | -0.0037 | -0.0000 | 0.3297 | -0.0084 | 0.0000 | 0.3298 | 0.0012 | 0.0000 | 
0.6208 | -0.0035 | -0.0000 | 0.1293 | -0.0038 | 0.0000 | 0.3750 | -0.0092 | -0.0000 | 0.3751 | 0.0019 | 0.0000 | 
0.6984 | -0.0036 | 0.0000 | 0.1422 | -0.0039 | -0.0000 | 0.4202 | -0.0101 | -0.0000 | 0.4204 | 0.0026 | 0.0000 | 
0.7759 | -0.0036 | -0.0000 | 0.1552 | -0.0040 | -0.0000 | 0.4654 | -0.0108 | -0.0000 | 0.4656 | 0.0033 | -0.0000 | 
0.8533 | -0.0036 | -0.0000 | 0.1683 | -0.0041 | -0.0000 | 0.5107 | -0.0116 | -0.0000 | 0.5109 | 0.0040 | 0.0000 | 
0.9306 | -0.0036 | -0.0000 | 0.1815 | -0.0041 | -0.0000 | 0.5559 | -0.0124 | -0.0000 | 0.5562 | 0.0047 | 0.0000 | 
1.0079 | -0.0036 | -0.0000 | 0.1947 | -0.0042 | -0.0000 | 0.6012 | -0.0132 | -0.0000 | 0.6015 | 0.0054 | -0.0000 | 
1.0851 | -0.0037 | -0.0000 | 0.2080 | -0.0042 | -0.0000 | 0.6464 | -0.0140 | -0.0000 | 0.6467 | 0.0061 | -0.0000 | 
1.1622 | -0.0037 | 0.0000 | 0.2214 | -0.0043 | -0.0000 | 0.6916 | -0.0147 | -0.0000 | 0.6920 | 0.0068 | -0.0000 | 
1.2394 | -0.0037 | -0.0000 | 0.2348 | -0.0043 | -0.0000 | 0.7369 | -0.0155 | -0.0000 | 0.7373 | 0.0075 | -0.0000 | 
1.3165 | -0.0037 | -0.0000 | 0.2482 | -0.0044 | -0.0000 | 0.7821 | -0.0163 | 0.0000 | 0.7826 | 0.0082 | 0.0000 | 
1.3935 | -0.0037 | -0.0000 | 0.2617 | -0.0045 | 0.0000 | 0.8274 | -0.0171 | 0.0000 | 0.8278 | 0.0089 | 0.0000 | 
1.4705 | -0.0037 | -0.0000 | 0.2752 | -0.0045 | -0.0000 | 0.8726 | -0.0179 | -0.0000 | 0.8731 | 0.0096 | -0.0000 | 
1.5475 | -0.0038 | -0.0000 | 0.2888 | -0.0046 | -0.0000 | 0.9179 | -0.0186 | 0.0000 | 0.9184 | 0.0103 | -0.0000 | 
1.6244 | -0.0038 | 0.0000 | 0.3023 | -0.0046 | -0.0000 | 0.9631 | -0.0194 | 0.0000 | 0.9636 | 0.0110 | -0.0000 | 
1.7013 | -0.0038 | -0.0000 | 0.3159 | -0.0047 | -0.0000 | 1.0083 | -0.0202 | 0.0000 | 1.0089 | 0.0117 | 0.0000 | 
1.7783 | -0.0038 | -0.0000 | 0.3295 | -0.0047 | 0.0000 | 1.0536 | -0.0209 | 0.0000 | 1.0542 | 0.0124 | -0.0000 | 
1.8552 | -0.0038 | -0.0000 | 0.3432 | -0.0047 | -0.0000 | 1.0988 | -0.0217 | 0.0000 | 1.0995 | 0.0131 | 0.0000 | 
1.9320 | -0.0039 | -0.0000 | 0.3568 | -0.0048 | 0.0000 | 1.1441 | -0.0224 | 0.0000 | 1.1448 | 0.0138 | 0.0000 | 
2.0089 | -0.0039 | -0.0000 | 0.3704 | -0.0049 | 0.0000 | 1.1893 | -0.0232 | 0.0000 | 1.1900 | 0.0145 | 0.0000 | 
2.0857 | -0.0039 | -0.0000 | 0.3841 | -0.0049 | 0.0000 | 1.2345 | -0.0240 | 0.0000 | 1.2353 | 0.0152 | 0.0000 | 
2.1625 | -0.0039 | 0.0000 | 0.3978 | -0.0049 | 0.0000 | 1.2798 | -0.0248 | -0.0000 | 1.2806 | 0.0159 | -0.0000 | 
2.2394 | -0.0040 | -0.0000 | 0.4115 | -0.0050 | -0.0000 | 1.3250 | -0.0255 | -0.0000 | 1.3259 | 0.0166 | 0.0000 | 
2.3161 | -0.0040 | 0.0000 | 0.4253 | -0.0050 | 0.0000 | 1.3703 | -0.0262 | -0.0000 | 1.3711 | 0.0173 | 0.0000 | 
2.3929 | -0.0040 | -0.0000 | 0.4390 | -0.0050 | -0.0000 | 1.4155 | -0.0270 | -0.0000 | 1.4164 | 0.0180 | -0.0000 | 
2.4697 | -0.0040 | -0.0000 | 0.4527 | -0.0051 | -0.0000 | 1.4607 | -0.0278 | 0.0000 | 1.4616 | 0.0187 | 0.0000 | 
2.5464 | -0.0040 | 0.0000 | 0.4664 | -0.0051 | 0.0000 | 1.5060 | -0.0285 | -0.0000 | 1.5069 | 0.0194 | 0.0000 | 
2.6232 | -0.0041 | 0.0000 | 0.4802 | -0.0052 | 0.0000 | 1.5512 | -0.0293 | 0.0000 | 1.5522 | 0.0200 | 0.0000 | 
2.7000 | -0.0041 | -0.0000 | 0.4940 | -0.0052 | 0.0000 | 1.5965 | -0.0300 | -0.0000 | 1.5975 | 0.0208 | -0.0000 | 
2.7767 | -0.0041 | -0.0000 | 0.5078 | -0.0052 | 0.0000 | 1.6417 | -0.0308 | 0.0000 | 1.6428 | 0.0214 | 0.0000 | 
2.8534 | -0.0041 | 0.0000 | 0.5216 | -0.0053 | 0.0000 | 1.6870 | -0.0315 | 0.0000 | 1.6880 | 0.0221 | 0.0000 | 
2.9301 | -0.0041 | 0.0000 | 0.5353 | -0.0053 | 0.0000 | 1.7322 | -0.0322 | -0.0000 | 1.7333 | 0.0229 | 0.0000 | 
3.0069 | -0.0041 | 0.0000 | 0.5491 | -0.0053 | -0.0000 | 1.7774 | -0.0330 | 0.0000 | 1.7785 | 0.0236 | 0.0000 | 
3.0836 | -0.0042 | -0.0000 | 0.5629 | -0.0053 | 0.0000 | 1.8227 | -0.0337 | 0.0000 | 1.8238 | 0.0242 | 0.0000 | 
3.1603 | -0.0042 | 0.0000 | 0.5767 | -0.0054 | 0.0000 | 1.8679 | -0.0345 | -0.0000 | 1.8691 | 0.0249 | 0.0000 | 
3.2370 | -0.0042 | -0.0000 | 0.5906 | -0.0054 | -0.0000 | 1.9132 | -0.0352 | -0.0000 | 1.9144 | 0.0256 | 0.0000 | 
3.3137 | -0.0042 | -0.0000 | 0.6044 | -0.0055 | 0.0000 | 1.9584 | -0.0360 | -0.0000 | 1.9597 | 0.0263 | 0.0000 | 
3.3904 | -0.0042 | 0.0000 | 0.6182 | -0.0055 | 0.0000 | 2.0037 | -0.0367 | 0.0000 | 2.0049 | 0.0270 | 0.0000 | 
3.4671 | -0.0043 | -0.0000 | 0.6320 | -0.0055 | -0.0000 | 2.0489 | -0.0375 | -0.0000 | 2.0502 | 0.0277 | 0.0000 | 
3.5437 | -0.0043 | -0.0000 | 0.6459 | -0.0055 | 0.0000 | 2.0941 | -0.0382 | -0.0000 | 2.0955 | 0.0284 | 0.0000 | 
3.6204 | -0.0043 | -0.0000 | 0.6597 | -0.0056 | -0.0000 | 2.1394 | -0.0389 | -0.0000 | 2.1407 | 0.0291 | 0.0000 | 
3.6971 | -0.0043 | -0.0000 | 0.6735 | -0.0056 | 0.0000 | 2.1846 | -0.0397 | -0.0000 | 2.1860 | 0.0298 | 0.0000 | 
3.7738 | -0.0043 | -0.0000 | 0.6873 | -0.0056 | 0.0000 | 2.2299 | -0.0404 | -0.0000 | 2.2313 | 0.0305 | 0.0000 | 
3.8504 | -0.0043 | 0.0000 | 0.7012 | -0.0056 | -0.0000 | 2.2751 | -0.0411 | -0.0000 | 2.2765 | 0.0312 | 0.0000 | 
3.9271 | -0.0043 | -0.0000 | 0.7151 | -0.0057 | 0.0000 | 2.3204 | -0.0419 | -0.0000 | 2.3218 | 0.0319 | 0.0000 | 
4.0038 | -0.0044 | 0.0000 | 0.7289 | -0.0057 | 0.0000 | 2.3656 | -0.0426 | -0.0000 | 2.3671 | 0.0326 | 0.0000 | 
4.0805 | -0.0044 | 0.0000 | 0.7428 | -0.0057 | 0.0000 | 2.4109 | -0.0434 | -0.0000 | 2.4124 | 0.0332 | 0.0000 | 
4.1571 | -0.0044 | 0.0000 | 0.7566 | -0.0058 | 0.0000 | 2.4561 | -0.0441 | -0.0000 | 2.4577 | 0.0339 | 0.0000 | 
4.2337 | -0.0044 | -0.0000 | 0.7705 | -0.0058 | 0.0000 | 2.5013 | -0.0448 | -0.0000 | 2.5029 | 0.0346 | 0.0000 | 
4.3104 | -0.0044 | -0.0000 | 0.7843 | -0.0058 | 0.0000 | 2.5466 | -0.0456 | -0.0000 | 2.5482 | 0.0353 | 0.0000 | 
4.3870 | -0.0044 | -0.0000 | 0.7982 | -0.0058 | 0.0000 | 2.5918 | -0.0463 | -0.0000 | 2.5934 | 0.0360 | 0.0000 | 
4.4637 | -0.0044 | 0.0000 | 0.8120 | -0.0058 | 0.0000 | 2.6370 | -0.0470 | -0.0000 | 2.6387 | 0.0367 | 0.0000 | 
4.5404 | -0.0044 | -0.0000 | 0.8259 | -0.0059 | 0.0000 | 2.6823 | -0.0477 | -0.0000 | 2.6840 | 0.0374 | 0.0000 | 
4.6170 | -0.0045 | -0.0000 | 0.8398 | -0.0059 | 0.0000 | 2.7275 | -0.0485 | -0.0000 | 2.7293 | 0.0381 | 0.0000 | 
4.6937 | -0.0045 | -0.0000 | 0.8536 | -0.0059 | -0.0000 | 2.7728 | -0.0492 | -0.0000 | 2.7745 | 0.0388 | 0.0000 | 
4.7703 | -0.0045 | 0.0000 | 0.8675 | -0.0059 | 0.0000 | 2.8180 | -0.0499 | -0.0000 | 2.8198 | 0.0395 | 0.0000 | 
4.8470 | -0.0045 | 0.0000 | 0.8814 | -0.0059 | 0.0000 | 2.8633 | -0.0507 | -0.0000 | 2.8651 | 0.0402 | 0.0000 | 
4.9236 | -0.0046 | 0.0000 | 0.8953 | -0.0060 | -0.0000 | 2.9085 | -0.0514 | -0.0000 | 2.9104 | 0.0409 | 0.0000 | 
5.0003 | -0.0046 | 0.0000 | 0.9091 | -0.0060 | 0.0000 | 2.9538 | -0.0521 | -0.0000 | 2.9557 | 0.0416 | 0.0000 | 
5.0769 | -0.0046 | -0.0000 | 0.9230 | -0.0060 | 0.0000 | 2.9990 | -0.0529 | -0.0000 | 3.0009 | 0.0423 | 0.0000 | 
5.1535 | -0.0046 | -0.0000 | 0.9369 | -0.0060 | 0.0000 | 3.0442 | -0.0536 | -0.0000 | 3.0462 | 0.0429 | 0.0000 | 
5.2302 | -0.0046 | -0.0000 | 0.9507 | -0.0061 | 0.0000 | 3.0895 | -0.0543 | -0.0000 | 3.0915 | 0.0436 | 0.0000 | 
5.3068 | -0.0046 | 0.0000 | 0.9646 | -0.0061 | 0.0000 | 3.1347 | -0.0550 | -0.0000 | 3.1367 | 0.0443 | 0.0000 | 
5.3835 | -0.0046 | -0.0000 | 0.9785 | -0.0061 | 0.0000 | 3.1799 | -0.0558 | -0.0000 | 3.1820 | 0.0450 | 0.0000 | 
5.4601 | -0.0046 | -0.0000 | 0.9923 | -0.0061 | 0.0000 | 3.2252 | -0.0565 | -0.0000 | 3.2273 | 0.0457 | 0.0000 | 
5.5368 | -0.0046 | 0.0000 | 1.0062 | -0.0061 | 0.0000 | 3.2704 | -0.0572 | -0.0000 | 3.2725 | 0.0464 | 0.0000 | 
5.6134 | -0.0047 | 0.0000 | 1.0200 | -0.0062 | 0.0000 | 3.3157 | -0.0579 | -0.0000 | 3.3178 | 0.0471 | 0.0000 | 
5.6901 | -0.0047 | 0.0000 | 1.0339 | -0.0062 | 0.0000 | 3.3609 | -0.0586 | -0.0000 | 3.3631 | 0.0478 | 0.0000 | 
5.7667 | -0.0047 | -0.0000 | 1.0478 | -0.0062 | 0.0000 | 3.4062 | -0.0593 | -0.0000 | 3.4084 | 0.0485 | 0.0000 | 
5.8434 | -0.0047 | 0.0000 | 1.0617 | -0.0062 | -0.0000 | 3.4514 | -0.0601 | -0.0000 | 3.4536 | 0.0492 | 0.0000 | 
5.9200 | -0.0047 | 0.0000 | 1.0755 | -0.0062 | -0.0000 | 3.4967 | -0.0608 | -0.0000 | 3.4989 | 0.0499 | 0.0000 | 
5.9967 | -0.0048 | 0.0000 | 1.0894 | -0.0062 | 0.0000 | 3.5419 | -0.0615 | -0.0000 | 3.5442 | 0.0506 | 0.0000 | 
6.0733 | -0.0048 | 0.0000 | 1.1033 | -0.0062 | -0.0000 | 3.5871 | -0.0622 | -0.0000 | 3.5895 | 0.0512 | 0.0000 | 
6.1500 | -0.0048 | 0.0000 | 1.1172 | -0.0063 | -0.0000 | 3.6324 | -0.0630 | -0.0000 | 3.6347 | 0.0519 | 0.0000 | 
6.2266 | -0.0048 | 0.0000 | 1.1310 | -0.0063 | 0.0000 | 3.6776 | -0.0637 | -0.0000 | 3.6800 | 0.0526 | 0.0000 | 
6.3033 | -0.0048 | -0.0000 | 1.1449 | -0.0063 | -0.0000 | 3.7229 | -0.0644 | -0.0000 | 3.7253 | 0.0533 | 0.0000 | 
6.3799 | -0.0048 | 0.0000 | 1.1587 | -0.0063 | -0.0000 | 3.7681 | -0.0651 | -0.0000 | 3.7705 | 0.0540 | 0.0000 | 
6.4566 | -0.0048 | 0.0000 | 1.1726 | -0.0063 | -0.0000 | 3.8133 | -0.0658 | -0.0000 | 3.8158 | 0.0547 | 0.0000 | 
6.5332 | -0.0048 | 0.0000 | 1.1864 | -0.0064 | -0.0000 | 3.8586 | -0.0666 | -0.0000 | 3.8611 | 0.0554 | 0.0000 | 
6.6099 | -0.0049 | 0.0000 | 1.2003 | -0.0064 | -0.0000 | 3.9038 | -0.0673 | -0.0000 | 3.9064 | 0.0560 | 0.0000 | 
6.6865 | -0.0049 | 0.0000 | 1.2142 | -0.0064 | -0.0000 | 3.9491 | -0.0680 | -0.0000 | 3.9516 | 0.0567 | 0.0000 | 
6.7632 | -0.0049 | 0.0000 | 1.2280 | -0.0064 | 0.0000 | 3.9943 | -0.0687 | -0.0000 | 3.9969 | 0.0574 | 0.0000 | 
6.8398 | -0.0049 | 0.0000 | 1.2419 | -0.0064 | 0.0000 | 4.0395 | -0.0694 | -0.0000 | 4.0422 | 0.0581 | 0.0000 | 
6.9165 | -0.0049 | -0.0000 | 1.2557 | -0.0064 | 0.0000 | 4.0848 | -0.0701 | -0.0000 | 4.0874 | 0.0588 | 0.0000 | 
6.9932 | -0.0049 | 0.0000 | 1.2695 | -0.0065 | 0.0000 | 4.1300 | -0.0708 | -0.0000 | 4.1327 | 0.0595 | 0.0000 | 
7.0698 | -0.0049 | -0.0000 | 1.2834 | -0.0064 | 0.0000 | 4.1753 | -0.0715 | -0.0000 | 4.1780 | 0.0602 | 0.0000 | 
7.1465 | -0.0049 | 0.0000 | 1.2973 | -0.0065 | -0.0000 | 4.2205 | -0.0722 | -0.0000 | 4.2233 | 0.0609 | 0.0000 | 
7.2232 | -0.0049 | 0.0000 | 1.3111 | -0.0065 | 0.0000 | 4.2658 | -0.0730 | -0.0000 | 4.2685 | 0.0616 | 0.0000 | 
7.2999 | -0.0050 | -0.0000 | 1.3250 | -0.0065 | -0.0000 | 4.3110 | -0.0737 | -0.0000 | 4.3138 | 0.0622 | 0.0000 | 
7.3765 | -0.0050 | 0.0000 | 1.3388 | -0.0065 | -0.0000 | 4.3563 | -0.0744 | -0.0000 | 4.3591 | 0.0629 | 0.0000 | 
7.4532 | -0.0050 | 0.0000 | 1.3527 | -0.0065 | 0.0000 | 4.4015 | -0.0751 | -0.0000 | 4.4044 | 0.0636 | 0.0000 | 
7.5299 | -0.0050 | 0.0000 | 1.3665 | -0.0065 | -0.0000 | 4.4467 | -0.0758 | -0.0000 | 4.4496 | 0.0643 | 0.0000 | 
7.6065 | -0.0050 | -0.0000 | 1.3803 | -0.0065 | 0.0000 | 4.4920 | -0.0765 | -0.0000 | 4.4949 | 0.0650 | 0.0000 | 
7.6832 | -0.0050 | 0.0000 | 1.3942 | -0.0065 | -0.0000 | 4.5372 | -0.0772 | -0.0000 | 4.5402 | 0.0657 | 0.0000 | 
7.7599 | -0.0051 | -0.0000 | 1.4080 | -0.0066 | 0.0000 | 4.5825 | -0.0779 | -0.0000 | 4.5854 | 0.0663 | 0.0000 | 
7.8366 | -0.0051 | -0.0000 | 1.4219 | -0.0066 | 0.0000 | 4.6277 | -0.0787 | -0.0000 | 4.6307 | 0.0670 | 0.0000 | 
7.9132 | -0.0051 | 0.0000 | 1.4357 | -0.0066 | -0.0000 | 4.6729 | -0.0794 | -0.0000 | 4.6760 | 0.0677 | 0.0000 | 
7.9899 | -0.0051 | 0.0000 | 1.4495 | -0.0066 | -0.0000 | 4.7182 | -0.0801 | -0.0000 | 4.7213 | 0.0684 | 0.0000 | 
8.0666 | -0.0051 | -0.0000 | 1.4633 | -0.0066 | 0.0000 | 4.7634 | -0.0808 | -0.0000 | 4.7665 | 0.0691 | 0.0000 | 
8.1433 | -0.0051 | 0.0000 | 1.4772 | -0.0067 | -0.0000 | 4.8087 | -0.0815 | -0.0000 | 4.8118 | 0.0697 | 0.0000 | 
8.2200 | -0.0051 | 0.0000 | 1.4910 | -0.0067 | 0.0000 | 4.8539 | -0.0822 | -0.0000 | 4.8571 | 0.0704 | 0.0000 | 
8.2967 | -0.0051 | 0.0000 | 1.5048 | -0.0067 | -0.0000 | 4.8991 | -0.0829 | -0.0000 | 4.9023 | 0.0711 | 0.0000 | 
8.3734 | -0.0051 | -0.0000 | 1.5186 | -0.0067 | -0.0000 | 4.9444 | -0.0836 | -0.0000 | 4.9476 | 0.0718 | 0.0000 | 
8.4501 | -0.0051 | -0.0000 | 1.5324 | -0.0067 | 0.0000 | 4.9896 | -0.0843 | -0.0000 | 4.9929 | 0.0725 | 0.0000 | 
8.5268 | -0.0051 | -0.0000 | 1.5463 | -0.0067 | 0.0000 | 5.0349 | -0.0850 | -0.0000 | 5.0381 | 0.0732 | 0.0000 | 
8.6035 | -0.0052 | -0.0000 | 1.5601 | -0.0067 | -0.0000 | 5.0801 | -0.0857 | -0.0000 | 5.0834 | 0.0738 | 0.0000 | 
8.6802 | -0.0052 | -0.0000 | 1.5739 | -0.0067 | -0.0000 | 5.1254 | -0.0864 | -0.0000 | 5.1287 | 0.0745 | 0.0000 | 
8.7569 | -0.0052 | 0.0000 | 1.5877 | -0.0067 | -0.0000 | 5.1706 | -0.0871 | -0.0000 | 5.1740 | 0.0752 | 0.0000 | 
8.8336 | -0.0052 | -0.0000 | 1.6015 | -0.0067 | 0.0000 | 5.2158 | -0.0878 | -0.0000 | 5.2192 | 0.0759 | 0.0000 | 
8.9103 | -0.0052 | -0.0000 | 1.6153 | -0.0067 | 0.0000 | 5.2611 | -0.0885 | -0.0000 | 5.2645 | 0.0766 | 0.0000 | 
8.9870 | -0.0052 | -0.0000 | 1.6291 | -0.0068 | 0.0000 | 5.3063 | -0.0892 | -0.0000 | 5.3098 | 0.0773 | 0.0000 | 
9.0637 | -0.0052 | -0.0000 | 1.6429 | -0.0068 | -0.0000 | 5.3516 | -0.0899 | -0.0000 | 5.3551 | 0.0779 | 0.0000 | 
9.1404 | -0.0052 | -0.0000 | 1.6567 | -0.0068 | -0.0000 | 5.3968 | -0.0906 | -0.0000 | 5.4003 | 0.0786 | 0.0000 | 
9.2171 | -0.0052 | -0.0000 | 1.6705 | -0.0068 | -0.0000 | 5.4421 | -0.0913 | -0.0000 | 5.4456 | 0.0793 | 0.0000 | 
9.2938 | -0.0053 | -0.0000 | 1.6843 | -0.0068 | -0.0000 | 5.4873 | -0.0920 | -0.0000 | 5.4909 | 0.0800 | 0.0000 | 
9.3706 | -0.0053 | -0.0000 | 1.6981 | -0.0068 | 0.0000 | 5.5325 | -0.0927 | -0.0000 | 5.5362 | 0.0806 | 0.0000 | 
9.4473 | -0.0053 | -0.0000 | 1.7119 | -0.0068 | -0.0000 | 5.5778 | -0.0934 | -0.0000 | 5.5814 | 0.0813 | 0.0000 | 
9.5240 | -0.0053 | 0.0000 | 1.7257 | -0.0068 | -0.0000 | 5.6230 | -0.0941 | -0.0000 | 5.6267 | 0.0820 | 0.0000 | 
9.6007 | -0.0053 | -0.0000 | 1.7395 | -0.0068 | -0.0000 | 5.6683 | -0.0948 | -0.0000 | 5.6720 | 0.0827 | 0.0000 | 
9.6775 | -0.0053 | 0.0000 | 1.7533 | -0.0068 | -0.0000 | 5.7135 | -0.0955 | -0.0000 | 5.7172 | 0.0834 | 0.0000 | 
9.7542 | -0.0053 | 0.0000 | 1.7671 | -0.0069 | -0.0000 | 5.7587 | -0.0962 | -0.0000 | 5.7625 | 0.0840 | 0.0000 | 
9.8309 | -0.0053 | -0.0000 | 1.7808 | -0.0069 | -0.0000 | 5.8040 | -0.0969 | -0.0000 | 5.8078 | 0.0847 | 0.0000 | 
9.9077 | -0.0054 | -0.0000 | 1.7946 | -0.0069 | -0.0000 | 5.8492 | -0.0976 | -0.0000 | 5.8531 | 0.0854 | 0.0000 | 
9.9844 | -0.0054 | -0.0000 | 1.8084 | -0.0069 | -0.0000 | 5.8945 | -0.0983 | -0.0000 | 5.8983 | 0.0861 | 0.0000 | 
10.0611 | -0.0054 | -0.0000 | 1.8222 | -0.0069 | -0.0000 | 5.9397 | -0.0990 | -0.0000 | 5.9436 | 0.0867 | 0.0000 | 
10.1379 | -0.0054 | -0.0000 | 1.8359 | -0.0069 | -0.0000 | 5.9849 | -0.0997 | -0.0000 | 5.9889 | 0.0874 | 0.0000 | 
10.2146 | -0.0054 | -0.0000 | 1.8497 | -0.0069 | -0.0000 | 6.0302 | -0.1004 | -0.0000 | 6.0341 | 0.0881 | 0.0000 | 
10.2914 | -0.0054 | -0.0000 | 1.8635 | -0.0069 | -0.0000 | 6.0754 | -0.1011 | -0.0000 | 6.0794 | 0.0888 | 0.0000 | 
10.3681 | -0.0054 | -0.0000 | 1.8772 | -0.0070 | -0.0000 | 6.1207 | -0.1018 | -0.0000 | 6.1247 | 0.0894 | 0.0000 | 
10.4449 | -0.0054 | -0.0000 | 1.8910 | -0.0070 | -0.0000 | 6.1659 | -0.1025 | -0.0000 | 6.1700 | 0.0901 | 0.0000 | 
10.5217 | -0.0054 | -0.0000 | 1.9047 | -0.0070 | 0.0000 | 6.2112 | -0.1032 | -0.0000 | 6.2152 | 0.0908 | 0.0000 | 
10.5984 | -0.0054 | 0.0000 | 1.9185 | -0.0070 | 0.0000 | 6.2564 | -0.1039 | -0.0000 | 6.2605 | 0.0915 | 0.0000 | 
10.6752 | -0.0054 | -0.0000 | 1.9322 | -0.0070 | -0.0000 | 6.3016 | -0.1046 | -0.0000 | 6.3058 | 0.0921 | 0.0000 | 
10.7519 | -0.0055 | 0.0000 | 1.9460 | -0.0070 | -0.0000 | 6.3469 | -0.1053 | -0.0000 | 6.3511 | 0.0928 | 0.0000 | 
10.8287 | -0.0055 | 0.0000 | 1.9597 | -0.0070 | 0.0000 | 6.3921 | -0.1060 | -0.0000 | 6.3963 | 0.0935 | 0.0000 | 
10.9055 | -0.0055 | -0.0000 | 1.9735 | -0.0070 | -0.0000 | 6.4374 | -0.1067 | -0.0000 | 6.4416 | 0.0942 | 0.0000 | 
10.9823 | -0.0055 | -0.0000 | 1.9872 | -0.0070 | -0.0000 | 6.4826 | -0.1073 | -0.0000 | 6.4869 | 0.0949 | 0.0000 | 
11.0590 | -0.0055 | 0.0000 | 2.0009 | -0.0070 | 0.0000 | 6.5278 | -0.1080 | -0.0000 | 6.5321 | 0.0955 | 0.0000 | 
11.1358 | -0.0055 | -0.0000 | 2.0147 | -0.0070 | 0.0000 | 6.5731 | -0.1087 | -0.0000 | 6.5774 | 0.0962 | 0.0000 | 
11.2126 | -0.0055 | -0.0000 | 2.0284 | -0.0070 | 0.0000 | 6.6183 | -0.1094 | -0.0000 | 6.6227 | 0.0969 | 0.0000 | 
11.2894 | -0.0055 | 0.0000 | 2.0422 | -0.0070 | -0.0000 | 6.6636 | -0.1101 | -0.0000 | 6.6680 | 0.0975 | 0.0000 | 
11.3662 | -0.0055 | 0.0000 | 2.0559 | -0.0071 | -0.0000 | 6.7088 | -0.1108 | -0.0000 | 6.7132 | 0.0982 | 0.0000 | 
11.4430 | -0.0055 | -0.0000 | 2.0696 | -0.0071 | 0.0000 | 6.7541 | -0.1115 | -0.0000 | 6.7585 | 0.0989 | 0.0000 | 
11.5197 | -0.0055 | -0.0000 | 2.0833 | -0.0071 | 0.0000 | 6.7993 | -0.1122 | -0.0000 | 6.8038 | 0.0996 | 0.0000 | 
11.5965 | -0.0056 | -0.0000 | 2.0971 | -0.0071 | 0.0000 | 6.8445 | -0.1129 | -0.0000 | 6.8491 | 0.1002 | 0.0000 | 
11.6733 | -0.0056 | 0.0000 | 2.1108 | -0.0071 | -0.0000 | 6.8898 | -0.1136 | -0.0000 | 6.8943 | 0.1009 | 0.0000 | 
11.7501 | -0.0056 | 0.0000 | 2.1245 | -0.0071 | -0.0000 | 6.9350 | -0.1142 | -0.0000 | 6.9396 | 0.1016 | 0.0000 | 
11.8269 | -0.0056 | -0.0000 | 2.1382 | -0.0071 | -0.0000 | 6.9803 | -0.1149 | -0.0000 | 6.9849 | 0.1022 | 0.0000 | 
11.9037 | -0.0056 | -0.0000 | 2.1519 | -0.0071 | 0.0000 | 7.0255 | -0.1156 | -0.0000 | 7.0301 | 0.1029 | 0.0000 | 
11.9805 | -0.0056 | 0.0000 | 2.1656 | -0.0071 | 0.0000 | 7.0707 | -0.1163 | -0.0000 | 7.0754 | 0.1036 | 0.0000 | 
12.0573 | -0.0056 | 0.0000 | 2.1793 | -0.0071 | -0.0000 | 7.1160 | -0.1170 | -0.0000 | 7.1207 | 0.1043 | 0.0000 | 
12.1342 | -0.0056 | 0.0000 | 2.1930 | -0.0071 | -0.0000 | 7.1612 | -0.1177 | -0.0000 | 7.1660 | 0.1049 | 0.0000 | 
12.2110 | -0.0056 | -0.0000 | 2.2067 | -0.0071 | -0.0000 | 7.2065 | -0.1184 | -0.0000 | 7.2112 | 0.1056 | 0.0000 | 
12.2878 | -0.0056 | -0.0000 | 2.2204 | -0.0072 | 0.0000 | 7.2517 | -0.1191 | -0.0000 | 7.2565 | 0.1063 | 0.0000 | 
12.3646 | -0.0057 | 0.0000 | 2.2341 | -0.0072 | 0.0000 | 7.2969 | -0.1197 | -0.0000 | 7.3018 | 0.1069 | 0.0000 | 
12.4414 | -0.0057 | 0.0000 | 2.2478 | -0.0072 | -0.0000 | 7.3422 | -0.1204 | -0.0000 | 7.3470 | 0.1076 | 0.0000 | 
12.5183 | -0.0057 | 0.0000 | 2.2615 | -0.0072 | -0.0000 | 7.3874 | -0.1211 | -0.0000 | 7.3923 | 0.1083 | 0.0000 | 
12.5951 | -0.0057 | -0.0000 | 2.2752 | -0.0072 | 0.0000 | 7.4327 | -0.1218 | -0.0000 | 7.4376 | 0.1089 | 0.0000 | 
12.6719 | -0.0057 | -0.0000 | 2.2888 | -0.0072 | 0.0000 | 7.4779 | -0.1225 | -0.0000 | 7.4829 | 0.1096 | 0.0000 | 
12.7488 | -0.0057 | 0.0000 | 2.3025 | -0.0072 | 0.0000 | 7.5232 | -0.1232 | -0.0000 | 7.5281 | 0.1103 | 0.0000 | 
12.8256 | -0.0057 | 0.0000 | 2.3162 | -0.0072 | -0.0000 | 7.5684 | -0.1238 | -0.0000 | 7.5734 | 0.1109 | 0.0000 | 
12.9024 | -0.0057 | -0.0000 | 2.3299 | -0.0072 | -0.0000 | 7.6136 | -0.1245 | -0.0000 | 7.6187 | 0.1116 | 0.0000 | 
12.9793 | -0.0057 | 0.0000 | 2.3435 | -0.0072 | 0.0000 | 7.6589 | -0.1252 | -0.0000 | 7.6640 | 0.1123 | 0.0000 | 
13.0561 | -0.0057 | 0.0000 | 2.3572 | -0.0072 | 0.0000 | 7.7041 | -0.1259 | -0.0000 | 7.7092 | 0.1129 | 0.0000 | 
13.1330 | -0.0057 | 0.0000 | 2.3709 | -0.0072 | -0.0000 | 7.7494 | -0.1266 | -0.0000 | 7.7545 | 0.1136 | 0.0000 | 
13.2098 | -0.0057 | 0.0000 | 2.3845 | -0.0072 | -0.0000 | 7.7946 | -0.1273 | -0.0000 | 7.7998 | 0.1143 | 0.0000 | 
13.2867 | -0.0057 | -0.0000 | 2.3982 | -0.0073 | -0.0000 | 7.8398 | -0.1279 | -0.0000 | 7.8450 | 0.1149 | 0.0000 | 
13.3636 | -0.0057 | 0.0000 | 2.4118 | -0.0073 | 0.0000 | 7.8851 | -0.1286 | -0.0000 | 7.8903 | 0.1156 | 0.0000 | 
13.4404 | -0.0058 | 0.0000 | 2.4255 | -0.0073 | 0.0000 | 7.9303 | -0.1293 | -0.0000 | 7.9356 | 0.1163 | 0.0000 | 
13.5173 | -0.0058 | -0.0000 | 2.4391 | -0.0073 | -0.0000 | 7.9756 | -0.1300 | -0.0000 | 7.9809 | 0.1169 | 0.0000 | 
13.5942 | -0.0058 | 0.0000 | 2.4528 | -0.0073 | -0.0000 | 8.0208 | -0.1307 | -0.0000 | 8.0261 | 0.1176 | 0.0000 | 
13.6710 | -0.0058 | 0.0000 | 2.4664 | -0.0073 | 0.0000 | 8.0660 | -0.1313 | -0.0000 | 8.0714 | 0.1183 | 0.0000 | 
13.7479 | -0.0058 | 0.0000 | 2.4800 | -0.0073 | -0.0000 | 8.1113 | -0.1320 | -0.0000 | 8.1167 | 0.1189 | 0.0000 | 
13.8248 | -0.0058 | 0.0000 | 2.4937 | -0.0073 | -0.0000 | 8.1565 | -0.1327 | -0.0000 | 8.1619 | 0.1196 | 0.0000 | 
13.9017 | -0.0058 | -0.0000 | 2.5073 | -0.0073 | 0.0000 | 8.2018 | -0.1334 | -0.0000 | 8.2072 | 0.1203 | 0.0000 | 
13.9786 | -0.0058 | -0.0000 | 2.5209 | -0.0073 | 0.0000 | 8.2470 | -0.1341 | -0.0000 | 8.2525 | 0.1209 | 0.0000 | 
14.0554 | -0.0058 | -0.0000 | 2.5346 | -0.0073 | 0.0000 | 8.2922 | -0.1347 | -0.0000 | 8.2978 | 0.1216 | 0.0000 | 
14.1323 | -0.0058 | -0.0000 | 2.5482 | -0.0073 | -0.0000 | 8.3375 | -0.1354 | -0.0000 | 8.3430 | 0.1223 | 0.0000 | 
14.2092 | -0.0059 | -0.0000 | 2.5618 | -0.0073 | -0.0000 | 8.3827 | -0.1361 | -0.0000 | 8.3883 | 0.1229 | 0.0000 | 
14.2861 | -0.0059 | -0.0000 | 2.5754 | -0.0073 | 0.0000 | 8.4280 | -0.1368 | -0.0000 | 8.4336 | 0.1236 | 0.0000 | 
14.3630 | -0.0059 | -0.0000 | 2.5890 | -0.0073 | 0.0000 | 8.4732 | -0.1374 | -0.0000 | 8.4788 | 0.1243 | 0.0000 | 
14.4399 | -0.0059 | -0.0000 | 2.6027 | -0.0073 | 0.0000 | 8.5185 | -0.1381 | -0.0000 | 8.5241 | 0.1249 | 0.0000 | 
14.5168 | -0.0059 | -0.0000 | 2.6163 | -0.0073 | -0.0000 | 8.5637 | -0.1388 | -0.0000 | 8.5694 | 0.1256 | 0.0000 | 
14.5937 | -0.0059 | -0.0000 | 2.6299 | -0.0073 | 0.0000 | 8.6089 | -0.1395 | -0.0000 | 8.6147 | 0.1262 | 0.0000 | 
14.6706 | -0.0059 | 0.0000 | 2.6435 | -0.0074 | 0.0000 | 8.6542 | -0.1401 | -0.0000 | 8.6599 | 0.1269 | 0.0000 | 
14.7475 | -0.0059 | 0.0000 | 2.6571 | -0.0074 | 0.0000 | 8.6994 | -0.1408 | -0.0000 | 8.7052 | 0.1276 | 0.0000 | 
14.8245 | -0.0059 | -0.0000 | 2.6707 | -0.0074 | -0.0000 | 8.7447 | -0.1415 | -0.0000 | 8.7505 | 0.1282 | 0.0000 | 
14.9014 | -0.0059 | 0.0000 | 2.6843 | -0.0074 | -0.0000 | 8.7899 | -0.1422 | -0.0000 | 8.7958 | 0.1289 | 0.0000 | 
14.9783 | -0.0059 | 0.0000 | 2.6979 | -0.0074 | 0.0000 | 8.8351 | -0.1428 | -0.0000 | 8.8410 | 0.1296 | 0.0000 | 
15.0552 | -0.0059 | -0.0000 | 2.7115 | -0.0074 | 0.0000 | 8.8804 | -0.1435 | -0.0000 | 8.8863 | 0.1302 | 0.0000 | 
15.1322 | -0.0059 | -0.0000 | 2.7250 | -0.0074 | 0.0000 | 8.9256 | -0.1442 | -0.0000 | 8.9316 | 0.1309 | 0.0000 | 
15.2091 | -0.0059 | -0.0000 | 2.7386 | -0.0074 | 0.0000 | 8.9709 | -0.1449 | -0.0000 | 8.9768 | 0.1315 | 0.0000 | 
15.2860 | -0.0059 | -0.0000 | 2.7522 | -0.0074 | 0.0000 | 9.0161 | -0.1455 | -0.0000 | 9.0221 | 0.1322 | 0.0000 | 
15.3630 | -0.0059 | -0.0000 | 2.7658 | -0.0074 | -0.0000 | 9.0613 | -0.1462 | -0.0000 | 9.0674 | 0.1329 | 0.0000 | 
15.4399 | -0.0060 | -0.0000 | 2.7793 | -0.0074 | 0.0000 | 9.1066 | -0.1469 | -0.0000 | 9.1127 | 0.1335 | 0.0000 | 
15.5169 | -0.0060 | -0.0000 | 2.7929 | -0.0074 | -0.0000 | 9.1518 | -0.1476 | -0.0000 | 9.1579 | 0.1342 | 0.0000 | 
15.5938 | -0.0060 | -0.0000 | 2.8065 | -0.0074 | 0.0000 | 9.1971 | -0.1482 | -0.0000 | 9.2032 | 0.1348 | 0.0000 | 
15.6708 | -0.0060 | -0.0000 | 2.8200 | -0.0074 | 0.0000 | 9.2423 | -0.1489 | -0.0000 | 9.2485 | 0.1355 | 0.0000 | 
15.7477 | -0.0060 | -0.0000 | 2.8336 | -0.0074 | -0.0000 | 9.2875 | -0.1496 | -0.0000 | 9.2937 | 0.1361 | 0.0000 | 
15.8247 | -0.0060 | -0.0000 | 2.8471 | -0.0075 | -0.0000 | 9.3328 | -0.1502 | -0.0000 | 9.3390 | 0.1368 | 0.0000 | 
15.9016 | -0.0060 | -0.0000 | 2.8607 | -0.0075 | -0.0000 | 9.3780 | -0.1509 | -0.0000 | 9.3843 | 0.1375 | 0.0000 | 
15.9786 | -0.0060 | -0.0000 | 2.8742 | -0.0075 | -0.0000 | 9.4233 | -0.1516 | -0.0000 | 9.4296 | 0.1381 | 0.0000 | 
16.0556 | -0.0060 | 0.0000 | 2.8878 | -0.0075 | -0.0000 | 9.4685 | -0.1523 | -0.0000 | 9.4748 | 0.1388 | 0.0000 | 
16.1325 | -0.0060 | 0.0000 | 2.9013 | -0.0075 | -0.0000 | 9.5138 | -0.1529 | -0.0000 | 9.5201 | 0.1394 | 0.0000 | 
16.2095 | -0.0060 | 0.0000 | 2.9149 | -0.0075 | -0.0000 | 9.5590 | -0.1536 | -0.0000 | 9.5654 | 0.1401 | 0.0000 | 
16.2865 | -0.0061 | -0.0000 | 2.9284 | -0.0075 | -0.0000 | 9.6042 | -0.1543 | -0.0000 | 9.6107 | 0.1407 | 0.0000 | 
16.3635 | -0.0061 | -0.0000 | 2.9419 | -0.0075 | -0.0000 | 9.6495 | -0.1549 | -0.0000 | 9.6559 | 0.1414 | 0.0000 | 
16.4405 | -0.0061 | -0.0000 | 2.9555 | -0.0075 | 0.0000 | 9.6947 | -0.1556 | -0.0000 | 9.7012 | 0.1421 | 0.0000 | 
16.5174 | -0.0061 | 0.0000 | 2.9690 | -0.0075 | 0.0000 | 9.7400 | -0.1563 | -0.0000 | 9.7465 | 0.1427 | 0.0000 | 
16.5944 | -0.0061 | 0.0000 | 2.9825 | -0.0075 | -0.0000 | 9.7852 | -0.1569 | -0.0000 | 9.7917 | 0.1434 | 0.0000 | 
16.6714 | -0.0061 | 0.0000 | 2.9960 | -0.0075 | -0.0000 | 9.8304 | -0.1576 | -0.0000 | 9.8370 | 0.1440 | 0.0000 | 
16.7484 | -0.0061 | 0.0000 | 3.0095 | -0.0075 | -0.0000 | 9.8757 | -0.1583 | -0.0000 | 9.8823 | 0.1447 | 0.0000 | 
16.8254 | -0.0061 | 0.0000 | 3.0231 | -0.0075 | -0.0000 | 9.9209 | -0.1589 | -0.0000 | 9.9276 | 0.1453 | 0.0000 | 
16.9024 | -0.0061 | -0.0000 | 3.0366 | -0.0075 | -0.0000 | 9.9662 | -0.1596 | -0.0000 | 9.9728 | 0.1460 | 0.0000 | 
16.9794 | -0.0061 | -0.0000 | 3.0501 | -0.0075 | -0.0000 | 10.0114 | -0.1603 | -0.0000 | 10.0181 | 0.1467 | 0.0000 | 
17.0564 | -0.0061 | -0.0000 | 3.0636 | -0.0075 | -0.0000 | 10.0566 | -0.1609 | -0.0000 | 10.0634 | 0.1473 | 0.0000 | 
17.1335 | -0.0061 | 0.0000 | 3.0771 | -0.0075 | -0.0000 | 10.1019 | -0.1616 | -0.0000 | 10.1087 | 0.1480 | 0.0000 | 
17.2105 | -0.0061 | 0.0000 | 3.0906 | -0.0075 | 0.0000 | 10.1471 | -0.1623 | -0.0000 | 10.1539 | 0.1486 | 0.0000 | 
17.2875 | -0.0061 | 0.0000 | 3.1041 | -0.0075 | 0.0000 | 10.1924 | -0.1629 | -0.0000 | 10.1992 | 0.1493 | 0.0000 | 
17.3645 | -0.0061 | 0.0000 | 3.1175 | -0.0075 | 0.0000 | 10.2376 | -0.1636 | -0.0000 | 10.2445 | 0.1499 | 0.0000 | 
17.4416 | -0.0061 | -0.0000 | 3.1310 | -0.0075 | 0.0000 | 10.2828 | -0.1643 | -0.0000 | 10.2897 | 0.1506 | 0.0000 | 
17.5186 | -0.0062 | 0.0000 | 3.1445 | -0.0075 | 0.0000 | 10.3281 | -0.1649 | -0.0000 | 10.3350 | 0.1512 | 0.0000 | 
17.5956 | -0.0062 | 0.0000 | 3.1580 | -0.0075 | 0.0000 | 10.3733 | -0.1656 | -0.0000 | 10.3803 | 0.1519 | 0.0000 | 
17.6727 | -0.0062 | 0.0000 | 3.1715 | -0.0075 | 0.0000 | 10.4186 | -0.1662 | -0.0000 | 10.4256 | 0.1525 | 0.0000 | 
17.7497 | -0.0062 | -0.0000 | 3.1849 | -0.0076 | 0.0000 | 10.4638 | -0.1669 | -0.0000 | 10.4708 | 0.1532 | 0.0000 | 
17.8267 | -0.0062 | -0.0000 | 3.1984 | -0.0076 | 0.0000 | 10.5090 | -0.1676 | -0.0000 | 10.5161 | 0.1538 | 0.0000 | 
17.9038 | -0.0062 | 0.0000 | 3.2119 | -0.0076 | 0.0000 | 10.5543 | -0.1682 | -0.0000 | 10.5614 | 0.1545 | 0.0000 | 
17.9808 | -0.0062 | 0.0000 | 3.2253 | -0.0076 | 0.0000 | 10.5995 | -0.1689 | -0.0000 | 10.6066 | 0.1551 | 0.0000 | 
18.0579 | -0.0062 | -0.0000 | 3.2388 | -0.0076 | -0.0000 | 10.6448 | -0.1696 | -0.0000 | 10.6519 | 0.1558 | 0.0000 | 
18.1349 | -0.0062 | -0.0000 | 3.2522 | -0.0076 | -0.0000 | 10.6900 | -0.1702 | -0.0000 | 10.6972 | 0.1564 | 0.0000 | 
18.2120 | -0.0062 | -0.0000 | 3.2657 | -0.0076 | -0.0000 | 10.7352 | -0.1709 | -0.0000 | 10.7425 | 0.1571 | 0.0000 | 
18.2891 | -0.0062 | 0.0000 | 3.2791 | -0.0076 | -0.0000 | 10.7805 | -0.1715 | -0.0000 | 10.7877 | 0.1577 | 0.0000 | 
18.3661 | -0.0062 | 0.0000 | 3.2926 | -0.0076 | -0.0000 | 10.8257 | -0.1722 | -0.0000 | 10.8330 | 0.1584 | 0.0000 | 
18.4432 | -0.0062 | -0.0000 | 3.3060 | -0.0076 | -0.0000 | 10.8710 | -0.1729 | -0.0000 | 10.8783 | 0.1590 | 0.0000 | 
18.5203 | -0.0063 | -0.0000 | 3.3195 | -0.0076 | -0.0000 | 10.9162 | -0.1735 | -0.0000 | 10.9235 | 0.1597 | 0.0000 | 
18.5974 | -0.0063 | -0.0000 | 3.3329 | -0.0076 | -0.0000 | 10.9614 | -0.1742 | -0.0000 | 10.9688 | 0.1603 | 0.0000 | 
18.6744 | -0.0063 | -0.0000 | 3.3463 | -0.0076 | 0.0000 | 11.0067 | -0.1749 | -0.0000 | 11.0141 | 0.1610 | 0.0000 | 
18.7515 | -0.0063 | -0.0000 | 3.3598 | -0.0076 | 0.0000 | 11.0519 | -0.1755 | -0.0000 | 11.0594 | 0.1616 | 0.0000 | 
18.8286 | -0.0063 | -0.0000 | 3.3732 | -0.0076 | 0.0000 | 11.0972 | -0.1762 | -0.0000 | 11.1046 | 0.1623 | 0.0000 | 
18.9057 | -0.0063 | -0.0000 | 3.3866 | -0.0076 | -0.0000 | 11.1424 | -0.1768 | -0.0000 | 11.1499 | 0.1629 | 0.0000 | 
18.9828 | -0.0063 | -0.0000 | 3.4000 | -0.0076 | -0.0000 | 11.1876 | -0.1775 | -0.0000 | 11.1952 | 0.1636 | 0.0000 | 
19.0599 | -0.0063 | -0.0000 | 3.4134 | -0.0076 | -0.0000 | 11.2329 | -0.1781 | -0.0000 | 11.2405 | 0.1642 | 0.0000 | 
19.1370 | -0.0063 | 0.0000 | 3.4269 | -0.0076 | -0.0000 | 11.2781 | -0.1788 | -0.0000 | 11.2857 | 0.1649 | 0.0000 | 
19.2141 | -0.0063 | 0.0000 | 3.4403 | -0.0076 | -0.0000 | 11.3234 | -0.1794 | -0.0000 | 11.3310 | 0.1655 | 0.0000 | 
19.2912 | -0.0063 | 0.0000 | 3.4537 | -0.0076 | -0.0000 | 11.3686 | -0.1801 | -0.0000 | 11.3763 | 0.1662 | 0.0000 | 
19.3683 | -0.0063 | 0.0000 | 3.4671 | -0.0076 | -0.0000 | 11.4138 | -0.1808 | -0.0000 | 11.4215 | 0.1668 | 0.0000 | 
19.4454 | -0.0063 | 0.0000 | 3.4805 | -0.0076 | 0.0000 | 11.4591 | -0.1814 | -0.0000 | 11.4668 | 0.1675 | 0.0000 | 
19.5225 | -0.0063 | 0.0000 | 3.4939 | -0.0076 | -0.0000 | 11.5043 | -0.1821 | -0.0000 | 11.5121 | 0.1681 | 0.0000 | 
19.5997 | -0.0063 | 0.0000 | 3.5072 | -0.0076 | -0.0000 | 11.5496 | -0.1827 | -0.0000 | 11.5574 | 0.1688 | 0.0000 | 
19.6768 | -0.0063 | -0.0000 | 3.5206 | -0.0076 | -0.0000 | 11.5948 | -0.1834 | -0.0000 | 11.6026 | 0.1694 | 0.0000 | 
19.7539 | -0.0063 | -0.0000 | 3.5340 | -0.0076 | -0.0000 | 11.6400 | -0.1840 | -0.0000 | 11.6479 | 0.1701 | 0.0000 | 
19.8311 | -0.0063 | -0.0000 | 3.5474 | -0.0077 | -0.0000 | 11.6853 | -0.1847 | -0.0000 | 11.6932 | 0.1707 | 0.0000 | 
19.9082 | -0.0063 | -0.0000 | 3.5608 | -0.0077 | 0.0000 | 11.7305 | -0.1853 | -0.0000 | 11.7384 | 0.1714 | 0.0000 | 
19.9853 | -0.0063 | -0.0000 | 3.5741 | -0.0077 | 0.0000 | 11.7758 | -0.1860 | -0.0000 | 11.7837 | 0.1720 | 0.0000 | 
20.0625 | -0.0063 | -0.0000 | 3.5875 | -0.0077 | 0.0000 | 11.8210 | -0.1867 | -0.0000 | 11.8290 | 0.1726 | 0.0000 | 
20.1396 | -0.0064 | -0.0000 | 3.6009 | -0.0077 | 0.0000 | 11.8662 | -0.1873 | -0.0000 | 11.8743 | 0.1733 | 0.0000 | 
20.2168 | -0.0064 | -0.0000 | 3.6142 | -0.0077 | -0.0000 | 11.9115 | -0.1880 | -0.0000 | 11.9195 | 0.1739 | 0.0000 | 
20.2939 | -0.0064 | -0.0000 | 3.6276 | -0.0077 | -0.0000 | 11.9567 | -0.1886 | -0.0000 | 11.9648 | 0.1746 | 0.0000 | 
20.3711 | -0.0064 | -0.0000 | 3.6410 | -0.0077 | -0.0000 | 12.0020 | -0.1893 | -0.0000 | 12.0101 | 0.1752 | 0.0000 | 
20.4482 | -0.0064 | -0.0000 | 3.6543 | -0.0077 | -0.0000 | 12.0472 | -0.1899 | -0.0000 | 12.0554 | 0.1759 | 0.0000 | 
20.5254 | -0.0064 | -0.0000 | 3.6677 | -0.0077 | -0.0000 | 12.0924 | -0.1906 | -0.0000 | 12.1006 | 0.1765 | 0.0000 | 
20.6026 | -0.0064 | -0.0000 | 3.6810 | -0.0077 | -0.0000 | 12.1377 | -0.1912 | -0.0000 | 12.1459 | 0.1772 | 0.0000 | 
20.6798 | -0.0064 | -0.0000 | 3.6943 | -0.0077 | -0.0000 | 12.1829 | -0.1919 | -0.0000 | 12.1912 | 0.1778 | 0.0000 | 
20.7569 | -0.0064 | -0.0000 | 3.7077 | -0.0077 | -0.0000 | 12.2282 | -0.1925 | -0.0000 | 12.2364 | 0.1784 | 0.0000 | 
20.8341 | -0.0064 | -0.0000 | 3.7210 | -0.0077 | -0.0000 | 12.2734 | -0.1932 | -0.0000 | 12.2817 | 0.1791 | 0.0000 | 
20.9113 | -0.0064 | -0.0000 | 3.7343 | -0.0077 | -0.0000 | 12.3186 | -0.1938 | -0.0000 | 12.3270 | 0.1797 | 0.0000 | 
20.9885 | -0.0064 | -0.0000 | 3.7477 | -0.0077 | -0.0000 | 12.3639 | -0.1945 | -0.0000 | 12.3723 | 0.1804 | 0.0000 | 
21.0657 | -0.0064 | -0.0000 | 3.7610 | -0.0077 | -0.0000 | 12.4091 | -0.1951 | -0.0000 | 12.4175 | 0.1810 | 0.0000 | 
21.1429 | -0.0064 | -0.0000 | 3.7743 | -0.0077 | -0.0000 | 12.4544 | -0.1958 | -0.0000 | 12.4628 | 0.1816 | 0.0000 | 
21.2201 | -0.0064 | -0.0000 | 3.7876 | -0.0077 | -0.0000 | 12.4996 | -0.1964 | -0.0000 | 12.5081 | 0.1823 | 0.0000 | 
21.2973 | -0.0064 | -0.0000 | 3.8009 | -0.0077 | -0.0000 | 12.5448 | -0.1971 | -0.0000 | 12.5533 | 0.1829 | 0.0000 | 
21.3745 | -0.0064 | -0.0000 | 3.8142 | -0.0077 | -0.0000 | 12.5901 | -0.1977 | -0.0000 | 12.5986 | 0.1836 | 0.0000 | 
21.4517 | -0.0064 | -0.0000 | 3.8275 | -0.0077 | -0.0000 | 12.6353 | -0.1984 | -0.0000 | 12.6439 | 0.1842 | 0.0000 | 
21.5289 | -0.0065 | -0.0000 | 3.8408 | -0.0077 | -0.0000 | 12.6806 | -0.1990 | -0.0000 | 12.6892 | 0.1848 | 0.0000 | 
21.6061 | -0.0065 | -0.0000 | 3.8541 | -0.0077 | -0.0000 | 12.7258 | -0.1997 | -0.0000 | 12.7344 | 0.1855 | 0.0000 | 
21.6833 | -0.0065 | -0.0000 | 3.8674 | -0.0077 | -0.0000 | 12.7710 | -0.2003 | -0.0000 | 12.7797 | 0.1861 | 0.0000 | 
21.7605 | -0.0065 | -0.0000 | 3.8807 | -0.0078 | -0.0000 | 12.8163 | -0.2010 | -0.0000 | 12.8250 | 0.1868 | 0.0000 | 
21.8378 | -0.0065 | -0.0000 | 3.8940 | -0.0078 | -0.0000 | 12.8615 | -0.2016 | -0.0000 | 12.8703 | 0.1874 | 0.0000 | 
21.9150 | -0.0065 | -0.0000 | 3.9073 | -0.0078 | -0.0000 | 12.9068 | -0.2023 | -0.0000 | 12.9155 | 0.1880 | 0.0000 | 
21.9922 | -0.0065 | -0.0000 | 3.9206 | -0.0078 | -0.0000 | 12.9520 | -0.2029 | -0.0000 | 12.9608 | 0.1887 | 0.0000 | 
22.0695 | -0.0065 | -0.0000 | 3.9338 | -0.0078 | -0.0000 | 12.9972 | -0.2036 | -0.0000 | 13.0061 | 0.1893 | 0.0000 | 
22.1467 | -0.0065 | -0.0000 | 3.9471 | -0.0078 | -0.0000 | 13.0425 | -0.2042 | -0.0000 | 13.0513 | 0.1900 | 0.0000 | 
22.2240 | -0.0065 | -0.0000 | 3.9604 | -0.0078 | -0.0000 | 13.0877 | -0.2049 | -0.0000 | 13.0966 | 0.1906 | 0.0000 | 
22.3012 | -0.0065 | -0.0000 | 3.9736 | -0.0078 | -0.0000 | 13.1330 | -0.2055 | -0.0000 | 13.1419 | 0.1912 | 0.0000 | 
22.3785 | -0.0065 | -0.0000 | 3.9869 | -0.0078 | -0.0000 | 13.1782 | -0.2062 | -0.0000 | 13.1872 | 0.1919 | 0.0000 | 
22.4557 | -0.0065 | -0.0000 | 4.0002 | -0.0078 | -0.0000 | 13.2234 | -0.2068 | -0.0000 | 13.2324 | 0.1925 | 0.0000 | 
22.5330 | -0.0065 | -0.0000 | 4.0134 | -0.0078 | -0.0000 | 13.2687 | -0.2075 | -0.0000 | 13.2777 | 0.1931 | 0.0000 | 
22.6102 | -0.0065 | -0.0000 | 4.0267 | -0.0078 | -0.0000 | 13.3139 | -0.2081 | -0.0000 | 13.3230 | 0.1938 | 0.0000 | 
22.6875 | -0.0065 | -0.0000 | 4.0399 | -0.0078 | -0.0000 | 13.3592 | -0.2087 | -0.0000 | 13.3683 | 0.1944 | 0.0000 | 
22.7648 | -0.0066 | -0.0000 | 4.0531 | -0.0078 | -0.0000 | 13.4044 | -0.2094 | -0.0000 | 13.4135 | 0.1951 | 0.0000 | 
22.8421 | -0.0066 | -0.0000 | 4.0664 | -0.0078 | -0.0000 | 13.4496 | -0.2100 | -0.0000 | 13.4588 | 0.1957 | 0.0000 | 
22.9193 | -0.0066 | -0.0000 | 4.0796 | -0.0078 | -0.0000 | 13.4949 | -0.2107 | -0.0000 | 13.5041 | 0.1963 | 0.0000 | 
22.9966 | -0.0066 | -0.0000 | 4.0928 | -0.0078 | -0.0000 | 13.5401 | -0.2113 | -0.0000 | 13.5493 | 0.1970 | 0.0000 | 
23.0739 | -0.0066 | -0.0000 | 4.1061 | -0.0078 | -0.0000 | 13.5853 | -0.2120 | -0.0000 | 13.5946 | 0.1976 | 0.0000 | 
23.1512 | -0.0066 | -0.0000 | 4.1193 | -0.0078 | -0.0000 | 13.6306 | -0.2126 | -0.0000 | 13.6399 | 0.1982 | 0.0000 | 
23.2285 | -0.0066 | -0.0000 | 4.1325 | -0.0078 | -0.0000 | 13.6758 | -0.2132 | -0.0000 | 13.6852 | 0.1989 | 0.0000 | 
23.3058 | -0.0066 | -0.0000 | 4.1457 | -0.0078 | -0.0000 | 13.7211 | -0.2139 | -0.0000 | 13.7304 | 0.1995 | 0.0000 | 
23.3831 | -0.0066 | -0.0000 | 4.1589 | -0.0078 | -0.0000 | 13.7663 | -0.2145 | -0.0000 | 13.7757 | 0.2001 | 0.0000 | 
23.4604 | -0.0066 | -0.0000 | 4.1721 | -0.0078 | -0.0000 | 13.8115 | -0.2152 | -0.0000 | 13.8210 | 0.2008 | 0.0000 | 
23.5377 | -0.0066 | -0.0000 | 4.1853 | -0.0078 | -0.0000 | 13.8568 | -0.2158 | -0.0000 | 13.8662 | 0.2014 | 0.0000 | 
23.6150 | -0.0066 | -0.0000 | 4.1985 | -0.0078 | -0.0000 | 13.9020 | -0.2165 | -0.0000 | 13.9115 | 0.2021 | 0.0000 | 
23.6923 | -0.0066 | -0.0000 | 4.2117 | -0.0078 | -0.0000 | 13.9473 | -0.2171 | -0.0000 | 13.9568 | 0.2027 | 0.0000 | 
23.7696 | -0.0066 | -0.0000 | 4.2249 | -0.0078 | -0.0000 | 13.9925 | -0.2177 | -0.0000 | 14.0021 | 0.2033 | 0.0000 | 
23.8470 | -0.0066 | -0.0000 | 4.2381 | -0.0078 | -0.0000 | 14.0377 | -0.2184 | -0.0000 | 14.0473 | 0.2040 | 0.0000 | 
23.9243 | -0.0066 | -0.0000 | 4.2513 | -0.0078 | -0.0000 | 14.0830 | -0.2190 | -0.0000 | 14.0926 | 0.2046 | 0.0000 | 
24.0016 | -0.0066 | -0.0000 | 4.2645 | -0.0078 | -0.0000 | 14.1282 | -0.2197 | -0.0000 | 14.1379 | 0.2052 | 0.0000 | 
24.0790 | -0.0066 | -0.0000 | 4.2776 | -0.0078 | -0.0000 | 14.1734 | -0.2203 | -0.0000 | 14.1831 | 0.2059 | 0.0000 | 
24.1563 | -0.0066 | -0.0000 | 4.2908 | -0.0078 | -0.0000 | 14.2187 | -0.2209 | -0.0000 | 14.2284 | 0.2065 | 0.0000 | 
24.2336 | -0.0066 | -0.0000 | 4.3040 | -0.0078 | -0.0000 | 14.2639 | -0.2216 | -0.0000 | 14.2737 | 0.2071 | 0.0000 | 
24.3110 | -0.0066 | -0.0000 | 4.3171 | -0.0078 | -0.0000 | 14.3092 | -0.2222 | -0.0000 | 14.3190 | 0.2078 | 0.0000 | 
24.3883 | -0.0066 | -0.0000 | 4.3303 | -0.0078 | -0.0000 | 14.3544 | -0.2228 | -0.0000 | 14.3642 | 0.2084 | 0.0000 | 
24.4657 | -0.0066 | -0.0000 | 4.3435 | -0.0078 | -0.0000 | 14.3996 | -0.2235 | -0.0000 | 14.4095 | 0.2090 | 0.0000 | 
24.5430 | -0.0066 | -0.0000 | 4.3566 | -0.0078 | -0.0000 | 14.4449 | -0.2241 | -0.0000 | 14.4548 | 0.2097 | 0.0000 | 
24.6204 | -0.0067 | -0.0000 | 4.3698 | -0.0078 | -0.0000 | 14.4901 | -0.2248 | -0.0000 | 14.5000 | 0.2103 | 0.0000 | 
24.6978 | -0.0067 | -0.0000 | 4.3829 | -0.0078 | -0.0000 | 14.5354 | -0.2254 | -0.0000 | 14.5453 | 0.2109 | 0.0000 | 
24.7751 | -0.0067 | -0.0000 | 4.3960 | -0.0078 | -0.0000 | 14.5806 | -0.2260 | -0.0000 | 14.5906 | 0.2115 | 0.0000 | 
24.8525 | -0.0067 | -0.0000 | 4.4092 | -0.0078 | -0.0000 | 14.6258 | -0.2267 | -0.0000 | 14.6359 | 0.2122 | 0.0000 | 
24.9299 | -0.0067 | -0.0000 | 4.4223 | -0.0078 | -0.0000 | 14.6711 | -0.2273 | -0.0000 | 14.6811 | 0.2128 | 0.0000 | 
25.0073 | -0.0067 | -0.0000 | 4.4355 | -0.0078 | -0.0000 | 14.7163 | -0.2279 | -0.0000 | 14.7264 | 0.2134 | 0.0000 | 
25.0846 | -0.0067 | -0.0000 | 4.4486 | -0.0078 | -0.0000 | 14.7615 | -0.2286 | -0.0000 | 14.7717 | 0.2141 | 0.0000 | 
25.1620 | -0.0067 | -0.0000 | 4.4617 | -0.0078 | -0.0000 | 14.8068 | -0.2292 | -0.0000 | 14.8169 | 0.2147 | 0.0000 | 
25.2394 | -0.0067 | -0.0000 | 4.4748 | -0.0078 | -0.0000 | 14.8520 | -0.2299 | -0.0000 | 14.8622 | 0.2153 | 0.0000 | 
25.3168 | -0.0067 | -0.0000 | 4.4879 | -0.0079 | -0.0000 | 14.8973 | -0.2305 | -0.0000 | 14.9075 | 0.2159 | 0.0000 | 
25.3942 | -0.0067 | -0.0000 | 4.5010 | -0.0079 | -0.0000 | 14.9425 | -0.2311 | -0.0000 | 14.9528 | 0.2166 | 0.0000 | 
25.4716 | -0.0067 | -0.0000 | 4.5141 | -0.0079 | -0.0000 | 14.9877 | -0.2318 | -0.0000 | 14.9980 | 0.2172 | 0.0000 | 
25.5490 | -0.0067 | -0.0000 | 4.5273 | -0.0079 | -0.0000 | 15.0330 | -0.2324 | -0.0000 | 15.0433 | 0.2178 | 0.0000 | 
25.6264 | -0.0067 | -0.0000 | 4.5404 | -0.0079 | -0.0000 | 15.0782 | -0.2330 | -0.0000 | 15.0886 | 0.2185 | 0.0000 | 
25.6301 | -0.0067 | -0.0000 | 4.5410 | -0.0079 | -0.0000 | 15.0803 | -0.2331 | -0.0000 | 15.0907 | 0.2185 | 0.0000 | 
