Test angle: 30
Mesh element_496 : S11 | S22 | S33 | S12 | E11 | E22 | E33 | 2*E12 | EPbar 
0.000 | 0.000 | 0.000 | 0.000 | 0.0000 |0.0000 |0.0000 |0.0000 |0.0000 |
0.503 | -0.000 | 0.000 | -0.000 | 0.0000 |-0.0000 |0.0000 |-0.0000 |0.0000 |
1.005 | 0.000 | 0.000 | -0.000 | 0.0000 |-0.0000 |0.0000 |-0.0000 |0.0000 |
1.759 | 0.000 | 0.000 | -0.000 | 0.0000 |-0.0000 |0.0000 |-0.0000 |0.0000 |
2.891 | 0.000 | 0.000 | -0.000 | 0.0000 |-0.0000 |0.0000 |-0.0000 |0.0000 |
4.587 | 0.000 | 0.000 | -0.000 | 0.0001 |-0.0000 |0.0000 |-0.0000 |0.0000 |
7.132 | 0.000 | 0.000 | -0.000 | 0.0001 |-0.0000 |0.0000 |-0.0000 |0.0000 |
10.949 | -0.000 | 0.000 | -0.000 | 0.0002 |-0.0001 |0.0000 |-0.0000 |0.0000 |
16.675 | 0.000 | 0.000 | -0.000 | 0.0002 |-0.0001 |0.0000 |-0.0000 |0.0000 |
25.262 | 0.000 | 0.000 | -0.000 | 0.0004 |-0.0001 |0.0000 |-0.0000 |0.0000 |
38.142 | 0.000 | 0.000 | -0.000 | 0.0005 |-0.0002 |0.0000 |-0.0000 |0.0000 |
57.458 | -0.000 | 0.000 | -0.000 | 0.0008 |-0.0003 |0.0000 |-0.0000 |0.0000 |
82.576 | 0.000 | 0.000 | -0.000 | 0.0012 |-0.0004 |0.0000 |-0.0000 |0.0000 |
103.205 | 0.000 | 0.000 | -0.000 | 0.0016 |-0.0005 |0.0000 |-0.0000 |0.0001 |
103.623 | 0.000 | 0.000 | -0.000 | 0.0017 |-0.0005 |0.0000 |-0.0000 |0.0002 |
104.238 | 0.000 | 0.000 | -0.001 | 0.0018 |-0.0006 |0.0000 |-0.0000 |0.0003 |
105.139 | 0.000 | 0.000 | -0.002 | 0.0021 |-0.0006 |0.0000 |-0.0000 |0.0005 |
106.449 | -0.000 | 0.000 | -0.003 | 0.0025 |-0.0007 |0.0000 |-0.0000 |0.0008 |
107.945 | -0.000 | 0.000 | -0.004 | 0.0029 |-0.0008 |0.0000 |-0.0001 |0.0012 |
109.386 | -0.000 | 0.000 | -0.005 | 0.0033 |-0.0009 |0.0000 |-0.0001 |0.0016 |
110.778 | -0.000 | 0.000 | -0.006 | 0.0038 |-0.0011 |0.0000 |-0.0001 |0.0020 |
112.126 | 0.000 | 0.000 | -0.008 | 0.0042 |-0.0012 |0.0000 |-0.0001 |0.0024 |
113.432 | 0.000 | 0.000 | -0.009 | 0.0046 |-0.0013 |0.0000 |-0.0002 |0.0027 |
114.702 | -0.000 | 0.000 | -0.010 | 0.0050 |-0.0014 |0.0000 |-0.0002 |0.0031 |
115.937 | 0.000 | 0.000 | -0.012 | 0.0055 |-0.0015 |0.0000 |-0.0002 |0.0035 |
117.138 | 0.000 | 0.000 | -0.013 | 0.0059 |-0.0016 |0.0000 |-0.0002 |0.0038 |
118.310 | 0.000 | 0.000 | -0.014 | 0.0063 |-0.0017 |0.0000 |-0.0002 |0.0042 |
119.453 | 0.000 | 0.000 | -0.016 | 0.0067 |-0.0018 |0.0000 |-0.0003 |0.0046 |
120.569 | 0.000 | 0.000 | -0.017 | 0.0072 |-0.0019 |0.0000 |-0.0003 |0.0050 |
121.659 | 0.000 | 0.000 | -0.019 | 0.0076 |-0.0020 |0.0000 |-0.0003 |0.0053 |
122.726 | 0.000 | 0.000 | -0.020 | 0.0080 |-0.0021 |0.0000 |-0.0003 |0.0057 |
123.770 | 0.000 | 0.000 | -0.022 | 0.0084 |-0.0022 |0.0000 |-0.0004 |0.0061 |
124.792 | 0.000 | 0.000 | -0.023 | 0.0088 |-0.0023 |0.0000 |-0.0004 |0.0064 |
125.793 | 0.000 | 0.000 | -0.025 | 0.0093 |-0.0024 |0.0000 |-0.0004 |0.0068 |
126.775 | 0.000 | 0.000 | -0.027 | 0.0097 |-0.0025 |0.0000 |-0.0004 |0.0072 |
127.739 | 0.000 | 0.000 | -0.028 | 0.0101 |-0.0026 |0.0000 |-0.0004 |0.0076 |
128.684 | 0.000 | 0.000 | -0.030 | 0.0105 |-0.0027 |0.0000 |-0.0005 |0.0079 |
129.612 | 0.000 | 0.000 | -0.031 | 0.0109 |-0.0028 |0.0000 |-0.0005 |0.0083 |
130.524 | 0.000 | 0.000 | -0.033 | 0.0114 |-0.0029 |0.0000 |-0.0005 |0.0087 |
131.421 | 0.000 | 0.000 | -0.035 | 0.0118 |-0.0030 |0.0000 |-0.0005 |0.0090 |
132.302 | 0.000 | 0.000 | -0.036 | 0.0122 |-0.0032 |0.0000 |-0.0006 |0.0094 |
133.169 | 0.000 | 0.000 | -0.038 | 0.0126 |-0.0033 |0.0000 |-0.0006 |0.0098 |
134.022 | 0.000 | 0.000 | -0.040 | 0.0130 |-0.0034 |0.0000 |-0.0006 |0.0101 |
134.862 | 0.000 | 0.000 | -0.041 | 0.0135 |-0.0035 |0.0000 |-0.0006 |0.0105 |
135.688 | 0.000 | 0.000 | -0.043 | 0.0139 |-0.0036 |0.0000 |-0.0006 |0.0109 |
136.503 | 0.000 | 0.000 | -0.045 | 0.0143 |-0.0037 |0.0000 |-0.0007 |0.0113 |
137.305 | 0.000 | 0.000 | -0.047 | 0.0147 |-0.0038 |0.0000 |-0.0007 |0.0116 |
138.096 | 0.000 | 0.000 | -0.048 | 0.0151 |-0.0039 |0.0000 |-0.0007 |0.0120 |
138.876 | 0.000 | 0.000 | -0.050 | 0.0155 |-0.0040 |0.0000 |-0.0007 |0.0124 |
139.645 | 0.000 | 0.000 | -0.052 | 0.0160 |-0.0041 |0.0000 |-0.0008 |0.0127 |
140.404 | 0.000 | 0.000 | -0.054 | 0.0164 |-0.0042 |0.0000 |-0.0008 |0.0131 |
141.152 | 0.000 | 0.000 | -0.056 | 0.0168 |-0.0043 |0.0000 |-0.0008 |0.0135 |
141.890 | 0.000 | 0.000 | -0.057 | 0.0172 |-0.0044 |0.0000 |-0.0008 |0.0138 |
142.619 | 0.000 | 0.000 | -0.059 | 0.0176 |-0.0045 |0.0000 |-0.0008 |0.0142 |
143.340 | 0.000 | 0.000 | -0.061 | 0.0180 |-0.0046 |0.0000 |-0.0009 |0.0146 |
144.050 | 0.000 | 0.000 | -0.063 | 0.0184 |-0.0047 |0.0000 |-0.0009 |0.0149 |
144.753 | 0.000 | 0.000 | -0.065 | 0.0189 |-0.0048 |0.0000 |-0.0009 |0.0153 |
145.446 | 0.000 | 0.000 | -0.067 | 0.0193 |-0.0049 |0.0000 |-0.0009 |0.0157 |
146.132 | 0.000 | 0.000 | -0.068 | 0.0197 |-0.0050 |0.0000 |-0.0009 |0.0161 |
146.810 | 0.000 | 0.000 | -0.070 | 0.0201 |-0.0051 |0.0000 |-0.0010 |0.0164 |
147.479 | 0.000 | 0.000 | -0.072 | 0.0205 |-0.0052 |0.0000 |-0.0010 |0.0168 |
148.142 | 0.000 | 0.000 | -0.074 | 0.0209 |-0.0053 |0.0000 |-0.0010 |0.0172 |
148.797 | 0.000 | 0.000 | -0.076 | 0.0213 |-0.0054 |0.0000 |-0.0010 |0.0175 |
149.445 | 0.000 | 0.000 | -0.078 | 0.0217 |-0.0055 |0.0000 |-0.0011 |0.0179 |
150.085 | 0.000 | 0.000 | -0.080 | 0.0222 |-0.0056 |0.0000 |-0.0011 |0.0183 |
150.720 | 0.000 | 0.000 | -0.082 | 0.0226 |-0.0057 |0.0000 |-0.0011 |0.0186 |
151.347 | 0.000 | 0.000 | -0.084 | 0.0230 |-0.0058 |0.0000 |-0.0011 |0.0190 |
151.968 | 0.000 | 0.000 | -0.086 | 0.0234 |-0.0059 |0.0000 |-0.0011 |0.0194 |
152.583 | 0.000 | 0.000 | -0.088 | 0.0238 |-0.0060 |0.0000 |-0.0012 |0.0197 |
153.191 | 0.000 | 0.000 | -0.090 | 0.0242 |-0.0061 |0.0000 |-0.0012 |0.0201 |
153.793 | 0.000 | 0.000 | -0.092 | 0.0246 |-0.0062 |0.0000 |-0.0012 |0.0205 |
154.390 | 0.000 | 0.000 | -0.094 | 0.0250 |-0.0063 |0.0000 |-0.0012 |0.0208 |
154.981 | 0.000 | 0.000 | -0.096 | 0.0254 |-0.0064 |0.0000 |-0.0013 |0.0212 |
155.566 | 0.000 | 0.000 | -0.098 | 0.0259 |-0.0065 |0.0000 |-0.0013 |0.0216 |
156.146 | 0.000 | 0.000 | -0.100 | 0.0263 |-0.0066 |0.0000 |-0.0013 |0.0219 |
156.720 | 0.000 | 0.000 | -0.102 | 0.0267 |-0.0067 |0.0000 |-0.0013 |0.0223 |
157.289 | 0.000 | 0.000 | -0.104 | 0.0271 |-0.0068 |0.0000 |-0.0013 |0.0227 |
157.853 | 0.000 | 0.000 | -0.106 | 0.0275 |-0.0069 |0.0000 |-0.0014 |0.0230 |
158.412 | 0.000 | 0.000 | -0.108 | 0.0279 |-0.0070 |0.0000 |-0.0014 |0.0234 |
158.966 | 0.000 | 0.000 | -0.110 | 0.0283 |-0.0071 |0.0000 |-0.0014 |0.0238 |
159.515 | 0.000 | 0.000 | -0.112 | 0.0287 |-0.0072 |0.0000 |-0.0014 |0.0241 |
160.059 | 0.000 | 0.000 | -0.114 | 0.0291 |-0.0073 |0.0000 |-0.0015 |0.0245 |
160.599 | 0.000 | 0.000 | -0.116 | 0.0295 |-0.0074 |0.0000 |-0.0015 |0.0249 |
161.134 | 0.000 | 0.000 | -0.119 | 0.0300 |-0.0075 |0.0000 |-0.0015 |0.0252 |
161.665 | 0.000 | 0.000 | -0.121 | 0.0304 |-0.0076 |0.0000 |-0.0015 |0.0256 |
162.191 | 0.000 | 0.000 | -0.123 | 0.0308 |-0.0077 |0.0000 |-0.0015 |0.0260 |
162.713 | 0.000 | 0.000 | -0.125 | 0.0312 |-0.0078 |0.0000 |-0.0016 |0.0263 |
163.231 | 0.000 | 0.000 | -0.127 | 0.0316 |-0.0079 |0.0000 |-0.0016 |0.0267 |
163.745 | 0.000 | 0.000 | -0.129 | 0.0320 |-0.0080 |0.0000 |-0.0016 |0.0271 |
164.254 | 0.000 | 0.000 | -0.131 | 0.0324 |-0.0081 |0.0000 |-0.0016 |0.0274 |
164.760 | 0.000 | 0.000 | -0.133 | 0.0328 |-0.0082 |0.0000 |-0.0017 |0.0278 |
165.262 | 0.000 | 0.000 | -0.136 | 0.0332 |-0.0083 |0.0000 |-0.0017 |0.0282 |
165.760 | 0.000 | 0.000 | -0.138 | 0.0336 |-0.0084 |0.0000 |-0.0017 |0.0285 |
166.254 | 0.000 | 0.000 | -0.140 | 0.0340 |-0.0085 |0.0000 |-0.0017 |0.0289 |
166.745 | 0.000 | 0.000 | -0.142 | 0.0344 |-0.0086 |0.0000 |-0.0017 |0.0293 |
167.231 | 0.000 | 0.000 | -0.144 | 0.0348 |-0.0087 |0.0000 |-0.0018 |0.0296 |
167.715 | 0.000 | 0.000 | -0.146 | 0.0353 |-0.0088 |0.0000 |-0.0018 |0.0300 |
168.195 | 0.000 | 0.000 | -0.149 | 0.0357 |-0.0089 |0.0000 |-0.0018 |0.0303 |
168.671 | 0.000 | 0.000 | -0.151 | 0.0361 |-0.0090 |0.0000 |-0.0018 |0.0307 |
169.144 | 0.000 | 0.000 | -0.153 | 0.0365 |-0.0091 |0.0000 |-0.0019 |0.0311 |
169.613 | 0.000 | 0.000 | -0.155 | 0.0369 |-0.0092 |0.0000 |-0.0019 |0.0314 |
170.079 | 0.000 | 0.000 | -0.158 | 0.0373 |-0.0093 |0.0000 |-0.0019 |0.0318 |
170.542 | 0.000 | 0.000 | -0.160 | 0.0377 |-0.0094 |0.0000 |-0.0019 |0.0322 |
171.002 | 0.000 | 0.000 | -0.162 | 0.0381 |-0.0095 |0.0000 |-0.0019 |0.0325 |
171.459 | 0.000 | 0.000 | -0.164 | 0.0385 |-0.0096 |0.0000 |-0.0020 |0.0329 |
171.912 | 0.000 | 0.000 | -0.166 | 0.0389 |-0.0097 |0.0000 |-0.0020 |0.0333 |
172.363 | 0.000 | 0.000 | -0.169 | 0.0393 |-0.0098 |0.0000 |-0.0020 |0.0336 |
172.811 | 0.000 | 0.000 | -0.171 | 0.0397 |-0.0099 |0.0000 |-0.0020 |0.0340 |
173.255 | 0.000 | 0.000 | -0.173 | 0.0401 |-0.0100 |0.0000 |-0.0021 |0.0344 |
173.697 | 0.000 | 0.000 | -0.176 | 0.0405 |-0.0101 |0.0000 |-0.0021 |0.0347 |
174.136 | 0.000 | 0.000 | -0.178 | 0.0409 |-0.0102 |0.0000 |-0.0021 |0.0351 |
174.572 | 0.000 | 0.000 | -0.180 | 0.0413 |-0.0103 |0.0000 |-0.0021 |0.0354 |
175.005 | 0.000 | 0.000 | -0.182 | 0.0417 |-0.0104 |0.0000 |-0.0021 |0.0358 |
175.436 | 0.000 | 0.000 | -0.185 | 0.0421 |-0.0105 |0.0000 |-0.0022 |0.0362 |
175.864 | 0.000 | 0.000 | -0.187 | 0.0425 |-0.0106 |0.0000 |-0.0022 |0.0365 |
176.289 | 0.000 | 0.000 | -0.189 | 0.0430 |-0.0107 |0.0000 |-0.0022 |0.0369 |
176.712 | 0.000 | 0.000 | -0.192 | 0.0434 |-0.0108 |0.0000 |-0.0022 |0.0373 |
177.132 | 0.000 | 0.000 | -0.194 | 0.0438 |-0.0109 |0.0000 |-0.0022 |0.0376 |
177.549 | 0.000 | 0.000 | -0.196 | 0.0442 |-0.0110 |0.0000 |-0.0023 |0.0380 |
177.965 | 0.000 | 0.000 | -0.199 | 0.0446 |-0.0111 |0.0000 |-0.0023 |0.0383 |
178.377 | 0.000 | 0.000 | -0.201 | 0.0450 |-0.0112 |0.0000 |-0.0023 |0.0387 |
178.787 | 0.000 | 0.000 | -0.203 | 0.0454 |-0.0113 |0.0000 |-0.0023 |0.0391 |
179.195 | 0.000 | 0.000 | -0.206 | 0.0458 |-0.0114 |0.0000 |-0.0024 |0.0394 |
179.600 | 0.000 | 0.000 | -0.208 | 0.0462 |-0.0115 |0.0000 |-0.0024 |0.0398 |
180.003 | 0.000 | 0.000 | -0.210 | 0.0466 |-0.0116 |0.0000 |-0.0024 |0.0402 |
180.404 | 0.000 | 0.000 | -0.213 | 0.0470 |-0.0117 |0.0000 |-0.0024 |0.0405 |
180.802 | 0.000 | 0.000 | -0.215 | 0.0474 |-0.0118 |0.0000 |-0.0024 |0.0409 |
181.198 | 0.000 | 0.000 | -0.217 | 0.0478 |-0.0119 |0.0000 |-0.0025 |0.0412 |
181.592 | 0.000 | 0.000 | -0.220 | 0.0482 |-0.0120 |0.0000 |-0.0025 |0.0416 |
181.984 | 0.000 | 0.000 | -0.222 | 0.0486 |-0.0121 |0.0000 |-0.0025 |0.0420 |
182.374 | 0.000 | 0.000 | -0.224 | 0.0490 |-0.0122 |0.0000 |-0.0025 |0.0423 |
182.761 | 0.000 | 0.000 | -0.227 | 0.0494 |-0.0123 |0.0000 |-0.0026 |0.0427 |
183.146 | 0.000 | 0.000 | -0.229 | 0.0498 |-0.0124 |0.0000 |-0.0026 |0.0431 |
183.530 | 0.000 | 0.000 | -0.232 | 0.0502 |-0.0125 |0.0000 |-0.0026 |0.0434 |
183.911 | 0.000 | 0.000 | -0.234 | 0.0506 |-0.0126 |0.0000 |-0.0026 |0.0438 |
184.290 | 0.000 | 0.000 | -0.236 | 0.0510 |-0.0127 |0.0000 |-0.0026 |0.0441 |
184.667 | 0.000 | 0.000 | -0.239 | 0.0514 |-0.0128 |0.0000 |-0.0027 |0.0445 |
185.042 | 0.000 | 0.000 | -0.241 | 0.0518 |-0.0129 |0.0000 |-0.0027 |0.0449 |
185.416 | 0.000 | 0.000 | -0.244 | 0.0522 |-0.0130 |0.0000 |-0.0027 |0.0452 |
185.787 | 0.000 | 0.000 | -0.246 | 0.0526 |-0.0131 |0.0000 |-0.0027 |0.0456 |
186.156 | 0.000 | 0.000 | -0.249 | 0.0530 |-0.0132 |0.0000 |-0.0028 |0.0459 |
186.524 | 0.000 | 0.000 | -0.251 | 0.0534 |-0.0133 |0.0000 |-0.0028 |0.0463 |
186.890 | 0.000 | 0.000 | -0.253 | 0.0538 |-0.0134 |0.0000 |-0.0028 |0.0467 |
187.254 | 0.000 | 0.000 | -0.256 | 0.0542 |-0.0135 |0.0000 |-0.0028 |0.0470 |
187.616 | 0.000 | 0.000 | -0.258 | 0.0546 |-0.0136 |0.0000 |-0.0028 |0.0474 |
187.976 | 0.000 | 0.000 | -0.261 | 0.0550 |-0.0137 |0.0000 |-0.0029 |0.0477 |
188.334 | 0.000 | 0.000 | -0.263 | 0.0554 |-0.0138 |0.0000 |-0.0029 |0.0481 |
188.691 | 0.000 | 0.000 | -0.266 | 0.0558 |-0.0139 |0.0000 |-0.0029 |0.0485 |
189.046 | 0.000 | 0.000 | -0.268 | 0.0562 |-0.0140 |0.0000 |-0.0029 |0.0488 |
189.399 | 0.000 | 0.000 | -0.271 | 0.0566 |-0.0141 |0.0000 |-0.0030 |0.0492 |
189.751 | 0.000 | 0.000 | -0.273 | 0.0570 |-0.0142 |0.0000 |-0.0030 |0.0495 |
190.100 | 0.000 | 0.000 | -0.275 | 0.0574 |-0.0143 |0.0000 |-0.0030 |0.0499 |
190.449 | 0.000 | 0.000 | -0.278 | 0.0578 |-0.0144 |0.0000 |-0.0030 |0.0503 |
190.795 | 0.000 | 0.000 | -0.280 | 0.0582 |-0.0145 |0.0000 |-0.0030 |0.0506 |
191.140 | 0.000 | 0.000 | -0.283 | 0.0586 |-0.0146 |0.0000 |-0.0031 |0.0510 |
191.483 | 0.000 | 0.000 | -0.285 | 0.0590 |-0.0147 |0.0000 |-0.0031 |0.0513 |
191.825 | 0.000 | 0.000 | -0.288 | 0.0594 |-0.0148 |0.0000 |-0.0031 |0.0517 |
192.165 | 0.000 | 0.000 | -0.290 | 0.0598 |-0.0149 |0.0000 |-0.0031 |0.0521 |
192.503 | 0.000 | 0.000 | -0.293 | 0.0602 |-0.0150 |0.0000 |-0.0032 |0.0524 |
192.840 | 0.000 | 0.000 | -0.295 | 0.0606 |-0.0151 |0.0000 |-0.0032 |0.0528 |
193.176 | 0.000 | 0.000 | -0.298 | 0.0610 |-0.0152 |0.0000 |-0.0032 |0.0531 |
193.509 | 0.000 | 0.000 | -0.300 | 0.0614 |-0.0153 |0.0000 |-0.0032 |0.0535 |
193.842 | 0.000 | 0.000 | -0.303 | 0.0618 |-0.0154 |0.0000 |-0.0032 |0.0539 |
194.173 | 0.000 | 0.000 | -0.305 | 0.0622 |-0.0155 |0.0000 |-0.0033 |0.0542 |
194.502 | 0.000 | 0.000 | -0.308 | 0.0626 |-0.0156 |0.0000 |-0.0033 |0.0546 |
194.830 | 0.000 | 0.000 | -0.310 | 0.0630 |-0.0157 |0.0000 |-0.0033 |0.0549 |
195.157 | 0.001 | 0.000 | -0.313 | 0.0634 |-0.0158 |0.0000 |-0.0033 |0.0553 |
195.482 | 0.001 | 0.000 | -0.316 | 0.0638 |-0.0159 |0.0000 |-0.0034 |0.0556 |
195.806 | 0.001 | 0.000 | -0.318 | 0.0642 |-0.0160 |0.0000 |-0.0034 |0.0560 |
196.128 | 0.001 | 0.000 | -0.321 | 0.0646 |-0.0161 |0.0000 |-0.0034 |0.0564 |
196.449 | 0.001 | 0.000 | -0.323 | 0.0650 |-0.0162 |0.0000 |-0.0034 |0.0567 |
196.769 | 0.001 | 0.000 | -0.326 | 0.0654 |-0.0163 |0.0000 |-0.0034 |0.0571 |
197.087 | 0.001 | 0.000 | -0.328 | 0.0658 |-0.0164 |0.0000 |-0.0035 |0.0574 |
197.404 | 0.001 | 0.000 | -0.331 | 0.0662 |-0.0165 |0.0000 |-0.0035 |0.0578 |
197.720 | 0.001 | 0.000 | -0.333 | 0.0666 |-0.0166 |0.0000 |-0.0035 |0.0582 |
198.034 | 0.001 | 0.000 | -0.336 | 0.0670 |-0.0167 |0.0000 |-0.0035 |0.0585 |
198.347 | 0.001 | 0.000 | -0.338 | 0.0673 |-0.0168 |0.0000 |-0.0036 |0.0589 |
198.659 | 0.001 | 0.000 | -0.341 | 0.0677 |-0.0168 |0.0000 |-0.0036 |0.0592 |
198.969 | 0.001 | 0.000 | -0.344 | 0.0681 |-0.0169 |0.0000 |-0.0036 |0.0596 |
199.278 | 0.001 | 0.000 | -0.346 | 0.0685 |-0.0170 |0.0000 |-0.0036 |0.0599 |
199.586 | 0.001 | 0.000 | -0.349 | 0.0689 |-0.0171 |0.0000 |-0.0036 |0.0603 |
199.893 | 0.001 | 0.000 | -0.351 | 0.0693 |-0.0172 |0.0000 |-0.0037 |0.0607 |
200.198 | 0.001 | 0.000 | -0.354 | 0.0697 |-0.0173 |0.0000 |-0.0037 |0.0610 |
200.502 | 0.001 | 0.000 | -0.357 | 0.0701 |-0.0174 |0.0000 |-0.0037 |0.0614 |
200.805 | 0.001 | 0.000 | -0.359 | 0.0705 |-0.0175 |0.0000 |-0.0037 |0.0617 |
201.107 | 0.001 | 0.000 | -0.362 | 0.0709 |-0.0176 |0.0000 |-0.0038 |0.0621 |
201.408 | 0.001 | 0.000 | -0.364 | 0.0713 |-0.0177 |0.0000 |-0.0038 |0.0624 |
201.707 | 0.001 | 0.000 | -0.367 | 0.0717 |-0.0178 |0.0000 |-0.0038 |0.0628 |
202.005 | 0.001 | 0.000 | -0.370 | 0.0721 |-0.0179 |0.0000 |-0.0038 |0.0631 |
202.303 | 0.001 | 0.000 | -0.372 | 0.0725 |-0.0180 |0.0000 |-0.0038 |0.0635 |
202.599 | 0.001 | 0.000 | -0.375 | 0.0729 |-0.0181 |0.0000 |-0.0039 |0.0639 |
202.893 | 0.001 | 0.000 | -0.377 | 0.0733 |-0.0182 |0.0000 |-0.0039 |0.0642 |
203.187 | 0.001 | 0.000 | -0.380 | 0.0737 |-0.0183 |0.0000 |-0.0039 |0.0646 |
203.480 | 0.001 | 0.000 | -0.383 | 0.0741 |-0.0184 |0.0000 |-0.0039 |0.0649 |
203.771 | 0.001 | 0.000 | -0.385 | 0.0745 |-0.0185 |0.0000 |-0.0040 |0.0653 |
204.061 | 0.001 | 0.000 | -0.388 | 0.0749 |-0.0186 |0.0000 |-0.0040 |0.0656 |
204.351 | 0.001 | 0.000 | -0.390 | 0.0752 |-0.0187 |0.0000 |-0.0040 |0.0660 |
204.639 | 0.001 | 0.000 | -0.393 | 0.0756 |-0.0188 |0.0000 |-0.0040 |0.0664 |
204.926 | 0.001 | 0.000 | -0.396 | 0.0760 |-0.0189 |0.0000 |-0.0040 |0.0667 |
205.212 | 0.001 | 0.000 | -0.398 | 0.0764 |-0.0190 |0.0000 |-0.0041 |0.0671 |
205.497 | 0.001 | 0.000 | -0.401 | 0.0768 |-0.0191 |0.0000 |-0.0041 |0.0674 |
205.781 | 0.001 | 0.000 | -0.404 | 0.0772 |-0.0192 |0.0000 |-0.0041 |0.0678 |
206.064 | 0.001 | 0.000 | -0.406 | 0.0776 |-0.0193 |0.0000 |-0.0041 |0.0681 |
206.346 | 0.001 | 0.000 | -0.409 | 0.0780 |-0.0194 |0.0000 |-0.0042 |0.0685 |
206.627 | 0.001 | 0.000 | -0.412 | 0.0784 |-0.0195 |0.0000 |-0.0042 |0.0688 |
206.907 | 0.001 | 0.000 | -0.414 | 0.0788 |-0.0196 |0.0000 |-0.0042 |0.0692 |
207.185 | 0.001 | 0.000 | -0.417 | 0.0792 |-0.0197 |0.0000 |-0.0042 |0.0695 |
207.463 | 0.001 | 0.000 | -0.420 | 0.0796 |-0.0198 |0.0000 |-0.0042 |0.0699 |
207.740 | 0.001 | 0.000 | -0.422 | 0.0800 |-0.0199 |0.0000 |-0.0043 |0.0703 |
208.016 | 0.001 | 0.000 | -0.425 | 0.0804 |-0.0199 |0.0000 |-0.0043 |0.0706 |
208.291 | 0.001 | 0.000 | -0.428 | 0.0807 |-0.0200 |0.0000 |-0.0043 |0.0710 |
208.565 | 0.001 | 0.000 | -0.430 | 0.0811 |-0.0201 |0.0000 |-0.0043 |0.0713 |
208.838 | 0.001 | 0.000 | -0.433 | 0.0815 |-0.0202 |0.0000 |-0.0044 |0.0717 |
209.110 | 0.001 | 0.000 | -0.436 | 0.0819 |-0.0203 |0.0000 |-0.0044 |0.0720 |
209.381 | 0.001 | 0.000 | -0.438 | 0.0823 |-0.0204 |0.0000 |-0.0044 |0.0724 |
209.652 | 0.001 | 0.000 | -0.441 | 0.0827 |-0.0205 |0.0000 |-0.0044 |0.0727 |
209.921 | 0.001 | 0.000 | -0.444 | 0.0831 |-0.0206 |0.0000 |-0.0044 |0.0731 |
210.189 | 0.001 | 0.000 | -0.446 | 0.0835 |-0.0207 |0.0000 |-0.0045 |0.0734 |
210.457 | 0.001 | 0.000 | -0.449 | 0.0839 |-0.0208 |0.0000 |-0.0045 |0.0738 |
210.723 | 0.001 | 0.000 | -0.452 | 0.0843 |-0.0209 |0.0000 |-0.0045 |0.0741 |
210.989 | 0.001 | 0.000 | -0.454 | 0.0847 |-0.0210 |0.0000 |-0.0045 |0.0745 |
211.254 | 0.001 | 0.000 | -0.457 | 0.0850 |-0.0211 |0.0000 |-0.0046 |0.0749 |
211.518 | 0.001 | 0.000 | -0.460 | 0.0854 |-0.0212 |0.0000 |-0.0046 |0.0752 |
211.781 | 0.001 | 0.000 | -0.462 | 0.0858 |-0.0213 |0.0000 |-0.0046 |0.0756 |
212.043 | 0.001 | 0.000 | -0.465 | 0.0862 |-0.0214 |0.0000 |-0.0046 |0.0759 |
212.304 | 0.001 | 0.000 | -0.468 | 0.0866 |-0.0215 |0.0000 |-0.0047 |0.0763 |
212.565 | 0.001 | 0.000 | -0.471 | 0.0870 |-0.0216 |0.0000 |-0.0047 |0.0766 |
212.825 | 0.001 | 0.000 | -0.473 | 0.0874 |-0.0217 |0.0000 |-0.0047 |0.0770 |
213.083 | 0.001 | 0.000 | -0.476 | 0.0878 |-0.0218 |0.0000 |-0.0047 |0.0773 |
213.341 | 0.001 | 0.000 | -0.479 | 0.0882 |-0.0219 |0.0000 |-0.0047 |0.0777 |
213.598 | 0.001 | 0.000 | -0.481 | 0.0886 |-0.0220 |0.0000 |-0.0048 |0.0780 |
213.855 | 0.001 | 0.000 | -0.484 | 0.0890 |-0.0221 |0.0000 |-0.0048 |0.0784 |
214.110 | 0.001 | 0.000 | -0.487 | 0.0893 |-0.0222 |0.0000 |-0.0048 |0.0787 |
214.365 | 0.001 | 0.000 | -0.490 | 0.0897 |-0.0223 |0.0000 |-0.0048 |0.0791 |
214.619 | 0.001 | 0.000 | -0.492 | 0.0901 |-0.0223 |0.0000 |-0.0049 |0.0794 |
214.872 | 0.001 | 0.000 | -0.495 | 0.0905 |-0.0224 |0.0000 |-0.0049 |0.0798 |
215.124 | 0.001 | 0.000 | -0.498 | 0.0909 |-0.0225 |0.0000 |-0.0049 |0.0801 |
215.375 | 0.001 | 0.000 | -0.501 | 0.0913 |-0.0226 |0.0000 |-0.0049 |0.0805 |
215.626 | 0.001 | 0.000 | -0.503 | 0.0917 |-0.0227 |0.0000 |-0.0049 |0.0808 |
215.876 | 0.001 | 0.000 | -0.506 | 0.0921 |-0.0228 |0.0000 |-0.0050 |0.0812 |
216.125 | 0.001 | 0.000 | -0.509 | 0.0925 |-0.0229 |0.0000 |-0.0050 |0.0815 |
216.373 | 0.001 | 0.000 | -0.512 | 0.0928 |-0.0230 |0.0000 |-0.0050 |0.0819 |
216.621 | 0.001 | 0.000 | -0.514 | 0.0932 |-0.0231 |0.0000 |-0.0050 |0.0822 |
216.868 | 0.001 | 0.000 | -0.517 | 0.0936 |-0.0232 |0.0000 |-0.0051 |0.0826 |
217.114 | 0.001 | 0.000 | -0.520 | 0.0940 |-0.0233 |0.0000 |-0.0051 |0.0830 |
217.359 | 0.001 | 0.000 | -0.523 | 0.0944 |-0.0234 |0.0000 |-0.0051 |0.0833 |
217.604 | 0.001 | 0.000 | -0.525 | 0.0948 |-0.0235 |0.0000 |-0.0051 |0.0837 |
217.847 | 0.001 | 0.000 | -0.528 | 0.0952 |-0.0236 |0.0000 |-0.0051 |0.0840 |
218.091 | 0.001 | 0.000 | -0.531 | 0.0956 |-0.0237 |0.0000 |-0.0052 |0.0844 |
218.333 | 0.001 | 0.000 | -0.534 | 0.0959 |-0.0238 |0.0000 |-0.0052 |0.0847 |
218.575 | 0.001 | 0.000 | -0.536 | 0.0963 |-0.0239 |0.0000 |-0.0052 |0.0851 |
218.816 | 0.001 | 0.000 | -0.539 | 0.0967 |-0.0240 |0.0000 |-0.0052 |0.0854 |
219.056 | 0.001 | 0.000 | -0.542 | 0.0971 |-0.0241 |0.0000 |-0.0053 |0.0858 |
219.295 | 0.001 | 0.000 | -0.545 | 0.0975 |-0.0242 |0.0000 |-0.0053 |0.0861 |
219.534 | 0.001 | 0.000 | -0.547 | 0.0979 |-0.0243 |0.0000 |-0.0053 |0.0865 |
219.772 | 0.001 | 0.000 | -0.550 | 0.0983 |-0.0244 |0.0000 |-0.0053 |0.0868 |
220.010 | 0.001 | 0.000 | -0.553 | 0.0987 |-0.0244 |0.0000 |-0.0053 |0.0872 |
220.246 | 0.001 | 0.000 | -0.556 | 0.0990 |-0.0245 |0.0000 |-0.0054 |0.0875 |
220.482 | 0.001 | 0.000 | -0.559 | 0.0994 |-0.0246 |0.0000 |-0.0054 |0.0879 |
220.718 | 0.001 | 0.000 | -0.561 | 0.0998 |-0.0247 |0.0000 |-0.0054 |0.0882 |
220.952 | 0.001 | 0.000 | -0.564 | 0.1002 |-0.0248 |0.0000 |-0.0054 |0.0886 |
221.186 | 0.001 | 0.000 | -0.567 | 0.1006 |-0.0249 |0.0000 |-0.0055 |0.0889 |
221.420 | 0.001 | 0.000 | -0.570 | 0.1010 |-0.0250 |0.0000 |-0.0055 |0.0893 |
221.652 | 0.001 | 0.000 | -0.573 | 0.1014 |-0.0251 |0.0000 |-0.0055 |0.0896 |
221.884 | 0.001 | 0.000 | -0.575 | 0.1017 |-0.0252 |0.0000 |-0.0055 |0.0900 |
222.116 | 0.002 | 0.000 | -0.578 | 0.1021 |-0.0253 |0.0000 |-0.0055 |0.0903 |
222.346 | 0.002 | 0.000 | -0.581 | 0.1025 |-0.0254 |0.0000 |-0.0056 |0.0906 |
222.577 | 0.002 | 0.000 | -0.584 | 0.1029 |-0.0255 |0.0000 |-0.0056 |0.0910 |
222.806 | 0.002 | 0.000 | -0.587 | 0.1033 |-0.0256 |0.0000 |-0.0056 |0.0913 |
223.035 | 0.002 | 0.000 | -0.589 | 0.1037 |-0.0257 |0.0000 |-0.0056 |0.0917 |
223.263 | 0.002 | 0.000 | -0.592 | 0.1041 |-0.0258 |0.0000 |-0.0057 |0.0920 |
223.490 | 0.002 | 0.000 | -0.595 | 0.1044 |-0.0259 |0.0000 |-0.0057 |0.0924 |
223.717 | 0.002 | 0.000 | -0.598 | 0.1048 |-0.0260 |0.0000 |-0.0057 |0.0927 |
223.944 | 0.002 | 0.000 | -0.601 | 0.1052 |-0.0261 |0.0000 |-0.0057 |0.0931 |
224.169 | 0.002 | 0.000 | -0.603 | 0.1056 |-0.0262 |0.0000 |-0.0057 |0.0934 |
224.394 | 0.002 | 0.000 | -0.606 | 0.1060 |-0.0262 |0.0000 |-0.0058 |0.0938 |
224.619 | 0.002 | 0.000 | -0.609 | 0.1064 |-0.0263 |0.0000 |-0.0058 |0.0941 |
224.843 | 0.002 | 0.000 | -0.612 | 0.1068 |-0.0264 |0.0000 |-0.0058 |0.0945 |
225.066 | 0.002 | 0.000 | -0.615 | 0.1071 |-0.0265 |0.0000 |-0.0058 |0.0948 |
225.288 | 0.002 | 0.000 | -0.618 | 0.1075 |-0.0266 |0.0000 |-0.0059 |0.0952 |
225.511 | 0.002 | 0.000 | -0.620 | 0.1079 |-0.0267 |0.0000 |-0.0059 |0.0955 |
225.732 | 0.002 | 0.000 | -0.623 | 0.1083 |-0.0268 |0.0000 |-0.0059 |0.0959 |
225.953 | 0.002 | 0.000 | -0.626 | 0.1087 |-0.0269 |0.0000 |-0.0059 |0.0962 |
226.173 | 0.002 | 0.000 | -0.629 | 0.1091 |-0.0270 |0.0000 |-0.0059 |0.0966 |
226.393 | 0.002 | 0.000 | -0.632 | 0.1094 |-0.0271 |0.0000 |-0.0060 |0.0969 |
226.612 | 0.002 | 0.000 | -0.634 | 0.1098 |-0.0272 |0.0000 |-0.0060 |0.0973 |
226.830 | 0.002 | 0.000 | -0.637 | 0.1102 |-0.0273 |0.0000 |-0.0060 |0.0976 |
227.048 | 0.002 | 0.000 | -0.640 | 0.1106 |-0.0274 |0.0000 |-0.0060 |0.0980 |
227.266 | 0.002 | 0.000 | -0.643 | 0.1110 |-0.0275 |0.0000 |-0.0061 |0.0983 |
227.483 | 0.002 | 0.000 | -0.646 | 0.1114 |-0.0276 |0.0000 |-0.0061 |0.0987 |
227.699 | 0.002 | 0.000 | -0.649 | 0.1117 |-0.0277 |0.0000 |-0.0061 |0.0990 |
227.914 | 0.002 | 0.000 | -0.652 | 0.1121 |-0.0278 |0.0000 |-0.0061 |0.0993 |
228.130 | 0.002 | 0.000 | -0.654 | 0.1125 |-0.0278 |0.0000 |-0.0061 |0.0997 |
228.344 | 0.002 | 0.000 | -0.657 | 0.1129 |-0.0279 |0.0000 |-0.0062 |0.1000 |
228.558 | 0.002 | 0.000 | -0.660 | 0.1133 |-0.0280 |0.0000 |-0.0062 |0.1004 |
228.772 | 0.002 | 0.000 | -0.663 | 0.1137 |-0.0281 |0.0000 |-0.0062 |0.1007 |
228.985 | 0.002 | 0.000 | -0.666 | 0.1140 |-0.0282 |0.0000 |-0.0062 |0.1011 |
229.197 | 0.002 | 0.000 | -0.669 | 0.1144 |-0.0283 |0.0000 |-0.0063 |0.1014 |
229.409 | 0.002 | 0.000 | -0.672 | 0.1148 |-0.0284 |0.0000 |-0.0063 |0.1018 |
229.620 | 0.002 | 0.000 | -0.674 | 0.1152 |-0.0285 |0.0000 |-0.0063 |0.1021 |
229.831 | 0.002 | 0.000 | -0.677 | 0.1156 |-0.0286 |0.0000 |-0.0063 |0.1025 |
230.042 | 0.002 | 0.000 | -0.680 | 0.1160 |-0.0287 |0.0000 |-0.0064 |0.1028 |
230.251 | 0.002 | 0.000 | -0.683 | 0.1163 |-0.0288 |0.0000 |-0.0064 |0.1032 |
230.461 | 0.002 | 0.000 | -0.686 | 0.1167 |-0.0289 |0.0000 |-0.0064 |0.1035 |
230.669 | 0.002 | 0.000 | -0.689 | 0.1171 |-0.0290 |0.0000 |-0.0064 |0.1038 |
230.877 | 0.002 | 0.000 | -0.692 | 0.1175 |-0.0291 |0.0000 |-0.0064 |0.1042 |
231.085 | 0.002 | 0.000 | -0.694 | 0.1179 |-0.0292 |0.0000 |-0.0065 |0.1045 |
231.292 | 0.002 | 0.000 | -0.697 | 0.1182 |-0.0293 |0.0000 |-0.0065 |0.1049 |
231.499 | 0.002 | 0.000 | -0.700 | 0.1186 |-0.0293 |0.0000 |-0.0065 |0.1052 |
231.705 | 0.002 | 0.000 | -0.703 | 0.1190 |-0.0294 |0.0000 |-0.0065 |0.1056 |
231.911 | 0.002 | 0.000 | -0.706 | 0.1194 |-0.0295 |0.0000 |-0.0066 |0.1059 |
232.116 | 0.002 | 0.000 | -0.709 | 0.1198 |-0.0296 |0.0000 |-0.0066 |0.1063 |
232.321 | 0.002 | 0.000 | -0.712 | 0.1202 |-0.0297 |0.0000 |-0.0066 |0.1066 |
232.525 | 0.002 | 0.000 | -0.715 | 0.1205 |-0.0298 |0.0000 |-0.0066 |0.1070 |
232.729 | 0.002 | 0.000 | -0.717 | 0.1209 |-0.0299 |0.0000 |-0.0066 |0.1073 |
232.932 | 0.002 | 0.000 | -0.720 | 0.1213 |-0.0300 |0.0000 |-0.0067 |0.1076 |
233.135 | 0.002 | 0.000 | -0.723 | 0.1217 |-0.0301 |0.0000 |-0.0067 |0.1080 |
233.337 | 0.002 | 0.000 | -0.726 | 0.1221 |-0.0302 |0.0000 |-0.0067 |0.1083 |
233.539 | 0.002 | 0.000 | -0.729 | 0.1224 |-0.0303 |0.0000 |-0.0067 |0.1087 |
233.740 | 0.002 | 0.000 | -0.732 | 0.1228 |-0.0304 |0.0000 |-0.0068 |0.1090 |
233.941 | 0.002 | 0.000 | -0.735 | 0.1232 |-0.0305 |0.0000 |-0.0068 |0.1094 |
234.141 | 0.002 | 0.000 | -0.738 | 0.1236 |-0.0306 |0.0000 |-0.0068 |0.1097 |
234.341 | 0.002 | 0.000 | -0.741 | 0.1240 |-0.0307 |0.0000 |-0.0068 |0.1101 |
234.540 | 0.002 | 0.000 | -0.744 | 0.1243 |-0.0308 |0.0000 |-0.0068 |0.1104 |
234.739 | 0.002 | 0.000 | -0.746 | 0.1247 |-0.0308 |0.0000 |-0.0069 |0.1107 |
234.938 | 0.002 | 0.000 | -0.749 | 0.1251 |-0.0309 |0.0000 |-0.0069 |0.1111 |
235.136 | 0.002 | 0.000 | -0.752 | 0.1255 |-0.0310 |0.0000 |-0.0069 |0.1114 |
235.333 | 0.002 | 0.000 | -0.755 | 0.1259 |-0.0311 |0.0000 |-0.0069 |0.1118 |
235.530 | 0.002 | 0.000 | -0.758 | 0.1262 |-0.0312 |0.0000 |-0.0070 |0.1121 |
235.727 | 0.002 | 0.000 | -0.761 | 0.1266 |-0.0313 |0.0000 |-0.0070 |0.1125 |
235.923 | 0.002 | 0.000 | -0.764 | 0.1270 |-0.0314 |0.0000 |-0.0070 |0.1128 |
236.119 | 0.002 | 0.000 | -0.767 | 0.1274 |-0.0315 |0.0000 |-0.0070 |0.1131 |
236.314 | 0.003 | 0.000 | -0.770 | 0.1277 |-0.0316 |0.0000 |-0.0070 |0.1135 |
236.509 | 0.003 | 0.000 | -0.773 | 0.1281 |-0.0317 |0.0000 |-0.0071 |0.1138 |
236.703 | 0.003 | 0.000 | -0.776 | 0.1285 |-0.0318 |0.0000 |-0.0071 |0.1142 |
236.897 | 0.003 | 0.000 | -0.778 | 0.1289 |-0.0319 |0.0000 |-0.0071 |0.1145 |
237.091 | 0.003 | 0.000 | -0.781 | 0.1293 |-0.0320 |0.0000 |-0.0071 |0.1149 |
237.284 | 0.003 | 0.000 | -0.784 | 0.1296 |-0.0321 |0.0000 |-0.0072 |0.1152 |
237.477 | 0.003 | 0.000 | -0.787 | 0.1300 |-0.0321 |0.0000 |-0.0072 |0.1155 |
237.669 | 0.003 | 0.000 | -0.790 | 0.1304 |-0.0322 |0.0000 |-0.0072 |0.1159 |
237.861 | 0.003 | 0.000 | -0.793 | 0.1308 |-0.0323 |0.0000 |-0.0072 |0.1162 |
238.052 | 0.003 | 0.000 | -0.796 | 0.1312 |-0.0324 |0.0000 |-0.0072 |0.1166 |
238.243 | 0.003 | 0.000 | -0.799 | 0.1315 |-0.0325 |0.0000 |-0.0073 |0.1169 |
238.433 | 0.003 | 0.000 | -0.802 | 0.1319 |-0.0326 |0.0000 |-0.0073 |0.1173 |
238.624 | 0.003 | 0.000 | -0.805 | 0.1323 |-0.0327 |0.0000 |-0.0073 |0.1176 |
238.626 | 0.003 | 0.000 | -0.805 | 0.1323 |-0.0327 |0.0000 |-0.0073 |0.1176 |
