Test angle: 75
Mesh element_496 : S11 | S22 | S33 | S12 | E11 | E22 | E33 | 2*E12 | EPbar 
0.000 | 0.000 | 0.000 | 0.000 | 0.0000 |0.0000 |0.0000 |0.0000 |0.0000 |
0.503 | -0.000 | 0.000 | -0.000 | 0.0000 |-0.0000 |0.0000 |-0.0000 |0.0000 |
1.005 | -0.000 | 0.000 | -0.000 | 0.0000 |-0.0000 |0.0000 |-0.0000 |0.0000 |
1.759 | 0.000 | 0.000 | -0.000 | 0.0000 |-0.0000 |0.0000 |-0.0000 |0.0000 |
2.891 | 0.000 | 0.000 | -0.000 | 0.0000 |-0.0000 |0.0000 |-0.0000 |0.0000 |
4.587 | -0.000 | 0.000 | -0.000 | 0.0001 |-0.0000 |0.0000 |-0.0000 |0.0000 |
7.132 | -0.000 | 0.000 | -0.000 | 0.0001 |-0.0000 |0.0000 |-0.0000 |0.0000 |
10.949 | -0.000 | 0.000 | -0.000 | 0.0002 |-0.0001 |0.0000 |-0.0000 |0.0000 |
16.675 | -0.000 | 0.000 | -0.000 | 0.0002 |-0.0001 |0.0000 |-0.0000 |0.0000 |
25.262 | 0.000 | 0.000 | -0.000 | 0.0004 |-0.0001 |0.0000 |-0.0000 |0.0000 |
38.142 | -0.000 | 0.000 | -0.000 | 0.0005 |-0.0002 |0.0000 |-0.0000 |0.0000 |
57.458 | 0.000 | 0.000 | -0.000 | 0.0008 |-0.0003 |0.0000 |-0.0000 |0.0000 |
82.576 | -0.000 | 0.000 | -0.000 | 0.0012 |-0.0004 |0.0000 |-0.0000 |0.0000 |
104.522 | -0.000 | 0.000 | 0.001 | 0.0015 |-0.0005 |0.0000 |0.0000 |0.0001 |
104.952 | -0.000 | 0.000 | 0.002 | 0.0017 |-0.0005 |0.0000 |0.0000 |0.0002 |
105.585 | -0.000 | 0.000 | 0.004 | 0.0018 |-0.0006 |0.0000 |0.0001 |0.0003 |
106.512 | -0.000 | 0.000 | 0.007 | 0.0021 |-0.0007 |0.0000 |0.0001 |0.0005 |
107.857 | -0.000 | 0.000 | 0.012 | 0.0024 |-0.0008 |0.0000 |0.0002 |0.0008 |
109.393 | 0.000 | 0.000 | 0.017 | 0.0029 |-0.0009 |0.0000 |0.0003 |0.0012 |
110.872 | 0.000 | 0.000 | 0.023 | 0.0033 |-0.0010 |0.0000 |0.0004 |0.0016 |
112.301 | 0.000 | 0.000 | 0.029 | 0.0037 |-0.0011 |0.0000 |0.0005 |0.0020 |
113.683 | 0.000 | 0.000 | 0.035 | 0.0042 |-0.0012 |0.0000 |0.0006 |0.0024 |
115.024 | 0.000 | 0.000 | 0.042 | 0.0046 |-0.0014 |0.0000 |0.0007 |0.0027 |
116.325 | 0.000 | 0.000 | 0.048 | 0.0050 |-0.0015 |0.0000 |0.0008 |0.0031 |
117.590 | 0.000 | 0.000 | 0.054 | 0.0055 |-0.0016 |0.0000 |0.0009 |0.0035 |
118.821 | 0.000 | 0.000 | 0.061 | 0.0059 |-0.0017 |0.0000 |0.0010 |0.0039 |
120.021 | 0.000 | 0.000 | 0.068 | 0.0063 |-0.0018 |0.0000 |0.0011 |0.0043 |
121.191 | 0.000 | 0.000 | 0.074 | 0.0067 |-0.0020 |0.0000 |0.0012 |0.0046 |
122.333 | 0.000 | 0.000 | 0.081 | 0.0072 |-0.0021 |0.0000 |0.0013 |0.0050 |
123.449 | 0.000 | 0.000 | 0.088 | 0.0076 |-0.0022 |0.0000 |0.0014 |0.0054 |
124.540 | 0.000 | 0.000 | 0.095 | 0.0080 |-0.0023 |0.0000 |0.0015 |0.0058 |
125.608 | 0.000 | 0.000 | 0.103 | 0.0084 |-0.0024 |0.0000 |0.0016 |0.0061 |
126.653 | 0.000 | 0.000 | 0.110 | 0.0089 |-0.0025 |0.0000 |0.0018 |0.0065 |
127.677 | 0.000 | 0.000 | 0.117 | 0.0093 |-0.0027 |0.0000 |0.0019 |0.0069 |
128.681 | 0.000 | 0.000 | 0.125 | 0.0097 |-0.0028 |0.0000 |0.0020 |0.0073 |
129.665 | 0.000 | 0.000 | 0.132 | 0.0101 |-0.0029 |0.0000 |0.0021 |0.0076 |
130.632 | 0.000 | 0.000 | 0.140 | 0.0105 |-0.0030 |0.0000 |0.0022 |0.0080 |
131.580 | 0.000 | 0.000 | 0.147 | 0.0110 |-0.0031 |0.0000 |0.0023 |0.0084 |
132.512 | 0.000 | 0.000 | 0.155 | 0.0114 |-0.0033 |0.0000 |0.0024 |0.0088 |
133.427 | 0.000 | 0.000 | 0.163 | 0.0118 |-0.0034 |0.0000 |0.0025 |0.0091 |
134.327 | 0.000 | 0.000 | 0.170 | 0.0122 |-0.0035 |0.0000 |0.0026 |0.0095 |
135.212 | 0.000 | 0.000 | 0.178 | 0.0126 |-0.0036 |0.0000 |0.0027 |0.0099 |
136.083 | 0.000 | 0.000 | 0.186 | 0.0130 |-0.0037 |0.0000 |0.0028 |0.0103 |
136.940 | 0.000 | 0.000 | 0.194 | 0.0135 |-0.0038 |0.0000 |0.0029 |0.0106 |
137.784 | 0.000 | 0.000 | 0.202 | 0.0139 |-0.0039 |0.0000 |0.0030 |0.0110 |
138.615 | 0.000 | 0.000 | 0.211 | 0.0143 |-0.0041 |0.0000 |0.0031 |0.0114 |
139.434 | 0.000 | 0.000 | 0.219 | 0.0147 |-0.0042 |0.0000 |0.0032 |0.0118 |
140.241 | 0.000 | 0.000 | 0.227 | 0.0151 |-0.0043 |0.0000 |0.0033 |0.0121 |
141.036 | 0.000 | 0.000 | 0.235 | 0.0155 |-0.0044 |0.0000 |0.0034 |0.0125 |
141.820 | 0.000 | 0.000 | 0.244 | 0.0160 |-0.0045 |0.0000 |0.0035 |0.0129 |
142.593 | 0.000 | 0.000 | 0.252 | 0.0164 |-0.0046 |0.0000 |0.0036 |0.0133 |
143.356 | 0.000 | 0.000 | 0.261 | 0.0168 |-0.0048 |0.0000 |0.0037 |0.0136 |
144.109 | 0.001 | 0.000 | 0.269 | 0.0172 |-0.0049 |0.0000 |0.0038 |0.0140 |
144.853 | 0.001 | 0.000 | 0.278 | 0.0176 |-0.0050 |0.0000 |0.0039 |0.0144 |
145.586 | 0.001 | 0.000 | 0.286 | 0.0180 |-0.0051 |0.0000 |0.0040 |0.0148 |
146.311 | 0.001 | 0.000 | 0.295 | 0.0185 |-0.0052 |0.0000 |0.0041 |0.0151 |
147.026 | 0.001 | 0.000 | 0.304 | 0.0189 |-0.0053 |0.0000 |0.0042 |0.0155 |
147.733 | 0.001 | 0.000 | 0.313 | 0.0193 |-0.0055 |0.0000 |0.0043 |0.0159 |
148.432 | 0.001 | 0.000 | 0.322 | 0.0197 |-0.0056 |0.0000 |0.0044 |0.0163 |
149.122 | 0.001 | 0.000 | 0.330 | 0.0201 |-0.0057 |0.0000 |0.0045 |0.0166 |
149.804 | 0.001 | 0.000 | 0.339 | 0.0205 |-0.0058 |0.0000 |0.0046 |0.0170 |
150.479 | 0.001 | 0.000 | 0.348 | 0.0209 |-0.0059 |0.0000 |0.0047 |0.0174 |
151.146 | 0.001 | 0.000 | 0.357 | 0.0213 |-0.0060 |0.0000 |0.0048 |0.0177 |
151.805 | 0.001 | 0.000 | 0.366 | 0.0218 |-0.0061 |0.0000 |0.0049 |0.0181 |
152.458 | 0.001 | 0.000 | 0.376 | 0.0222 |-0.0063 |0.0000 |0.0050 |0.0185 |
153.103 | 0.001 | 0.000 | 0.385 | 0.0226 |-0.0064 |0.0000 |0.0051 |0.0189 |
153.742 | 0.001 | 0.000 | 0.394 | 0.0230 |-0.0065 |0.0000 |0.0052 |0.0192 |
154.374 | 0.001 | 0.000 | 0.403 | 0.0234 |-0.0066 |0.0000 |0.0053 |0.0196 |
154.999 | 0.001 | 0.000 | 0.413 | 0.0238 |-0.0067 |0.0000 |0.0054 |0.0200 |
155.618 | 0.001 | 0.000 | 0.422 | 0.0242 |-0.0068 |0.0000 |0.0055 |0.0204 |
156.231 | 0.001 | 0.000 | 0.431 | 0.0246 |-0.0069 |0.0000 |0.0056 |0.0207 |
156.838 | 0.001 | 0.000 | 0.441 | 0.0251 |-0.0071 |0.0000 |0.0057 |0.0211 |
157.439 | 0.001 | 0.000 | 0.450 | 0.0255 |-0.0072 |0.0000 |0.0058 |0.0215 |
158.035 | 0.001 | 0.000 | 0.460 | 0.0259 |-0.0073 |0.0000 |0.0059 |0.0218 |
158.624 | 0.001 | 0.000 | 0.469 | 0.0263 |-0.0074 |0.0000 |0.0060 |0.0222 |
159.208 | 0.001 | 0.000 | 0.479 | 0.0267 |-0.0075 |0.0000 |0.0061 |0.0226 |
159.787 | 0.001 | 0.000 | 0.488 | 0.0271 |-0.0076 |0.0000 |0.0062 |0.0230 |
160.361 | 0.002 | 0.000 | 0.498 | 0.0275 |-0.0077 |0.0000 |0.0063 |0.0233 |
160.929 | 0.002 | 0.000 | 0.508 | 0.0279 |-0.0078 |0.0000 |0.0064 |0.0237 |
161.492 | 0.002 | 0.000 | 0.517 | 0.0283 |-0.0080 |0.0000 |0.0065 |0.0241 |
162.050 | 0.002 | 0.000 | 0.527 | 0.0288 |-0.0081 |0.0000 |0.0066 |0.0245 |
162.604 | 0.002 | 0.000 | 0.537 | 0.0292 |-0.0082 |0.0000 |0.0067 |0.0248 |
163.152 | 0.002 | 0.000 | 0.547 | 0.0296 |-0.0083 |0.0000 |0.0068 |0.0252 |
163.696 | 0.002 | 0.000 | 0.557 | 0.0300 |-0.0084 |0.0000 |0.0069 |0.0256 |
164.235 | 0.002 | 0.000 | 0.567 | 0.0304 |-0.0085 |0.0000 |0.0070 |0.0259 |
164.770 | 0.002 | 0.000 | 0.576 | 0.0308 |-0.0086 |0.0000 |0.0071 |0.0263 |
165.301 | 0.002 | 0.000 | 0.586 | 0.0312 |-0.0088 |0.0000 |0.0072 |0.0267 |
165.827 | 0.002 | 0.000 | 0.596 | 0.0316 |-0.0089 |0.0000 |0.0073 |0.0271 |
166.349 | 0.002 | 0.000 | 0.606 | 0.0320 |-0.0090 |0.0000 |0.0074 |0.0274 |
166.866 | 0.002 | 0.000 | 0.616 | 0.0324 |-0.0091 |0.0000 |0.0075 |0.0278 |
167.380 | 0.002 | 0.000 | 0.627 | 0.0328 |-0.0092 |0.0000 |0.0076 |0.0282 |
167.889 | 0.002 | 0.000 | 0.637 | 0.0332 |-0.0093 |0.0000 |0.0077 |0.0285 |
168.395 | 0.002 | 0.000 | 0.647 | 0.0337 |-0.0094 |0.0000 |0.0078 |0.0289 |
168.897 | 0.003 | 0.000 | 0.657 | 0.0341 |-0.0095 |0.0000 |0.0080 |0.0293 |
169.395 | 0.003 | 0.000 | 0.667 | 0.0345 |-0.0097 |0.0000 |0.0081 |0.0296 |
169.889 | 0.003 | 0.000 | 0.677 | 0.0349 |-0.0098 |0.0000 |0.0082 |0.0300 |
170.380 | 0.003 | 0.000 | 0.688 | 0.0353 |-0.0099 |0.0000 |0.0083 |0.0304 |
170.867 | 0.003 | 0.000 | 0.698 | 0.0357 |-0.0100 |0.0000 |0.0084 |0.0308 |
171.351 | 0.003 | 0.000 | 0.708 | 0.0361 |-0.0101 |0.0000 |0.0085 |0.0311 |
171.831 | 0.003 | 0.000 | 0.719 | 0.0365 |-0.0102 |0.0000 |0.0086 |0.0315 |
172.307 | 0.003 | 0.000 | 0.729 | 0.0369 |-0.0103 |0.0000 |0.0087 |0.0319 |
172.780 | 0.003 | 0.000 | 0.740 | 0.0373 |-0.0104 |0.0000 |0.0088 |0.0322 |
173.250 | 0.003 | 0.000 | 0.750 | 0.0377 |-0.0106 |0.0000 |0.0089 |0.0326 |
173.717 | 0.003 | 0.000 | 0.761 | 0.0381 |-0.0107 |0.0000 |0.0090 |0.0330 |
174.180 | 0.003 | 0.000 | 0.771 | 0.0385 |-0.0108 |0.0000 |0.0091 |0.0333 |
174.640 | 0.003 | 0.000 | 0.782 | 0.0389 |-0.0109 |0.0000 |0.0092 |0.0337 |
175.097 | 0.004 | 0.000 | 0.792 | 0.0393 |-0.0110 |0.0000 |0.0093 |0.0341 |
175.551 | 0.004 | 0.000 | 0.803 | 0.0398 |-0.0111 |0.0000 |0.0094 |0.0344 |
176.002 | 0.004 | 0.000 | 0.813 | 0.0402 |-0.0112 |0.0000 |0.0095 |0.0348 |
176.450 | 0.004 | 0.000 | 0.824 | 0.0406 |-0.0113 |0.0000 |0.0096 |0.0352 |
176.896 | 0.004 | 0.000 | 0.835 | 0.0410 |-0.0115 |0.0000 |0.0097 |0.0356 |
177.338 | 0.004 | 0.000 | 0.845 | 0.0414 |-0.0116 |0.0000 |0.0098 |0.0359 |
177.777 | 0.004 | 0.000 | 0.856 | 0.0418 |-0.0117 |0.0000 |0.0099 |0.0363 |
178.214 | 0.004 | 0.000 | 0.867 | 0.0422 |-0.0118 |0.0000 |0.0100 |0.0367 |
178.648 | 0.004 | 0.000 | 0.877 | 0.0426 |-0.0119 |0.0000 |0.0101 |0.0370 |
179.079 | 0.004 | 0.000 | 0.888 | 0.0430 |-0.0120 |0.0000 |0.0102 |0.0374 |
179.507 | 0.005 | 0.000 | 0.899 | 0.0434 |-0.0121 |0.0000 |0.0103 |0.0378 |
179.933 | 0.005 | 0.000 | 0.910 | 0.0438 |-0.0122 |0.0000 |0.0104 |0.0381 |
180.356 | 0.005 | 0.000 | 0.921 | 0.0442 |-0.0123 |0.0000 |0.0105 |0.0385 |
180.777 | 0.005 | 0.000 | 0.932 | 0.0446 |-0.0125 |0.0000 |0.0106 |0.0389 |
181.195 | 0.005 | 0.000 | 0.943 | 0.0450 |-0.0126 |0.0000 |0.0107 |0.0392 |
181.611 | 0.005 | 0.000 | 0.953 | 0.0454 |-0.0127 |0.0000 |0.0108 |0.0396 |
182.024 | 0.005 | 0.000 | 0.964 | 0.0458 |-0.0128 |0.0000 |0.0109 |0.0400 |
182.435 | 0.005 | 0.000 | 0.975 | 0.0462 |-0.0129 |0.0000 |0.0110 |0.0403 |
182.843 | 0.005 | 0.000 | 0.986 | 0.0466 |-0.0130 |0.0000 |0.0111 |0.0407 |
183.249 | 0.005 | 0.000 | 0.997 | 0.0470 |-0.0131 |0.0000 |0.0112 |0.0411 |
183.653 | 0.006 | 0.000 | 1.008 | 0.0474 |-0.0132 |0.0000 |0.0113 |0.0414 |
184.054 | 0.006 | 0.000 | 1.020 | 0.0478 |-0.0133 |0.0000 |0.0114 |0.0418 |
184.453 | 0.006 | 0.000 | 1.031 | 0.0482 |-0.0135 |0.0000 |0.0115 |0.0422 |
184.850 | 0.006 | 0.000 | 1.042 | 0.0486 |-0.0136 |0.0000 |0.0116 |0.0425 |
185.245 | 0.006 | 0.000 | 1.053 | 0.0490 |-0.0137 |0.0000 |0.0117 |0.0429 |
185.637 | 0.006 | 0.000 | 1.064 | 0.0494 |-0.0138 |0.0000 |0.0118 |0.0433 |
186.027 | 0.006 | 0.000 | 1.075 | 0.0498 |-0.0139 |0.0000 |0.0119 |0.0436 |
186.415 | 0.006 | 0.000 | 1.086 | 0.0502 |-0.0140 |0.0000 |0.0120 |0.0440 |
186.801 | 0.006 | 0.000 | 1.098 | 0.0506 |-0.0141 |0.0000 |0.0121 |0.0444 |
187.185 | 0.007 | 0.000 | 1.109 | 0.0510 |-0.0142 |0.0000 |0.0122 |0.0447 |
187.567 | 0.007 | 0.000 | 1.120 | 0.0515 |-0.0143 |0.0000 |0.0123 |0.0451 |
187.947 | 0.007 | 0.000 | 1.131 | 0.0519 |-0.0145 |0.0000 |0.0124 |0.0455 |
188.324 | 0.007 | 0.000 | 1.143 | 0.0523 |-0.0146 |0.0000 |0.0125 |0.0458 |
188.700 | 0.007 | 0.000 | 1.154 | 0.0527 |-0.0147 |0.0000 |0.0126 |0.0462 |
189.074 | 0.007 | 0.000 | 1.165 | 0.0531 |-0.0148 |0.0000 |0.0127 |0.0466 |
189.446 | 0.007 | 0.000 | 1.177 | 0.0535 |-0.0149 |0.0000 |0.0129 |0.0469 |
189.816 | 0.007 | 0.000 | 1.188 | 0.0539 |-0.0150 |0.0000 |0.0130 |0.0473 |
190.184 | 0.008 | 0.000 | 1.199 | 0.0543 |-0.0151 |0.0000 |0.0131 |0.0477 |
190.551 | 0.008 | 0.000 | 1.211 | 0.0547 |-0.0152 |0.0000 |0.0132 |0.0480 |
190.915 | 0.008 | 0.000 | 1.222 | 0.0551 |-0.0153 |0.0000 |0.0133 |0.0484 |
191.278 | 0.008 | 0.000 | 1.234 | 0.0555 |-0.0154 |0.0000 |0.0134 |0.0488 |
191.639 | 0.008 | 0.000 | 1.245 | 0.0559 |-0.0156 |0.0000 |0.0135 |0.0491 |
191.998 | 0.008 | 0.000 | 1.257 | 0.0563 |-0.0157 |0.0000 |0.0136 |0.0495 |
192.355 | 0.008 | 0.000 | 1.268 | 0.0567 |-0.0158 |0.0000 |0.0137 |0.0499 |
192.711 | 0.008 | 0.000 | 1.280 | 0.0571 |-0.0159 |0.0000 |0.0138 |0.0502 |
193.064 | 0.009 | 0.000 | 1.291 | 0.0575 |-0.0160 |0.0000 |0.0139 |0.0506 |
193.417 | 0.009 | 0.000 | 1.303 | 0.0579 |-0.0161 |0.0000 |0.0140 |0.0510 |
193.767 | 0.009 | 0.000 | 1.314 | 0.0583 |-0.0162 |0.0000 |0.0141 |0.0513 |
194.116 | 0.009 | 0.000 | 1.326 | 0.0587 |-0.0163 |0.0000 |0.0142 |0.0517 |
194.463 | 0.009 | 0.000 | 1.338 | 0.0591 |-0.0164 |0.0000 |0.0143 |0.0521 |
194.808 | 0.009 | 0.000 | 1.349 | 0.0595 |-0.0165 |0.0000 |0.0144 |0.0524 |
195.152 | 0.009 | 0.000 | 1.361 | 0.0599 |-0.0167 |0.0000 |0.0145 |0.0528 |
195.494 | 0.010 | 0.000 | 1.373 | 0.0603 |-0.0168 |0.0000 |0.0146 |0.0531 |
195.835 | 0.010 | 0.000 | 1.384 | 0.0606 |-0.0169 |0.0000 |0.0147 |0.0535 |
196.174 | 0.010 | 0.000 | 1.396 | 0.0610 |-0.0170 |0.0000 |0.0148 |0.0539 |
196.512 | 0.010 | 0.000 | 1.408 | 0.0614 |-0.0171 |0.0000 |0.0149 |0.0542 |
196.848 | 0.010 | 0.000 | 1.419 | 0.0618 |-0.0172 |0.0000 |0.0150 |0.0546 |
197.182 | 0.010 | 0.000 | 1.431 | 0.0622 |-0.0173 |0.0000 |0.0151 |0.0550 |
197.515 | 0.011 | 0.000 | 1.443 | 0.0626 |-0.0174 |0.0000 |0.0152 |0.0553 |
197.846 | 0.011 | 0.000 | 1.455 | 0.0630 |-0.0175 |0.0000 |0.0153 |0.0557 |
198.176 | 0.011 | 0.000 | 1.467 | 0.0634 |-0.0176 |0.0000 |0.0154 |0.0561 |
198.505 | 0.011 | 0.000 | 1.478 | 0.0638 |-0.0177 |0.0000 |0.0155 |0.0564 |
198.832 | 0.011 | 0.000 | 1.490 | 0.0642 |-0.0179 |0.0000 |0.0156 |0.0568 |
199.158 | 0.011 | 0.000 | 1.502 | 0.0646 |-0.0180 |0.0000 |0.0157 |0.0571 |
199.482 | 0.011 | 0.000 | 1.514 | 0.0650 |-0.0181 |0.0000 |0.0158 |0.0575 |
199.805 | 0.012 | 0.000 | 1.526 | 0.0654 |-0.0182 |0.0000 |0.0159 |0.0579 |
200.126 | 0.012 | 0.000 | 1.538 | 0.0658 |-0.0183 |0.0000 |0.0160 |0.0582 |
200.446 | 0.012 | 0.000 | 1.550 | 0.0662 |-0.0184 |0.0000 |0.0161 |0.0586 |
200.765 | 0.012 | 0.000 | 1.562 | 0.0666 |-0.0185 |0.0000 |0.0162 |0.0590 |
201.082 | 0.012 | 0.000 | 1.573 | 0.0670 |-0.0186 |0.0000 |0.0163 |0.0593 |
201.398 | 0.012 | 0.000 | 1.585 | 0.0674 |-0.0187 |0.0000 |0.0164 |0.0597 |
201.713 | 0.013 | 0.000 | 1.597 | 0.0678 |-0.0188 |0.0000 |0.0165 |0.0600 |
202.027 | 0.013 | 0.000 | 1.609 | 0.0682 |-0.0189 |0.0000 |0.0166 |0.0604 |
202.339 | 0.013 | 0.000 | 1.621 | 0.0686 |-0.0191 |0.0000 |0.0167 |0.0608 |
202.650 | 0.013 | 0.000 | 1.633 | 0.0690 |-0.0192 |0.0000 |0.0168 |0.0611 |
202.959 | 0.013 | 0.000 | 1.645 | 0.0694 |-0.0193 |0.0000 |0.0169 |0.0615 |
203.268 | 0.014 | 0.000 | 1.657 | 0.0698 |-0.0194 |0.0000 |0.0170 |0.0619 |
203.575 | 0.014 | 0.000 | 1.670 | 0.0702 |-0.0195 |0.0000 |0.0171 |0.0622 |
203.881 | 0.014 | 0.000 | 1.682 | 0.0706 |-0.0196 |0.0000 |0.0173 |0.0626 |
204.185 | 0.014 | 0.000 | 1.694 | 0.0710 |-0.0197 |0.0000 |0.0174 |0.0629 |
204.489 | 0.014 | 0.000 | 1.706 | 0.0714 |-0.0198 |0.0000 |0.0175 |0.0633 |
204.791 | 0.014 | 0.000 | 1.718 | 0.0718 |-0.0199 |0.0000 |0.0176 |0.0637 |
205.092 | 0.015 | 0.000 | 1.730 | 0.0722 |-0.0200 |0.0000 |0.0177 |0.0640 |
205.392 | 0.015 | 0.000 | 1.742 | 0.0725 |-0.0201 |0.0000 |0.0178 |0.0644 |
205.690 | 0.015 | 0.000 | 1.754 | 0.0729 |-0.0202 |0.0000 |0.0179 |0.0648 |
205.988 | 0.015 | 0.000 | 1.767 | 0.0733 |-0.0204 |0.0000 |0.0180 |0.0651 |
206.284 | 0.015 | 0.000 | 1.779 | 0.0737 |-0.0205 |0.0000 |0.0181 |0.0655 |
206.579 | 0.016 | 0.000 | 1.791 | 0.0741 |-0.0206 |0.0000 |0.0182 |0.0658 |
206.873 | 0.016 | 0.000 | 1.803 | 0.0745 |-0.0207 |0.0000 |0.0183 |0.0662 |
207.166 | 0.016 | 0.000 | 1.815 | 0.0749 |-0.0208 |0.0000 |0.0184 |0.0666 |
207.458 | 0.016 | 0.000 | 1.828 | 0.0753 |-0.0209 |0.0000 |0.0185 |0.0669 |
207.749 | 0.016 | 0.000 | 1.840 | 0.0757 |-0.0210 |0.0000 |0.0186 |0.0673 |
208.038 | 0.016 | 0.000 | 1.852 | 0.0761 |-0.0211 |0.0000 |0.0187 |0.0676 |
208.327 | 0.017 | 0.000 | 1.864 | 0.0765 |-0.0212 |0.0000 |0.0188 |0.0680 |
208.614 | 0.017 | 0.000 | 1.877 | 0.0769 |-0.0213 |0.0000 |0.0189 |0.0684 |
208.901 | 0.017 | 0.000 | 1.889 | 0.0773 |-0.0214 |0.0000 |0.0190 |0.0687 |
209.186 | 0.017 | 0.000 | 1.901 | 0.0777 |-0.0215 |0.0000 |0.0191 |0.0691 |
209.470 | 0.017 | 0.000 | 1.914 | 0.0781 |-0.0216 |0.0000 |0.0192 |0.0694 |
209.753 | 0.018 | 0.000 | 1.926 | 0.0785 |-0.0218 |0.0000 |0.0193 |0.0698 |
210.035 | 0.018 | 0.000 | 1.938 | 0.0788 |-0.0219 |0.0000 |0.0194 |0.0702 |
210.317 | 0.018 | 0.000 | 1.951 | 0.0792 |-0.0220 |0.0000 |0.0195 |0.0705 |
210.597 | 0.018 | 0.000 | 1.963 | 0.0796 |-0.0221 |0.0000 |0.0196 |0.0709 |
210.876 | 0.019 | 0.000 | 1.975 | 0.0800 |-0.0222 |0.0000 |0.0197 |0.0712 |
211.154 | 0.019 | 0.000 | 1.988 | 0.0804 |-0.0223 |0.0000 |0.0198 |0.0716 |
211.431 | 0.019 | 0.000 | 2.000 | 0.0808 |-0.0224 |0.0000 |0.0199 |0.0720 |
211.707 | 0.019 | 0.000 | 2.013 | 0.0812 |-0.0225 |0.0000 |0.0200 |0.0723 |
211.982 | 0.019 | 0.000 | 2.025 | 0.0816 |-0.0226 |0.0000 |0.0201 |0.0727 |
212.257 | 0.020 | 0.000 | 2.037 | 0.0820 |-0.0227 |0.0000 |0.0202 |0.0730 |
212.530 | 0.020 | 0.000 | 2.050 | 0.0824 |-0.0228 |0.0000 |0.0203 |0.0734 |
212.802 | 0.020 | 0.000 | 2.062 | 0.0828 |-0.0229 |0.0000 |0.0204 |0.0737 |
213.073 | 0.020 | 0.000 | 2.075 | 0.0832 |-0.0230 |0.0000 |0.0205 |0.0741 |
213.344 | 0.020 | 0.000 | 2.087 | 0.0836 |-0.0231 |0.0000 |0.0206 |0.0745 |
213.613 | 0.021 | 0.000 | 2.100 | 0.0839 |-0.0233 |0.0000 |0.0207 |0.0748 |
213.882 | 0.021 | 0.000 | 2.112 | 0.0843 |-0.0234 |0.0000 |0.0208 |0.0752 |
214.149 | 0.021 | 0.000 | 2.125 | 0.0847 |-0.0235 |0.0000 |0.0209 |0.0755 |
214.416 | 0.021 | 0.000 | 2.137 | 0.0851 |-0.0236 |0.0000 |0.0210 |0.0759 |
214.682 | 0.022 | 0.000 | 2.150 | 0.0855 |-0.0237 |0.0000 |0.0211 |0.0763 |
214.947 | 0.022 | 0.000 | 2.163 | 0.0859 |-0.0238 |0.0000 |0.0212 |0.0766 |
215.211 | 0.022 | 0.000 | 2.175 | 0.0863 |-0.0239 |0.0000 |0.0213 |0.0770 |
215.474 | 0.022 | 0.000 | 2.188 | 0.0867 |-0.0240 |0.0000 |0.0215 |0.0773 |
215.736 | 0.022 | 0.000 | 2.200 | 0.0871 |-0.0241 |0.0000 |0.0216 |0.0777 |
215.998 | 0.023 | 0.000 | 2.213 | 0.0875 |-0.0242 |0.0000 |0.0217 |0.0780 |
216.258 | 0.023 | 0.000 | 2.225 | 0.0878 |-0.0243 |0.0000 |0.0218 |0.0784 |
216.518 | 0.023 | 0.000 | 2.238 | 0.0882 |-0.0244 |0.0000 |0.0219 |0.0788 |
216.777 | 0.023 | 0.000 | 2.251 | 0.0886 |-0.0245 |0.0000 |0.0220 |0.0791 |
217.035 | 0.024 | 0.000 | 2.263 | 0.0890 |-0.0246 |0.0000 |0.0221 |0.0795 |
217.292 | 0.024 | 0.000 | 2.276 | 0.0894 |-0.0248 |0.0000 |0.0222 |0.0798 |
217.548 | 0.024 | 0.000 | 2.289 | 0.0898 |-0.0249 |0.0000 |0.0223 |0.0802 |
217.804 | 0.024 | 0.000 | 2.301 | 0.0902 |-0.0250 |0.0000 |0.0224 |0.0805 |
218.058 | 0.025 | 0.000 | 2.314 | 0.0906 |-0.0251 |0.0000 |0.0225 |0.0809 |
218.312 | 0.025 | 0.000 | 2.327 | 0.0910 |-0.0252 |0.0000 |0.0226 |0.0813 |
218.565 | 0.025 | 0.000 | 2.339 | 0.0914 |-0.0253 |0.0000 |0.0227 |0.0816 |
218.817 | 0.025 | 0.000 | 2.352 | 0.0917 |-0.0254 |0.0000 |0.0228 |0.0820 |
219.069 | 0.026 | 0.000 | 2.365 | 0.0921 |-0.0255 |0.0000 |0.0229 |0.0823 |
219.320 | 0.026 | 0.000 | 2.378 | 0.0925 |-0.0256 |0.0000 |0.0230 |0.0827 |
219.569 | 0.026 | 0.000 | 2.390 | 0.0929 |-0.0257 |0.0000 |0.0231 |0.0830 |
219.819 | 0.026 | 0.000 | 2.403 | 0.0933 |-0.0258 |0.0000 |0.0232 |0.0834 |
220.067 | 0.027 | 0.000 | 2.416 | 0.0937 |-0.0259 |0.0000 |0.0233 |0.0838 |
220.314 | 0.027 | 0.000 | 2.429 | 0.0941 |-0.0260 |0.0000 |0.0234 |0.0841 |
220.561 | 0.027 | 0.000 | 2.441 | 0.0945 |-0.0261 |0.0000 |0.0235 |0.0845 |
220.807 | 0.027 | 0.000 | 2.454 | 0.0949 |-0.0262 |0.0000 |0.0236 |0.0848 |
221.052 | 0.028 | 0.000 | 2.467 | 0.0952 |-0.0263 |0.0000 |0.0237 |0.0852 |
221.297 | 0.028 | 0.000 | 2.480 | 0.0956 |-0.0264 |0.0000 |0.0238 |0.0855 |
221.541 | 0.028 | 0.000 | 2.493 | 0.0960 |-0.0266 |0.0000 |0.0239 |0.0859 |
221.784 | 0.028 | 0.000 | 2.505 | 0.0964 |-0.0267 |0.0000 |0.0240 |0.0862 |
222.026 | 0.029 | 0.000 | 2.518 | 0.0968 |-0.0268 |0.0000 |0.0241 |0.0866 |
222.268 | 0.029 | 0.000 | 2.531 | 0.0972 |-0.0269 |0.0000 |0.0242 |0.0870 |
222.508 | 0.029 | 0.000 | 2.544 | 0.0976 |-0.0270 |0.0000 |0.0243 |0.0873 |
222.749 | 0.029 | 0.000 | 2.557 | 0.0980 |-0.0271 |0.0000 |0.0244 |0.0877 |
222.988 | 0.030 | 0.000 | 2.570 | 0.0983 |-0.0272 |0.0000 |0.0245 |0.0880 |
223.227 | 0.030 | 0.000 | 2.583 | 0.0987 |-0.0273 |0.0000 |0.0246 |0.0884 |
223.465 | 0.030 | 0.000 | 2.595 | 0.0991 |-0.0274 |0.0000 |0.0247 |0.0887 |
223.702 | 0.030 | 0.000 | 2.608 | 0.0995 |-0.0275 |0.0000 |0.0248 |0.0891 |
223.938 | 0.031 | 0.000 | 2.621 | 0.0999 |-0.0276 |0.0000 |0.0249 |0.0894 |
224.174 | 0.031 | 0.000 | 2.634 | 0.1003 |-0.0277 |0.0000 |0.0250 |0.0898 |
224.409 | 0.031 | 0.000 | 2.647 | 0.1007 |-0.0278 |0.0000 |0.0251 |0.0901 |
224.644 | 0.031 | 0.000 | 2.660 | 0.1010 |-0.0279 |0.0000 |0.0252 |0.0905 |
224.878 | 0.032 | 0.000 | 2.673 | 0.1014 |-0.0280 |0.0000 |0.0253 |0.0909 |
225.111 | 0.032 | 0.000 | 2.686 | 0.1018 |-0.0281 |0.0000 |0.0254 |0.0912 |
225.343 | 0.032 | 0.000 | 2.699 | 0.1022 |-0.0282 |0.0000 |0.0256 |0.0916 |
225.575 | 0.033 | 0.000 | 2.712 | 0.1026 |-0.0283 |0.0000 |0.0257 |0.0919 |
225.806 | 0.033 | 0.000 | 2.725 | 0.1030 |-0.0284 |0.0000 |0.0258 |0.0923 |
226.037 | 0.033 | 0.000 | 2.738 | 0.1034 |-0.0286 |0.0000 |0.0259 |0.0926 |
226.267 | 0.033 | 0.000 | 2.751 | 0.1038 |-0.0287 |0.0000 |0.0260 |0.0930 |
226.496 | 0.034 | 0.000 | 2.764 | 0.1041 |-0.0288 |0.0000 |0.0261 |0.0933 |
226.725 | 0.034 | 0.000 | 2.777 | 0.1045 |-0.0289 |0.0000 |0.0262 |0.0937 |
226.952 | 0.034 | 0.000 | 2.790 | 0.1049 |-0.0290 |0.0000 |0.0263 |0.0940 |
227.180 | 0.035 | 0.000 | 2.803 | 0.1053 |-0.0291 |0.0000 |0.0264 |0.0944 |
227.406 | 0.035 | 0.000 | 2.816 | 0.1057 |-0.0292 |0.0000 |0.0265 |0.0947 |
227.632 | 0.035 | 0.000 | 2.829 | 0.1061 |-0.0293 |0.0000 |0.0266 |0.0951 |
227.858 | 0.035 | 0.000 | 2.842 | 0.1064 |-0.0294 |0.0000 |0.0267 |0.0955 |
228.083 | 0.036 | 0.000 | 2.855 | 0.1068 |-0.0295 |0.0000 |0.0268 |0.0958 |
228.307 | 0.036 | 0.000 | 2.868 | 0.1072 |-0.0296 |0.0000 |0.0269 |0.0962 |
228.530 | 0.036 | 0.000 | 2.881 | 0.1076 |-0.0297 |0.0000 |0.0270 |0.0965 |
228.753 | 0.037 | 0.000 | 2.894 | 0.1080 |-0.0298 |0.0000 |0.0271 |0.0969 |
228.976 | 0.037 | 0.000 | 2.907 | 0.1084 |-0.0299 |0.0000 |0.0272 |0.0972 |
229.197 | 0.037 | 0.000 | 2.920 | 0.1088 |-0.0300 |0.0000 |0.0273 |0.0976 |
229.418 | 0.038 | 0.000 | 2.933 | 0.1091 |-0.0301 |0.0000 |0.0274 |0.0979 |
229.639 | 0.038 | 0.000 | 2.947 | 0.1095 |-0.0302 |0.0000 |0.0275 |0.0983 |
229.859 | 0.038 | 0.000 | 2.960 | 0.1099 |-0.0303 |0.0000 |0.0276 |0.0986 |
230.078 | 0.038 | 0.000 | 2.973 | 0.1103 |-0.0304 |0.0000 |0.0277 |0.0990 |
230.297 | 0.039 | 0.000 | 2.986 | 0.1107 |-0.0305 |0.0000 |0.0278 |0.0993 |
230.515 | 0.039 | 0.000 | 2.999 | 0.1111 |-0.0306 |0.0000 |0.0279 |0.0997 |
230.733 | 0.039 | 0.000 | 3.012 | 0.1114 |-0.0308 |0.0000 |0.0280 |0.1000 |
230.950 | 0.040 | 0.000 | 3.025 | 0.1118 |-0.0309 |0.0000 |0.0281 |0.1004 |
231.166 | 0.040 | 0.000 | 3.039 | 0.1122 |-0.0310 |0.0000 |0.0282 |0.1007 |
231.382 | 0.040 | 0.000 | 3.052 | 0.1126 |-0.0311 |0.0000 |0.0283 |0.1011 |
231.597 | 0.041 | 0.000 | 3.065 | 0.1130 |-0.0312 |0.0000 |0.0284 |0.1014 |
231.812 | 0.041 | 0.000 | 3.078 | 0.1134 |-0.0313 |0.0000 |0.0285 |0.1018 |
232.026 | 0.041 | 0.000 | 3.091 | 0.1137 |-0.0314 |0.0000 |0.0286 |0.1021 |
232.240 | 0.041 | 0.000 | 3.104 | 0.1141 |-0.0315 |0.0000 |0.0287 |0.1025 |
232.453 | 0.042 | 0.000 | 3.118 | 0.1145 |-0.0316 |0.0000 |0.0288 |0.1028 |
232.666 | 0.042 | 0.000 | 3.131 | 0.1149 |-0.0317 |0.0000 |0.0289 |0.1032 |
232.878 | 0.042 | 0.000 | 3.144 | 0.1153 |-0.0318 |0.0000 |0.0290 |0.1035 |
233.089 | 0.043 | 0.000 | 3.157 | 0.1157 |-0.0319 |0.0000 |0.0291 |0.1039 |
233.300 | 0.043 | 0.000 | 3.170 | 0.1160 |-0.0320 |0.0000 |0.0292 |0.1043 |
233.510 | 0.043 | 0.000 | 3.184 | 0.1164 |-0.0321 |0.0000 |0.0293 |0.1046 |
233.720 | 0.044 | 0.000 | 3.197 | 0.1168 |-0.0322 |0.0000 |0.0294 |0.1050 |
233.929 | 0.044 | 0.000 | 3.210 | 0.1172 |-0.0323 |0.0000 |0.0296 |0.1053 |
234.138 | 0.044 | 0.000 | 3.223 | 0.1176 |-0.0324 |0.0000 |0.0297 |0.1057 |
234.346 | 0.045 | 0.000 | 3.237 | 0.1179 |-0.0325 |0.0000 |0.0298 |0.1060 |
234.554 | 0.045 | 0.000 | 3.250 | 0.1183 |-0.0326 |0.0000 |0.0299 |0.1064 |
234.761 | 0.045 | 0.000 | 3.263 | 0.1187 |-0.0327 |0.0000 |0.0300 |0.1067 |
234.968 | 0.046 | 0.000 | 3.277 | 0.1191 |-0.0328 |0.0000 |0.0301 |0.1071 |
235.174 | 0.046 | 0.000 | 3.290 | 0.1195 |-0.0329 |0.0000 |0.0302 |0.1074 |
235.380 | 0.046 | 0.000 | 3.303 | 0.1199 |-0.0330 |0.0000 |0.0303 |0.1078 |
235.585 | 0.047 | 0.000 | 3.316 | 0.1202 |-0.0331 |0.0000 |0.0304 |0.1081 |
235.790 | 0.047 | 0.000 | 3.330 | 0.1206 |-0.0332 |0.0000 |0.0305 |0.1085 |
235.994 | 0.047 | 0.000 | 3.343 | 0.1210 |-0.0333 |0.0000 |0.0306 |0.1088 |
236.198 | 0.048 | 0.000 | 3.356 | 0.1214 |-0.0334 |0.0000 |0.0307 |0.1092 |
236.401 | 0.048 | 0.000 | 3.370 | 0.1218 |-0.0336 |0.0000 |0.0308 |0.1095 |
236.604 | 0.048 | 0.000 | 3.383 | 0.1221 |-0.0337 |0.0000 |0.0309 |0.1099 |
236.806 | 0.049 | 0.000 | 3.396 | 0.1225 |-0.0338 |0.0000 |0.0310 |0.1102 |
237.007 | 0.049 | 0.000 | 3.410 | 0.1229 |-0.0339 |0.0000 |0.0311 |0.1106 |
237.209 | 0.049 | 0.000 | 3.423 | 0.1233 |-0.0340 |0.0000 |0.0312 |0.1109 |
237.409 | 0.050 | 0.000 | 3.436 | 0.1237 |-0.0341 |0.0000 |0.0313 |0.1112 |
237.610 | 0.050 | 0.000 | 3.450 | 0.1240 |-0.0342 |0.0000 |0.0314 |0.1116 |
237.809 | 0.050 | 0.000 | 3.463 | 0.1244 |-0.0343 |0.0000 |0.0315 |0.1119 |
238.009 | 0.051 | 0.000 | 3.476 | 0.1248 |-0.0344 |0.0000 |0.0316 |0.1123 |
238.207 | 0.051 | 0.000 | 3.490 | 0.1252 |-0.0345 |0.0000 |0.0317 |0.1126 |
238.406 | 0.051 | 0.000 | 3.503 | 0.1256 |-0.0346 |0.0000 |0.0318 |0.1130 |
238.604 | 0.052 | 0.000 | 3.517 | 0.1259 |-0.0347 |0.0000 |0.0319 |0.1133 |
238.801 | 0.052 | 0.000 | 3.530 | 0.1263 |-0.0348 |0.0000 |0.0320 |0.1137 |
238.998 | 0.053 | 0.000 | 3.543 | 0.1267 |-0.0349 |0.0000 |0.0321 |0.1140 |
239.194 | 0.053 | 0.000 | 3.557 | 0.1271 |-0.0350 |0.0000 |0.0322 |0.1144 |
239.390 | 0.053 | 0.000 | 3.570 | 0.1275 |-0.0351 |0.0000 |0.0323 |0.1147 |
239.586 | 0.054 | 0.000 | 3.584 | 0.1278 |-0.0352 |0.0000 |0.0324 |0.1151 |
239.781 | 0.054 | 0.000 | 3.597 | 0.1282 |-0.0353 |0.0000 |0.0325 |0.1154 |
239.976 | 0.054 | 0.000 | 3.611 | 0.1286 |-0.0354 |0.0000 |0.0326 |0.1158 |
240.170 | 0.055 | 0.000 | 3.624 | 0.1290 |-0.0355 |0.0000 |0.0327 |0.1161 |
240.364 | 0.055 | 0.000 | 3.637 | 0.1293 |-0.0356 |0.0000 |0.0328 |0.1165 |
240.557 | 0.055 | 0.000 | 3.651 | 0.1297 |-0.0357 |0.0000 |0.0329 |0.1168 |
240.750 | 0.056 | 0.000 | 3.664 | 0.1301 |-0.0358 |0.0000 |0.0330 |0.1172 |
240.942 | 0.056 | 0.000 | 3.678 | 0.1305 |-0.0359 |0.0000 |0.0331 |0.1175 |
241.134 | 0.057 | 0.000 | 3.691 | 0.1309 |-0.0360 |0.0000 |0.0332 |0.1179 |
241.326 | 0.057 | 0.000 | 3.705 | 0.1312 |-0.0361 |0.0000 |0.0333 |0.1182 |
241.517 | 0.057 | 0.000 | 3.718 | 0.1316 |-0.0362 |0.0000 |0.0334 |0.1186 |
241.708 | 0.058 | 0.000 | 3.732 | 0.1320 |-0.0363 |0.0000 |0.0336 |0.1189 |
241.898 | 0.058 | 0.000 | 3.745 | 0.1324 |-0.0364 |0.0000 |0.0337 |0.1193 |
241.901 | 0.058 | 0.000 | 3.745 | 0.1324 |-0.0364 |0.0000 |0.0337 |0.1193 |
