Test angle: 0
Mesh element_496 : S11 | S22 | S33 | S12 | E11 | E22 | E33 | 2*E12 | EPbar 
0.000 | 0.000 | 0.000 | 0.000 | 0.0000 |0.0000 |0.0000 |0.0000 |0.0000 |
0.503 | -0.000 | 0.000 | -0.000 | 0.0000 |-0.0000 |0.0000 |-0.0000 |0.0000 |
1.005 | -0.000 | 0.000 | -0.000 | 0.0000 |-0.0000 |0.0000 |-0.0000 |0.0000 |
1.759 | -0.000 | 0.000 | -0.000 | 0.0000 |-0.0000 |0.0000 |-0.0000 |0.0000 |
2.891 | -0.000 | 0.000 | -0.000 | 0.0000 |-0.0000 |0.0000 |-0.0000 |0.0000 |
4.587 | -0.000 | 0.000 | -0.000 | 0.0001 |-0.0000 |0.0000 |-0.0000 |0.0000 |
7.132 | -0.000 | 0.000 | -0.000 | 0.0001 |-0.0000 |0.0000 |-0.0000 |0.0000 |
10.949 | -0.000 | 0.000 | -0.000 | 0.0002 |-0.0001 |0.0000 |-0.0000 |0.0000 |
16.675 | -0.000 | 0.000 | -0.000 | 0.0002 |-0.0001 |0.0000 |-0.0000 |0.0000 |
25.262 | -0.000 | 0.000 | -0.000 | 0.0004 |-0.0001 |0.0000 |-0.0000 |0.0000 |
38.142 | -0.000 | 0.000 | -0.000 | 0.0005 |-0.0002 |0.0000 |-0.0000 |0.0000 |
57.458 | -0.000 | 0.000 | -0.000 | 0.0008 |-0.0003 |0.0000 |-0.0000 |0.0000 |
82.576 | -0.000 | 0.000 | -0.000 | 0.0012 |-0.0004 |0.0000 |-0.0000 |0.0000 |
107.682 | -0.000 | 0.000 | -0.000 | 0.0015 |-0.0005 |0.0000 |-0.0000 |0.0000 |
114.176 | -0.000 | 0.000 | -0.000 | 0.0020 |-0.0007 |0.0000 |-0.0000 |0.0003 |
116.046 | -0.000 | 0.000 | -0.000 | 0.0024 |-0.0008 |0.0000 |-0.0000 |0.0007 |
117.832 | -0.000 | 0.000 | -0.000 | 0.0028 |-0.0010 |0.0000 |-0.0000 |0.0012 |
119.546 | -0.000 | 0.000 | -0.001 | 0.0033 |-0.0011 |0.0000 |-0.0000 |0.0016 |
121.196 | -0.000 | 0.000 | -0.001 | 0.0037 |-0.0013 |0.0000 |-0.0000 |0.0020 |
122.791 | -0.000 | 0.000 | -0.001 | 0.0041 |-0.0014 |0.0000 |-0.0000 |0.0024 |
124.333 | -0.000 | 0.000 | -0.001 | 0.0046 |-0.0016 |0.0000 |-0.0000 |0.0028 |
125.829 | 0.000 | 0.000 | -0.001 | 0.0050 |-0.0017 |0.0000 |-0.0000 |0.0032 |
127.279 | 0.000 | 0.000 | -0.002 | 0.0054 |-0.0019 |0.0000 |-0.0000 |0.0036 |
128.690 | 0.000 | 0.000 | -0.002 | 0.0058 |-0.0020 |0.0000 |-0.0000 |0.0040 |
130.062 | 0.000 | 0.000 | -0.002 | 0.0063 |-0.0022 |0.0000 |-0.0000 |0.0044 |
131.399 | 0.000 | 0.000 | -0.002 | 0.0067 |-0.0023 |0.0000 |-0.0000 |0.0048 |
132.703 | 0.000 | 0.000 | -0.002 | 0.0071 |-0.0025 |0.0000 |-0.0000 |0.0052 |
133.976 | 0.000 | 0.000 | -0.003 | 0.0075 |-0.0026 |0.0000 |-0.0000 |0.0056 |
135.219 | 0.000 | 0.000 | -0.003 | 0.0079 |-0.0028 |0.0000 |-0.0000 |0.0060 |
136.434 | 0.000 | 0.000 | -0.003 | 0.0084 |-0.0029 |0.0000 |-0.0000 |0.0064 |
137.623 | 0.000 | 0.000 | -0.003 | 0.0088 |-0.0030 |0.0000 |-0.0000 |0.0068 |
138.786 | 0.000 | 0.000 | -0.004 | 0.0092 |-0.0032 |0.0000 |-0.0001 |0.0072 |
139.926 | 0.000 | 0.000 | -0.004 | 0.0096 |-0.0033 |0.0000 |-0.0001 |0.0076 |
141.043 | 0.000 | 0.000 | -0.004 | 0.0100 |-0.0035 |0.0000 |-0.0001 |0.0080 |
142.139 | 0.000 | 0.000 | -0.004 | 0.0104 |-0.0036 |0.0000 |-0.0001 |0.0084 |
143.214 | 0.000 | 0.000 | -0.005 | 0.0109 |-0.0038 |0.0000 |-0.0001 |0.0088 |
144.269 | 0.000 | 0.000 | -0.005 | 0.0113 |-0.0039 |0.0000 |-0.0001 |0.0092 |
145.305 | 0.000 | 0.000 | -0.005 | 0.0117 |-0.0041 |0.0000 |-0.0001 |0.0096 |
146.324 | 0.000 | 0.000 | -0.005 | 0.0121 |-0.0042 |0.0000 |-0.0001 |0.0100 |
147.325 | 0.000 | 0.000 | -0.006 | 0.0125 |-0.0044 |0.0000 |-0.0001 |0.0104 |
148.309 | 0.000 | 0.000 | -0.006 | 0.0129 |-0.0045 |0.0000 |-0.0001 |0.0108 |
149.278 | 0.000 | 0.000 | -0.006 | 0.0134 |-0.0047 |0.0000 |-0.0001 |0.0112 |
150.231 | 0.000 | 0.000 | -0.006 | 0.0138 |-0.0048 |0.0000 |-0.0001 |0.0116 |
151.169 | 0.000 | 0.000 | -0.007 | 0.0142 |-0.0049 |0.0000 |-0.0001 |0.0120 |
152.093 | 0.000 | 0.000 | -0.007 | 0.0146 |-0.0051 |0.0000 |-0.0001 |0.0124 |
153.003 | 0.000 | 0.000 | -0.007 | 0.0150 |-0.0052 |0.0000 |-0.0001 |0.0128 |
153.900 | 0.000 | 0.000 | -0.007 | 0.0154 |-0.0054 |0.0000 |-0.0001 |0.0132 |
154.784 | 0.000 | 0.000 | -0.008 | 0.0158 |-0.0055 |0.0000 |-0.0001 |0.0136 |
155.656 | 0.000 | 0.000 | -0.008 | 0.0163 |-0.0057 |0.0000 |-0.0001 |0.0140 |
156.516 | 0.000 | 0.000 | -0.008 | 0.0167 |-0.0058 |0.0000 |-0.0001 |0.0144 |
157.364 | 0.000 | 0.000 | -0.008 | 0.0171 |-0.0060 |0.0000 |-0.0001 |0.0148 |
158.201 | 0.000 | 0.000 | -0.009 | 0.0175 |-0.0061 |0.0000 |-0.0001 |0.0152 |
159.027 | 0.000 | 0.000 | -0.009 | 0.0179 |-0.0062 |0.0000 |-0.0001 |0.0156 |
159.842 | 0.000 | 0.000 | -0.009 | 0.0183 |-0.0064 |0.0000 |-0.0001 |0.0160 |
160.647 | 0.000 | 0.000 | -0.010 | 0.0187 |-0.0065 |0.0000 |-0.0001 |0.0164 |
161.443 | 0.000 | 0.000 | -0.010 | 0.0191 |-0.0067 |0.0000 |-0.0001 |0.0168 |
162.228 | 0.000 | 0.000 | -0.010 | 0.0195 |-0.0068 |0.0000 |-0.0001 |0.0172 |
163.005 | 0.000 | 0.000 | -0.010 | 0.0200 |-0.0070 |0.0000 |-0.0001 |0.0176 |
163.772 | 0.000 | 0.000 | -0.011 | 0.0204 |-0.0071 |0.0000 |-0.0001 |0.0180 |
164.530 | 0.000 | 0.000 | -0.011 | 0.0208 |-0.0073 |0.0000 |-0.0001 |0.0184 |
165.280 | 0.000 | 0.000 | -0.011 | 0.0212 |-0.0074 |0.0000 |-0.0001 |0.0188 |
166.021 | 0.000 | 0.000 | -0.012 | 0.0216 |-0.0075 |0.0000 |-0.0001 |0.0192 |
166.754 | 0.000 | 0.000 | -0.012 | 0.0220 |-0.0077 |0.0000 |-0.0001 |0.0196 |
167.479 | 0.000 | 0.000 | -0.012 | 0.0224 |-0.0078 |0.0000 |-0.0001 |0.0200 |
168.196 | 0.000 | 0.000 | -0.012 | 0.0228 |-0.0080 |0.0000 |-0.0002 |0.0204 |
168.906 | 0.000 | 0.000 | -0.013 | 0.0232 |-0.0081 |0.0000 |-0.0002 |0.0208 |
169.608 | 0.000 | 0.000 | -0.013 | 0.0236 |-0.0083 |0.0000 |-0.0002 |0.0212 |
170.303 | 0.000 | 0.000 | -0.013 | 0.0241 |-0.0084 |0.0000 |-0.0002 |0.0216 |
170.992 | 0.000 | 0.000 | -0.014 | 0.0245 |-0.0086 |0.0000 |-0.0002 |0.0220 |
171.673 | 0.000 | 0.000 | -0.014 | 0.0249 |-0.0087 |0.0000 |-0.0002 |0.0224 |
172.347 | 0.000 | 0.000 | -0.014 | 0.0253 |-0.0088 |0.0000 |-0.0002 |0.0228 |
173.015 | 0.000 | 0.000 | -0.015 | 0.0257 |-0.0090 |0.0000 |-0.0002 |0.0232 |
173.677 | 0.000 | 0.000 | -0.015 | 0.0261 |-0.0091 |0.0000 |-0.0002 |0.0236 |
174.332 | 0.000 | 0.000 | -0.015 | 0.0265 |-0.0093 |0.0000 |-0.0002 |0.0240 |
174.981 | 0.000 | 0.000 | -0.016 | 0.0269 |-0.0094 |0.0000 |-0.0002 |0.0244 |
175.624 | 0.000 | 0.000 | -0.016 | 0.0273 |-0.0096 |0.0000 |-0.0002 |0.0248 |
176.261 | 0.000 | 0.000 | -0.016 | 0.0277 |-0.0097 |0.0000 |-0.0002 |0.0252 |
176.893 | 0.000 | 0.000 | -0.017 | 0.0281 |-0.0098 |0.0000 |-0.0002 |0.0256 |
177.519 | 0.000 | 0.000 | -0.017 | 0.0285 |-0.0100 |0.0000 |-0.0002 |0.0260 |
178.139 | 0.000 | 0.000 | -0.017 | 0.0289 |-0.0101 |0.0000 |-0.0002 |0.0264 |
178.754 | 0.000 | 0.000 | -0.017 | 0.0294 |-0.0103 |0.0000 |-0.0002 |0.0268 |
179.364 | 0.000 | 0.000 | -0.018 | 0.0298 |-0.0104 |0.0000 |-0.0002 |0.0272 |
179.969 | 0.000 | 0.000 | -0.018 | 0.0302 |-0.0106 |0.0000 |-0.0002 |0.0276 |
180.568 | 0.000 | 0.000 | -0.018 | 0.0306 |-0.0107 |0.0000 |-0.0002 |0.0280 |
181.163 | 0.000 | 0.000 | -0.019 | 0.0310 |-0.0108 |0.0000 |-0.0002 |0.0283 |
181.752 | 0.000 | 0.000 | -0.019 | 0.0314 |-0.0110 |0.0000 |-0.0002 |0.0287 |
182.337 | 0.000 | 0.000 | -0.019 | 0.0318 |-0.0111 |0.0000 |-0.0002 |0.0291 |
182.917 | 0.000 | 0.000 | -0.020 | 0.0322 |-0.0113 |0.0000 |-0.0002 |0.0295 |
183.493 | 0.000 | 0.000 | -0.020 | 0.0326 |-0.0114 |0.0000 |-0.0002 |0.0299 |
184.064 | 0.000 | 0.000 | -0.020 | 0.0330 |-0.0116 |0.0000 |-0.0002 |0.0303 |
184.630 | 0.000 | 0.000 | -0.021 | 0.0334 |-0.0117 |0.0000 |-0.0002 |0.0307 |
185.192 | 0.000 | 0.000 | -0.021 | 0.0338 |-0.0118 |0.0000 |-0.0002 |0.0311 |
185.750 | 0.000 | 0.000 | -0.021 | 0.0342 |-0.0120 |0.0000 |-0.0002 |0.0315 |
186.304 | 0.000 | 0.000 | -0.022 | 0.0346 |-0.0121 |0.0000 |-0.0002 |0.0319 |
186.853 | 0.000 | 0.000 | -0.022 | 0.0350 |-0.0123 |0.0000 |-0.0002 |0.0323 |
187.399 | 0.000 | 0.000 | -0.022 | 0.0354 |-0.0124 |0.0000 |-0.0002 |0.0327 |
187.940 | 0.000 | 0.000 | -0.023 | 0.0358 |-0.0126 |0.0000 |-0.0002 |0.0331 |
188.478 | 0.000 | 0.000 | -0.023 | 0.0362 |-0.0127 |0.0000 |-0.0003 |0.0335 |
189.012 | 0.000 | 0.000 | -0.023 | 0.0366 |-0.0128 |0.0000 |-0.0003 |0.0339 |
189.542 | 0.000 | 0.000 | -0.024 | 0.0370 |-0.0130 |0.0000 |-0.0003 |0.0343 |
190.068 | 0.000 | 0.000 | -0.024 | 0.0374 |-0.0131 |0.0000 |-0.0003 |0.0347 |
190.591 | 0.000 | 0.000 | -0.025 | 0.0379 |-0.0133 |0.0000 |-0.0003 |0.0351 |
191.110 | 0.000 | 0.000 | -0.025 | 0.0383 |-0.0134 |0.0000 |-0.0003 |0.0355 |
191.625 | 0.000 | 0.000 | -0.025 | 0.0387 |-0.0135 |0.0000 |-0.0003 |0.0359 |
192.137 | 0.000 | 0.000 | -0.026 | 0.0391 |-0.0137 |0.0000 |-0.0003 |0.0363 |
192.645 | 0.000 | 0.000 | -0.026 | 0.0395 |-0.0138 |0.0000 |-0.0003 |0.0367 |
193.150 | 0.000 | 0.000 | -0.026 | 0.0399 |-0.0140 |0.0000 |-0.0003 |0.0371 |
193.652 | 0.000 | 0.000 | -0.027 | 0.0403 |-0.0141 |0.0000 |-0.0003 |0.0375 |
194.150 | 0.000 | 0.000 | -0.027 | 0.0407 |-0.0143 |0.0000 |-0.0003 |0.0378 |
194.645 | 0.000 | 0.000 | -0.027 | 0.0411 |-0.0144 |0.0000 |-0.0003 |0.0382 |
195.137 | 0.000 | 0.000 | -0.028 | 0.0415 |-0.0145 |0.0000 |-0.0003 |0.0386 |
195.626 | 0.000 | 0.000 | -0.028 | 0.0419 |-0.0147 |0.0000 |-0.0003 |0.0390 |
196.112 | 0.000 | 0.000 | -0.028 | 0.0423 |-0.0148 |0.0000 |-0.0003 |0.0394 |
196.594 | 0.000 | 0.000 | -0.029 | 0.0427 |-0.0150 |0.0000 |-0.0003 |0.0398 |
197.074 | 0.000 | 0.000 | -0.029 | 0.0431 |-0.0151 |0.0000 |-0.0003 |0.0402 |
197.551 | 0.000 | 0.000 | -0.030 | 0.0435 |-0.0152 |0.0000 |-0.0003 |0.0406 |
198.025 | 0.000 | 0.000 | -0.030 | 0.0439 |-0.0154 |0.0000 |-0.0003 |0.0410 |
198.495 | 0.000 | 0.000 | -0.030 | 0.0443 |-0.0155 |0.0000 |-0.0003 |0.0414 |
198.964 | 0.000 | 0.000 | -0.031 | 0.0447 |-0.0157 |0.0000 |-0.0003 |0.0418 |
199.429 | 0.000 | 0.000 | -0.031 | 0.0451 |-0.0158 |0.0000 |-0.0003 |0.0422 |
199.891 | 0.000 | 0.000 | -0.031 | 0.0455 |-0.0159 |0.0000 |-0.0003 |0.0426 |
200.351 | 0.000 | 0.000 | -0.032 | 0.0459 |-0.0161 |0.0000 |-0.0003 |0.0430 |
200.808 | 0.000 | 0.000 | -0.032 | 0.0463 |-0.0162 |0.0000 |-0.0003 |0.0434 |
201.263 | 0.000 | 0.000 | -0.032 | 0.0467 |-0.0164 |0.0000 |-0.0003 |0.0438 |
201.715 | 0.000 | 0.000 | -0.033 | 0.0471 |-0.0165 |0.0000 |-0.0003 |0.0441 |
202.164 | 0.000 | 0.000 | -0.033 | 0.0475 |-0.0166 |0.0000 |-0.0003 |0.0445 |
202.611 | 0.000 | 0.000 | -0.034 | 0.0479 |-0.0168 |0.0000 |-0.0003 |0.0449 |
203.055 | 0.000 | 0.000 | -0.034 | 0.0483 |-0.0169 |0.0000 |-0.0003 |0.0453 |
203.497 | 0.000 | 0.000 | -0.034 | 0.0487 |-0.0171 |0.0000 |-0.0003 |0.0457 |
203.936 | 0.000 | 0.000 | -0.035 | 0.0491 |-0.0172 |0.0000 |-0.0004 |0.0461 |
204.373 | 0.000 | 0.000 | -0.035 | 0.0495 |-0.0173 |0.0000 |-0.0004 |0.0465 |
204.807 | 0.000 | 0.000 | -0.035 | 0.0499 |-0.0175 |0.0000 |-0.0004 |0.0469 |
205.239 | 0.000 | 0.000 | -0.036 | 0.0503 |-0.0176 |0.0000 |-0.0004 |0.0473 |
205.669 | 0.000 | 0.000 | -0.036 | 0.0507 |-0.0178 |0.0000 |-0.0004 |0.0477 |
206.096 | 0.000 | 0.000 | -0.037 | 0.0511 |-0.0179 |0.0000 |-0.0004 |0.0481 |
206.522 | 0.000 | 0.000 | -0.037 | 0.0515 |-0.0181 |0.0000 |-0.0004 |0.0485 |
206.945 | 0.000 | 0.000 | -0.037 | 0.0519 |-0.0182 |0.0000 |-0.0004 |0.0489 |
207.365 | 0.000 | 0.000 | -0.038 | 0.0523 |-0.0183 |0.0000 |-0.0004 |0.0492 |
207.784 | 0.000 | 0.000 | -0.038 | 0.0527 |-0.0185 |0.0000 |-0.0004 |0.0496 |
208.200 | 0.000 | 0.000 | -0.039 | 0.0531 |-0.0186 |0.0000 |-0.0004 |0.0500 |
208.615 | 0.000 | 0.000 | -0.039 | 0.0535 |-0.0188 |0.0000 |-0.0004 |0.0504 |
209.027 | 0.000 | 0.000 | -0.039 | 0.0539 |-0.0189 |0.0000 |-0.0004 |0.0508 |
209.437 | 0.000 | 0.000 | -0.040 | 0.0543 |-0.0190 |0.0000 |-0.0004 |0.0512 |
209.845 | 0.000 | 0.000 | -0.040 | 0.0547 |-0.0192 |0.0000 |-0.0004 |0.0516 |
210.251 | 0.000 | 0.000 | -0.040 | 0.0551 |-0.0193 |0.0000 |-0.0004 |0.0520 |
210.655 | 0.000 | 0.000 | -0.041 | 0.0555 |-0.0194 |0.0000 |-0.0004 |0.0524 |
211.057 | 0.000 | 0.000 | -0.041 | 0.0559 |-0.0196 |0.0000 |-0.0004 |0.0528 |
211.457 | 0.000 | 0.000 | -0.042 | 0.0563 |-0.0197 |0.0000 |-0.0004 |0.0532 |
211.855 | 0.000 | 0.000 | -0.042 | 0.0567 |-0.0199 |0.0000 |-0.0004 |0.0536 |
212.251 | 0.000 | 0.000 | -0.042 | 0.0570 |-0.0200 |0.0000 |-0.0004 |0.0539 |
212.645 | 0.000 | 0.000 | -0.043 | 0.0574 |-0.0201 |0.0000 |-0.0004 |0.0543 |
213.038 | 0.000 | 0.000 | -0.043 | 0.0578 |-0.0203 |0.0000 |-0.0004 |0.0547 |
213.428 | 0.000 | 0.000 | -0.044 | 0.0582 |-0.0204 |0.0000 |-0.0004 |0.0551 |
213.817 | 0.000 | 0.000 | -0.044 | 0.0586 |-0.0206 |0.0000 |-0.0004 |0.0555 |
214.204 | 0.000 | 0.000 | -0.044 | 0.0590 |-0.0207 |0.0000 |-0.0004 |0.0559 |
214.589 | 0.000 | 0.000 | -0.045 | 0.0594 |-0.0208 |0.0000 |-0.0004 |0.0563 |
214.972 | 0.000 | 0.000 | -0.045 | 0.0598 |-0.0210 |0.0000 |-0.0004 |0.0567 |
215.353 | 0.000 | 0.000 | -0.046 | 0.0602 |-0.0211 |0.0000 |-0.0004 |0.0571 |
215.733 | 0.000 | 0.000 | -0.046 | 0.0606 |-0.0213 |0.0000 |-0.0004 |0.0575 |
216.111 | 0.000 | 0.000 | -0.046 | 0.0610 |-0.0214 |0.0000 |-0.0004 |0.0578 |
216.487 | 0.000 | 0.000 | -0.047 | 0.0614 |-0.0215 |0.0000 |-0.0005 |0.0582 |
216.862 | 0.000 | 0.000 | -0.047 | 0.0618 |-0.0217 |0.0000 |-0.0005 |0.0586 |
217.235 | 0.000 | 0.000 | -0.048 | 0.0622 |-0.0218 |0.0000 |-0.0005 |0.0590 |
217.606 | 0.000 | 0.000 | -0.048 | 0.0626 |-0.0220 |0.0000 |-0.0005 |0.0594 |
217.976 | 0.000 | 0.000 | -0.048 | 0.0630 |-0.0221 |0.0000 |-0.0005 |0.0598 |
218.344 | 0.000 | 0.000 | -0.049 | 0.0634 |-0.0222 |0.0000 |-0.0005 |0.0602 |
218.710 | 0.000 | 0.000 | -0.049 | 0.0638 |-0.0224 |0.0000 |-0.0005 |0.0606 |
219.075 | 0.000 | 0.000 | -0.050 | 0.0642 |-0.0225 |0.0000 |-0.0005 |0.0610 |
219.438 | 0.000 | 0.000 | -0.050 | 0.0646 |-0.0227 |0.0000 |-0.0005 |0.0613 |
219.800 | 0.000 | 0.000 | -0.051 | 0.0650 |-0.0228 |0.0000 |-0.0005 |0.0617 |
220.160 | 0.000 | 0.000 | -0.051 | 0.0654 |-0.0229 |0.0000 |-0.0005 |0.0621 |
220.518 | 0.000 | 0.000 | -0.051 | 0.0657 |-0.0231 |0.0000 |-0.0005 |0.0625 |
220.875 | 0.000 | 0.000 | -0.052 | 0.0661 |-0.0232 |0.0000 |-0.0005 |0.0629 |
221.231 | 0.000 | 0.000 | -0.052 | 0.0665 |-0.0233 |0.0000 |-0.0005 |0.0633 |
221.585 | 0.000 | 0.000 | -0.053 | 0.0669 |-0.0235 |0.0000 |-0.0005 |0.0637 |
221.938 | 0.000 | 0.000 | -0.053 | 0.0673 |-0.0236 |0.0000 |-0.0005 |0.0641 |
222.289 | 0.000 | 0.000 | -0.053 | 0.0677 |-0.0238 |0.0000 |-0.0005 |0.0645 |
222.639 | 0.000 | 0.000 | -0.054 | 0.0681 |-0.0239 |0.0000 |-0.0005 |0.0648 |
222.987 | 0.000 | 0.000 | -0.054 | 0.0685 |-0.0240 |0.0000 |-0.0005 |0.0652 |
223.334 | 0.000 | 0.000 | -0.055 | 0.0689 |-0.0242 |0.0000 |-0.0005 |0.0656 |
223.679 | 0.000 | 0.000 | -0.055 | 0.0693 |-0.0243 |0.0000 |-0.0005 |0.0660 |
224.023 | 0.000 | 0.000 | -0.056 | 0.0697 |-0.0245 |0.0000 |-0.0005 |0.0664 |
224.366 | 0.000 | 0.000 | -0.056 | 0.0701 |-0.0246 |0.0000 |-0.0005 |0.0668 |
224.707 | 0.000 | 0.000 | -0.056 | 0.0705 |-0.0247 |0.0000 |-0.0005 |0.0672 |
225.047 | 0.000 | 0.000 | -0.057 | 0.0709 |-0.0249 |0.0000 |-0.0005 |0.0676 |
225.386 | 0.000 | 0.000 | -0.057 | 0.0713 |-0.0250 |0.0000 |-0.0005 |0.0679 |
225.723 | 0.000 | 0.000 | -0.058 | 0.0716 |-0.0251 |0.0000 |-0.0005 |0.0683 |
226.059 | 0.000 | 0.000 | -0.058 | 0.0720 |-0.0253 |0.0000 |-0.0005 |0.0687 |
226.394 | 0.000 | 0.000 | -0.058 | 0.0724 |-0.0254 |0.0000 |-0.0005 |0.0691 |
226.727 | 0.000 | 0.000 | -0.059 | 0.0728 |-0.0256 |0.0000 |-0.0005 |0.0695 |
227.059 | 0.000 | 0.000 | -0.059 | 0.0732 |-0.0257 |0.0000 |-0.0005 |0.0699 |
227.390 | 0.000 | 0.000 | -0.060 | 0.0736 |-0.0258 |0.0000 |-0.0006 |0.0703 |
227.720 | 0.000 | 0.000 | -0.060 | 0.0740 |-0.0260 |0.0000 |-0.0006 |0.0707 |
228.048 | 0.000 | 0.000 | -0.061 | 0.0744 |-0.0261 |0.0000 |-0.0006 |0.0710 |
228.375 | 0.000 | 0.000 | -0.061 | 0.0748 |-0.0262 |0.0000 |-0.0006 |0.0714 |
228.701 | 0.000 | 0.000 | -0.061 | 0.0752 |-0.0264 |0.0000 |-0.0006 |0.0718 |
229.026 | 0.000 | 0.000 | -0.062 | 0.0756 |-0.0265 |0.0000 |-0.0006 |0.0722 |
229.349 | 0.000 | 0.000 | -0.062 | 0.0760 |-0.0267 |0.0000 |-0.0006 |0.0726 |
229.671 | 0.000 | 0.000 | -0.063 | 0.0763 |-0.0268 |0.0000 |-0.0006 |0.0730 |
229.992 | 0.000 | 0.000 | -0.063 | 0.0767 |-0.0269 |0.0000 |-0.0006 |0.0734 |
230.312 | 0.000 | 0.000 | -0.064 | 0.0771 |-0.0271 |0.0000 |-0.0006 |0.0737 |
230.631 | 0.000 | 0.000 | -0.064 | 0.0775 |-0.0272 |0.0000 |-0.0006 |0.0741 |
230.948 | 0.000 | 0.000 | -0.064 | 0.0779 |-0.0273 |0.0000 |-0.0006 |0.0745 |
231.265 | 0.000 | 0.000 | -0.065 | 0.0783 |-0.0275 |0.0000 |-0.0006 |0.0749 |
231.580 | 0.000 | 0.000 | -0.065 | 0.0787 |-0.0276 |0.0000 |-0.0006 |0.0753 |
231.894 | 0.000 | 0.000 | -0.066 | 0.0791 |-0.0278 |0.0000 |-0.0006 |0.0757 |
232.207 | 0.000 | 0.000 | -0.066 | 0.0795 |-0.0279 |0.0000 |-0.0006 |0.0761 |
232.519 | 0.000 | 0.000 | -0.067 | 0.0799 |-0.0280 |0.0000 |-0.0006 |0.0764 |
232.830 | 0.000 | 0.000 | -0.067 | 0.0803 |-0.0282 |0.0000 |-0.0006 |0.0768 |
233.139 | 0.000 | 0.000 | -0.068 | 0.0806 |-0.0283 |0.0000 |-0.0006 |0.0772 |
233.448 | 0.000 | 0.000 | -0.068 | 0.0810 |-0.0284 |0.0000 |-0.0006 |0.0776 |
233.756 | 0.000 | 0.000 | -0.068 | 0.0814 |-0.0286 |0.0000 |-0.0006 |0.0780 |
234.062 | 0.000 | 0.000 | -0.069 | 0.0818 |-0.0287 |0.0000 |-0.0006 |0.0784 |
234.367 | 0.000 | 0.000 | -0.069 | 0.0822 |-0.0289 |0.0000 |-0.0006 |0.0787 |
234.672 | 0.000 | 0.000 | -0.070 | 0.0826 |-0.0290 |0.0000 |-0.0006 |0.0791 |
234.975 | 0.000 | 0.000 | -0.070 | 0.0830 |-0.0291 |0.0000 |-0.0006 |0.0795 |
235.277 | 0.000 | 0.000 | -0.071 | 0.0834 |-0.0293 |0.0000 |-0.0006 |0.0799 |
235.579 | 0.000 | 0.000 | -0.071 | 0.0838 |-0.0294 |0.0000 |-0.0006 |0.0803 |
235.879 | 0.000 | 0.000 | -0.072 | 0.0841 |-0.0295 |0.0000 |-0.0006 |0.0807 |
236.178 | 0.000 | 0.000 | -0.072 | 0.0845 |-0.0297 |0.0000 |-0.0006 |0.0810 |
236.476 | 0.000 | 0.000 | -0.072 | 0.0849 |-0.0298 |0.0000 |-0.0006 |0.0814 |
236.774 | 0.000 | 0.000 | -0.073 | 0.0853 |-0.0299 |0.0000 |-0.0007 |0.0818 |
237.070 | 0.000 | 0.000 | -0.073 | 0.0857 |-0.0301 |0.0000 |-0.0007 |0.0822 |
237.365 | 0.000 | 0.000 | -0.074 | 0.0861 |-0.0302 |0.0000 |-0.0007 |0.0826 |
237.659 | 0.000 | 0.000 | -0.074 | 0.0865 |-0.0304 |0.0000 |-0.0007 |0.0830 |
237.953 | 0.000 | 0.000 | -0.075 | 0.0869 |-0.0305 |0.0000 |-0.0007 |0.0834 |
238.245 | 0.000 | 0.000 | -0.075 | 0.0872 |-0.0306 |0.0000 |-0.0007 |0.0837 |
238.537 | 0.000 | 0.000 | -0.076 | 0.0876 |-0.0308 |0.0000 |-0.0007 |0.0841 |
238.827 | 0.000 | 0.000 | -0.076 | 0.0880 |-0.0309 |0.0000 |-0.0007 |0.0845 |
239.117 | 0.000 | 0.000 | -0.076 | 0.0884 |-0.0310 |0.0000 |-0.0007 |0.0849 |
239.405 | 0.000 | 0.000 | -0.077 | 0.0888 |-0.0312 |0.0000 |-0.0007 |0.0853 |
239.693 | 0.000 | 0.000 | -0.077 | 0.0892 |-0.0313 |0.0000 |-0.0007 |0.0856 |
239.980 | 0.000 | 0.000 | -0.078 | 0.0896 |-0.0314 |0.0000 |-0.0007 |0.0860 |
240.266 | 0.000 | 0.000 | -0.078 | 0.0900 |-0.0316 |0.0000 |-0.0007 |0.0864 |
240.550 | 0.000 | 0.000 | -0.079 | 0.0903 |-0.0317 |0.0000 |-0.0007 |0.0868 |
240.835 | 0.000 | 0.000 | -0.079 | 0.0907 |-0.0319 |0.0000 |-0.0007 |0.0872 |
241.118 | 0.000 | 0.000 | -0.080 | 0.0911 |-0.0320 |0.0000 |-0.0007 |0.0876 |
241.400 | 0.000 | 0.000 | -0.080 | 0.0915 |-0.0321 |0.0000 |-0.0007 |0.0879 |
241.681 | 0.000 | 0.000 | -0.081 | 0.0919 |-0.0323 |0.0000 |-0.0007 |0.0883 |
241.962 | 0.000 | 0.000 | -0.081 | 0.0923 |-0.0324 |0.0000 |-0.0007 |0.0887 |
242.242 | 0.000 | 0.000 | -0.082 | 0.0927 |-0.0325 |0.0000 |-0.0007 |0.0891 |
242.520 | 0.000 | 0.000 | -0.082 | 0.0931 |-0.0327 |0.0000 |-0.0007 |0.0895 |
242.798 | 0.000 | 0.000 | -0.082 | 0.0934 |-0.0328 |0.0000 |-0.0007 |0.0899 |
243.075 | 0.000 | 0.000 | -0.083 | 0.0938 |-0.0329 |0.0000 |-0.0007 |0.0902 |
243.352 | 0.000 | 0.000 | -0.083 | 0.0942 |-0.0331 |0.0000 |-0.0007 |0.0906 |
243.627 | 0.000 | 0.000 | -0.084 | 0.0946 |-0.0332 |0.0000 |-0.0007 |0.0910 |
243.902 | 0.000 | 0.000 | -0.084 | 0.0950 |-0.0333 |0.0000 |-0.0007 |0.0914 |
244.175 | 0.000 | 0.000 | -0.085 | 0.0954 |-0.0335 |0.0000 |-0.0007 |0.0918 |
244.448 | 0.000 | 0.000 | -0.085 | 0.0958 |-0.0336 |0.0000 |-0.0007 |0.0921 |
244.721 | 0.000 | 0.000 | -0.086 | 0.0961 |-0.0338 |0.0000 |-0.0007 |0.0925 |
244.992 | 0.000 | 0.000 | -0.086 | 0.0965 |-0.0339 |0.0000 |-0.0007 |0.0929 |
245.262 | 0.000 | 0.000 | -0.087 | 0.0969 |-0.0340 |0.0000 |-0.0008 |0.0933 |
245.532 | 0.000 | 0.000 | -0.087 | 0.0973 |-0.0342 |0.0000 |-0.0008 |0.0937 |
245.801 | 0.000 | 0.000 | -0.088 | 0.0977 |-0.0343 |0.0000 |-0.0008 |0.0940 |
246.069 | 0.000 | 0.000 | -0.088 | 0.0981 |-0.0344 |0.0000 |-0.0008 |0.0944 |
246.336 | 0.000 | 0.000 | -0.088 | 0.0985 |-0.0346 |0.0000 |-0.0008 |0.0948 |
246.603 | 0.000 | 0.000 | -0.089 | 0.0988 |-0.0347 |0.0000 |-0.0008 |0.0952 |
246.869 | 0.000 | 0.000 | -0.089 | 0.0992 |-0.0348 |0.0000 |-0.0008 |0.0956 |
247.134 | 0.000 | 0.000 | -0.090 | 0.0996 |-0.0350 |0.0000 |-0.0008 |0.0959 |
247.398 | 0.000 | 0.000 | -0.090 | 0.1000 |-0.0351 |0.0000 |-0.0008 |0.0963 |
247.662 | 0.000 | 0.000 | -0.091 | 0.1004 |-0.0352 |0.0000 |-0.0008 |0.0967 |
247.924 | 0.000 | 0.000 | -0.091 | 0.1008 |-0.0354 |0.0000 |-0.0008 |0.0971 |
248.186 | 0.000 | 0.000 | -0.092 | 0.1011 |-0.0355 |0.0000 |-0.0008 |0.0975 |
248.448 | 0.000 | 0.000 | -0.092 | 0.1015 |-0.0356 |0.0000 |-0.0008 |0.0978 |
248.708 | 0.000 | 0.000 | -0.093 | 0.1019 |-0.0358 |0.0000 |-0.0008 |0.0982 |
248.968 | 0.000 | 0.000 | -0.093 | 0.1023 |-0.0359 |0.0000 |-0.0008 |0.0986 |
249.227 | 0.000 | 0.000 | -0.094 | 0.1027 |-0.0361 |0.0000 |-0.0008 |0.0990 |
249.486 | 0.000 | 0.000 | -0.094 | 0.1031 |-0.0362 |0.0000 |-0.0008 |0.0994 |
249.743 | 0.000 | 0.000 | -0.095 | 0.1034 |-0.0363 |0.0000 |-0.0008 |0.0997 |
250.000 | 0.000 | 0.000 | -0.095 | 0.1038 |-0.0365 |0.0000 |-0.0008 |0.1001 |
250.256 | 0.000 | 0.000 | -0.096 | 0.1042 |-0.0366 |0.0000 |-0.0008 |0.1005 |
250.512 | 0.000 | 0.000 | -0.096 | 0.1046 |-0.0367 |0.0000 |-0.0008 |0.1009 |
250.767 | 0.000 | 0.000 | -0.097 | 0.1050 |-0.0369 |0.0000 |-0.0008 |0.1013 |
251.021 | 0.000 | 0.000 | -0.097 | 0.1054 |-0.0370 |0.0000 |-0.0008 |0.1016 |
251.274 | 0.000 | 0.000 | -0.097 | 0.1057 |-0.0371 |0.0000 |-0.0008 |0.1020 |
251.527 | 0.000 | 0.000 | -0.098 | 0.1061 |-0.0373 |0.0000 |-0.0008 |0.1024 |
251.779 | 0.000 | 0.000 | -0.098 | 0.1065 |-0.0374 |0.0000 |-0.0008 |0.1028 |
252.030 | 0.000 | 0.000 | -0.099 | 0.1069 |-0.0375 |0.0000 |-0.0008 |0.1032 |
252.281 | 0.000 | 0.000 | -0.099 | 0.1073 |-0.0377 |0.0000 |-0.0008 |0.1035 |
252.531 | 0.000 | 0.000 | -0.100 | 0.1077 |-0.0378 |0.0000 |-0.0008 |0.1039 |
252.780 | 0.000 | 0.000 | -0.100 | 0.1080 |-0.0379 |0.0000 |-0.0009 |0.1043 |
253.029 | 0.000 | 0.000 | -0.101 | 0.1084 |-0.0381 |0.0000 |-0.0009 |0.1047 |
253.277 | 0.000 | 0.000 | -0.101 | 0.1088 |-0.0382 |0.0000 |-0.0009 |0.1050 |
253.524 | 0.000 | 0.000 | -0.102 | 0.1092 |-0.0383 |0.0000 |-0.0009 |0.1054 |
253.771 | 0.000 | 0.000 | -0.102 | 0.1096 |-0.0385 |0.0000 |-0.0009 |0.1058 |
254.017 | 0.000 | 0.000 | -0.103 | 0.1099 |-0.0386 |0.0000 |-0.0009 |0.1062 |
254.263 | 0.000 | 0.000 | -0.103 | 0.1103 |-0.0387 |0.0000 |-0.0009 |0.1066 |
254.507 | 0.000 | 0.000 | -0.104 | 0.1107 |-0.0389 |0.0000 |-0.0009 |0.1069 |
254.752 | 0.000 | 0.000 | -0.104 | 0.1111 |-0.0390 |0.0000 |-0.0009 |0.1073 |
254.995 | 0.000 | 0.000 | -0.105 | 0.1115 |-0.0391 |0.0000 |-0.0009 |0.1077 |
255.238 | 0.000 | 0.000 | -0.105 | 0.1119 |-0.0393 |0.0000 |-0.0009 |0.1081 |
255.480 | 0.000 | 0.000 | -0.106 | 0.1122 |-0.0394 |0.0000 |-0.0009 |0.1084 |
255.722 | 0.000 | 0.000 | -0.106 | 0.1126 |-0.0395 |0.0000 |-0.0009 |0.1088 |
255.963 | 0.000 | 0.000 | -0.107 | 0.1130 |-0.0397 |0.0000 |-0.0009 |0.1092 |
256.203 | 0.000 | 0.000 | -0.107 | 0.1134 |-0.0398 |0.0000 |-0.0009 |0.1096 |
256.443 | 0.000 | 0.000 | -0.108 | 0.1138 |-0.0399 |0.0000 |-0.0009 |0.1099 |
256.682 | 0.000 | 0.000 | -0.108 | 0.1141 |-0.0401 |0.0000 |-0.0009 |0.1103 |
256.921 | 0.000 | 0.000 | -0.109 | 0.1145 |-0.0402 |0.0000 |-0.0009 |0.1107 |
257.159 | 0.000 | 0.000 | -0.109 | 0.1149 |-0.0403 |0.0000 |-0.0009 |0.1111 |
257.396 | 0.000 | 0.000 | -0.110 | 0.1153 |-0.0405 |0.0000 |-0.0009 |0.1114 |
257.633 | 0.000 | 0.000 | -0.110 | 0.1157 |-0.0406 |0.0000 |-0.0009 |0.1118 |
257.869 | 0.000 | 0.000 | -0.111 | 0.1160 |-0.0408 |0.0000 |-0.0009 |0.1122 |
258.105 | 0.000 | 0.000 | -0.111 | 0.1164 |-0.0409 |0.0000 |-0.0009 |0.1126 |
258.340 | 0.000 | 0.000 | -0.112 | 0.1168 |-0.0410 |0.0000 |-0.0009 |0.1130 |
258.575 | 0.000 | 0.000 | -0.112 | 0.1172 |-0.0412 |0.0000 |-0.0009 |0.1133 |
258.808 | 0.000 | 0.000 | -0.113 | 0.1176 |-0.0413 |0.0000 |-0.0009 |0.1137 |
259.042 | 0.000 | 0.000 | -0.113 | 0.1179 |-0.0414 |0.0000 |-0.0009 |0.1141 |
259.274 | 0.000 | 0.000 | -0.114 | 0.1183 |-0.0416 |0.0000 |-0.0009 |0.1145 |
259.507 | 0.000 | 0.000 | -0.114 | 0.1187 |-0.0417 |0.0000 |-0.0010 |0.1148 |
259.738 | 0.000 | 0.000 | -0.115 | 0.1191 |-0.0418 |0.0000 |-0.0010 |0.1152 |
259.969 | 0.000 | 0.000 | -0.115 | 0.1195 |-0.0420 |0.0000 |-0.0010 |0.1156 |
260.200 | 0.000 | 0.000 | -0.116 | 0.1198 |-0.0421 |0.0000 |-0.0010 |0.1160 |
260.430 | 0.000 | 0.000 | -0.116 | 0.1202 |-0.0422 |0.0000 |-0.0010 |0.1163 |
260.659 | 0.000 | 0.000 | -0.117 | 0.1206 |-0.0424 |0.0000 |-0.0010 |0.1167 |
260.888 | 0.000 | 0.000 | -0.117 | 0.1210 |-0.0425 |0.0000 |-0.0010 |0.1171 |
261.116 | 0.000 | 0.000 | -0.118 | 0.1213 |-0.0426 |0.0000 |-0.0010 |0.1175 |
261.344 | 0.000 | 0.000 | -0.118 | 0.1217 |-0.0428 |0.0000 |-0.0010 |0.1178 |
261.571 | 0.000 | 0.000 | -0.119 | 0.1221 |-0.0429 |0.0000 |-0.0010 |0.1182 |
261.798 | 0.000 | 0.000 | -0.119 | 0.1225 |-0.0430 |0.0000 |-0.0010 |0.1186 |
262.024 | 0.000 | 0.000 | -0.120 | 0.1229 |-0.0432 |0.0000 |-0.0010 |0.1190 |
262.249 | 0.000 | 0.000 | -0.120 | 0.1232 |-0.0433 |0.0000 |-0.0010 |0.1193 |
262.475 | 0.000 | 0.000 | -0.121 | 0.1236 |-0.0434 |0.0000 |-0.0010 |0.1197 |
262.699 | 0.000 | 0.000 | -0.121 | 0.1240 |-0.0435 |0.0000 |-0.0010 |0.1201 |
262.923 | 0.000 | 0.000 | -0.122 | 0.1244 |-0.0437 |0.0000 |-0.0010 |0.1205 |
263.147 | 0.000 | 0.000 | -0.122 | 0.1247 |-0.0438 |0.0000 |-0.0010 |0.1208 |
263.370 | 0.000 | 0.000 | -0.123 | 0.1251 |-0.0439 |0.0000 |-0.0010 |0.1212 |
263.592 | 0.000 | 0.000 | -0.123 | 0.1255 |-0.0441 |0.0000 |-0.0010 |0.1216 |
263.814 | 0.000 | 0.000 | -0.124 | 0.1259 |-0.0442 |0.0000 |-0.0010 |0.1219 |
264.035 | 0.000 | 0.000 | -0.124 | 0.1263 |-0.0443 |0.0000 |-0.0010 |0.1223 |
264.256 | 0.000 | 0.000 | -0.125 | 0.1266 |-0.0445 |0.0000 |-0.0010 |0.1227 |
264.477 | 0.000 | 0.000 | -0.125 | 0.1270 |-0.0446 |0.0000 |-0.0010 |0.1231 |
264.697 | 0.000 | 0.000 | -0.126 | 0.1274 |-0.0447 |0.0000 |-0.0010 |0.1234 |
264.916 | 0.000 | 0.000 | -0.126 | 0.1278 |-0.0449 |0.0000 |-0.0010 |0.1238 |
265.135 | 0.000 | 0.000 | -0.127 | 0.1281 |-0.0450 |0.0000 |-0.0010 |0.1242 |
265.353 | 0.000 | 0.000 | -0.127 | 0.1285 |-0.0451 |0.0000 |-0.0010 |0.1246 |
265.571 | 0.000 | 0.000 | -0.128 | 0.1289 |-0.0453 |0.0000 |-0.0010 |0.1249 |
265.789 | 0.000 | 0.000 | -0.128 | 0.1293 |-0.0454 |0.0000 |-0.0011 |0.1253 |
266.006 | 0.000 | 0.000 | -0.129 | 0.1297 |-0.0455 |0.0000 |-0.0011 |0.1257 |
266.222 | 0.000 | 0.000 | -0.129 | 0.1300 |-0.0457 |0.0000 |-0.0011 |0.1261 |
266.438 | 0.000 | 0.000 | -0.130 | 0.1304 |-0.0458 |0.0000 |-0.0011 |0.1264 |
266.654 | 0.000 | 0.000 | -0.130 | 0.1308 |-0.0459 |0.0000 |-0.0011 |0.1268 |
266.869 | 0.000 | 0.000 | -0.131 | 0.1312 |-0.0461 |0.0000 |-0.0011 |0.1272 |
267.083 | 0.000 | 0.000 | -0.131 | 0.1315 |-0.0462 |0.0000 |-0.0011 |0.1275 |
267.093 | 0.000 | 0.000 | -0.131 | 0.1315 |-0.0462 |0.0000 |-0.0011 |0.1276 |
