Test angle: 45
Mesh element_496 : S11 | S22 | S33 | S12 | E11 | E22 | E33 | 2*E12 | EPbar 
0.000 | 0.000 | 0.000 | 0.000 | 0.0000 |0.0000 |0.0000 |0.0000 |0.0000 |
0.503 | 0.000 | 0.000 | -0.000 | 0.0000 |-0.0000 |0.0000 |-0.0000 |0.0000 |
1.005 | 0.000 | 0.000 | -0.000 | 0.0000 |-0.0000 |0.0000 |-0.0000 |0.0000 |
1.759 | 0.000 | 0.000 | -0.000 | 0.0000 |-0.0000 |0.0000 |-0.0000 |0.0000 |
2.891 | 0.000 | 0.000 | -0.000 | 0.0000 |-0.0000 |0.0000 |-0.0000 |0.0000 |
4.587 | 0.000 | 0.000 | -0.000 | 0.0001 |-0.0000 |0.0000 |-0.0000 |0.0000 |
7.132 | 0.000 | 0.000 | -0.000 | 0.0001 |-0.0000 |0.0000 |-0.0000 |0.0000 |
10.949 | 0.000 | 0.000 | -0.000 | 0.0002 |-0.0001 |0.0000 |-0.0000 |0.0000 |
16.675 | 0.000 | 0.000 | -0.000 | 0.0002 |-0.0001 |0.0000 |-0.0000 |0.0000 |
25.262 | -0.000 | 0.000 | -0.000 | 0.0004 |-0.0001 |0.0000 |-0.0000 |0.0000 |
38.142 | -0.000 | 0.000 | -0.000 | 0.0005 |-0.0002 |0.0000 |-0.0000 |0.0000 |
57.458 | 0.000 | 0.000 | -0.000 | 0.0008 |-0.0003 |0.0000 |-0.0000 |0.0000 |
82.576 | 0.000 | 0.000 | -0.000 | 0.0012 |-0.0004 |0.0000 |-0.0000 |0.0000 |
102.725 | 0.000 | 0.000 | -0.000 | 0.0016 |-0.0005 |0.0000 |-0.0000 |0.0001 |
103.138 | 0.000 | 0.000 | -0.000 | 0.0017 |-0.0005 |0.0000 |-0.0000 |0.0002 |
103.544 | 0.000 | 0.000 | -0.000 | 0.0018 |-0.0006 |0.0000 |-0.0000 |0.0003 |
103.946 | 0.000 | 0.000 | -0.001 | 0.0019 |-0.0006 |0.0000 |-0.0000 |0.0004 |
104.539 | 0.000 | 0.000 | -0.001 | 0.0021 |-0.0006 |0.0000 |-0.0000 |0.0005 |
105.410 | 0.000 | 0.000 | -0.001 | 0.0023 |-0.0007 |0.0000 |-0.0000 |0.0007 |
106.679 | 0.000 | 0.000 | -0.002 | 0.0027 |-0.0008 |0.0000 |-0.0000 |0.0010 |
108.131 | 0.000 | 0.000 | -0.002 | 0.0031 |-0.0009 |0.0000 |-0.0000 |0.0014 |
109.531 | -0.000 | 0.000 | -0.003 | 0.0035 |-0.0009 |0.0000 |-0.0001 |0.0018 |
110.887 | 0.000 | 0.000 | -0.003 | 0.0040 |-0.0010 |0.0000 |-0.0001 |0.0022 |
112.200 | -0.000 | 0.000 | -0.004 | 0.0044 |-0.0011 |0.0000 |-0.0001 |0.0025 |
113.475 | -0.000 | 0.000 | -0.005 | 0.0048 |-0.0012 |0.0000 |-0.0001 |0.0029 |
114.714 | 0.000 | 0.000 | -0.005 | 0.0052 |-0.0013 |0.0000 |-0.0001 |0.0033 |
115.919 | 0.000 | 0.000 | -0.006 | 0.0057 |-0.0014 |0.0000 |-0.0001 |0.0036 |
117.094 | 0.000 | 0.000 | -0.007 | 0.0061 |-0.0015 |0.0000 |-0.0001 |0.0040 |
118.239 | 0.000 | 0.000 | -0.008 | 0.0065 |-0.0016 |0.0000 |-0.0001 |0.0044 |
119.357 | 0.000 | 0.000 | -0.008 | 0.0069 |-0.0017 |0.0000 |-0.0001 |0.0048 |
120.449 | 0.000 | 0.000 | -0.009 | 0.0074 |-0.0018 |0.0000 |-0.0002 |0.0051 |
121.517 | 0.000 | 0.000 | -0.010 | 0.0078 |-0.0019 |0.0000 |-0.0002 |0.0055 |
122.562 | 0.000 | 0.000 | -0.011 | 0.0082 |-0.0020 |0.0000 |-0.0002 |0.0059 |
123.585 | 0.000 | 0.000 | -0.011 | 0.0086 |-0.0021 |0.0000 |-0.0002 |0.0062 |
124.587 | 0.000 | 0.000 | -0.012 | 0.0090 |-0.0022 |0.0000 |-0.0002 |0.0066 |
125.569 | 0.000 | 0.000 | -0.013 | 0.0095 |-0.0023 |0.0000 |-0.0002 |0.0070 |
126.532 | 0.000 | 0.000 | -0.014 | 0.0099 |-0.0024 |0.0000 |-0.0002 |0.0073 |
127.478 | 0.000 | 0.000 | -0.015 | 0.0103 |-0.0025 |0.0000 |-0.0002 |0.0077 |
128.406 | 0.000 | 0.000 | -0.015 | 0.0107 |-0.0026 |0.0000 |-0.0002 |0.0081 |
129.317 | 0.000 | 0.000 | -0.016 | 0.0111 |-0.0027 |0.0000 |-0.0003 |0.0084 |
130.213 | 0.000 | 0.000 | -0.017 | 0.0116 |-0.0027 |0.0000 |-0.0003 |0.0088 |
131.094 | 0.000 | 0.000 | -0.018 | 0.0120 |-0.0028 |0.0000 |-0.0003 |0.0092 |
131.960 | 0.000 | 0.000 | -0.019 | 0.0124 |-0.0029 |0.0000 |-0.0003 |0.0095 |
132.812 | -0.000 | 0.000 | -0.019 | 0.0128 |-0.0030 |0.0000 |-0.0003 |0.0099 |
133.651 | 0.000 | 0.000 | -0.020 | 0.0132 |-0.0031 |0.0000 |-0.0003 |0.0103 |
134.476 | 0.000 | 0.000 | -0.021 | 0.0136 |-0.0032 |0.0000 |-0.0003 |0.0106 |
135.289 | 0.000 | 0.000 | -0.022 | 0.0141 |-0.0033 |0.0000 |-0.0003 |0.0110 |
136.090 | 0.000 | 0.000 | -0.023 | 0.0145 |-0.0034 |0.0000 |-0.0003 |0.0114 |
136.880 | 0.000 | 0.000 | -0.024 | 0.0149 |-0.0035 |0.0000 |-0.0004 |0.0117 |
137.658 | 0.000 | 0.000 | -0.025 | 0.0153 |-0.0036 |0.0000 |-0.0004 |0.0121 |
138.425 | 0.000 | 0.000 | -0.026 | 0.0157 |-0.0037 |0.0000 |-0.0004 |0.0125 |
139.182 | 0.000 | 0.000 | -0.026 | 0.0161 |-0.0038 |0.0000 |-0.0004 |0.0128 |
139.929 | 0.000 | 0.000 | -0.027 | 0.0166 |-0.0039 |0.0000 |-0.0004 |0.0132 |
140.666 | 0.000 | 0.000 | -0.028 | 0.0170 |-0.0039 |0.0000 |-0.0004 |0.0136 |
141.393 | 0.000 | 0.000 | -0.029 | 0.0174 |-0.0040 |0.0000 |-0.0004 |0.0139 |
142.111 | 0.000 | 0.000 | -0.030 | 0.0178 |-0.0041 |0.0000 |-0.0004 |0.0143 |
142.821 | 0.000 | 0.000 | -0.031 | 0.0182 |-0.0042 |0.0000 |-0.0004 |0.0147 |
143.521 | 0.000 | 0.000 | -0.032 | 0.0186 |-0.0043 |0.0000 |-0.0005 |0.0150 |
144.213 | 0.000 | 0.000 | -0.033 | 0.0190 |-0.0044 |0.0000 |-0.0005 |0.0154 |
144.896 | 0.000 | 0.000 | -0.034 | 0.0194 |-0.0045 |0.0000 |-0.0005 |0.0158 |
145.572 | 0.000 | 0.000 | -0.035 | 0.0199 |-0.0046 |0.0000 |-0.0005 |0.0161 |
146.240 | 0.000 | 0.000 | -0.036 | 0.0203 |-0.0047 |0.0000 |-0.0005 |0.0165 |
146.901 | 0.000 | 0.000 | -0.037 | 0.0207 |-0.0048 |0.0000 |-0.0005 |0.0169 |
147.554 | 0.000 | 0.000 | -0.038 | 0.0211 |-0.0049 |0.0000 |-0.0005 |0.0172 |
148.199 | 0.000 | 0.000 | -0.039 | 0.0215 |-0.0050 |0.0000 |-0.0005 |0.0176 |
148.838 | 0.000 | 0.000 | -0.040 | 0.0219 |-0.0050 |0.0000 |-0.0005 |0.0180 |
149.470 | 0.000 | 0.000 | -0.041 | 0.0223 |-0.0051 |0.0000 |-0.0006 |0.0183 |
150.096 | 0.000 | 0.000 | -0.042 | 0.0227 |-0.0052 |0.0000 |-0.0006 |0.0187 |
150.714 | 0.000 | 0.000 | -0.043 | 0.0232 |-0.0053 |0.0000 |-0.0006 |0.0191 |
151.327 | 0.000 | 0.000 | -0.044 | 0.0236 |-0.0054 |0.0000 |-0.0006 |0.0194 |
151.933 | 0.000 | 0.000 | -0.045 | 0.0240 |-0.0055 |0.0000 |-0.0006 |0.0198 |
152.534 | 0.000 | 0.000 | -0.046 | 0.0244 |-0.0056 |0.0000 |-0.0006 |0.0202 |
153.128 | 0.000 | 0.000 | -0.047 | 0.0248 |-0.0057 |0.0000 |-0.0006 |0.0205 |
153.717 | 0.000 | 0.000 | -0.048 | 0.0252 |-0.0058 |0.0000 |-0.0006 |0.0209 |
154.300 | 0.000 | 0.000 | -0.049 | 0.0256 |-0.0059 |0.0000 |-0.0006 |0.0213 |
154.878 | 0.000 | 0.000 | -0.050 | 0.0260 |-0.0060 |0.0000 |-0.0007 |0.0216 |
155.450 | 0.000 | 0.000 | -0.051 | 0.0264 |-0.0061 |0.0000 |-0.0007 |0.0220 |
156.017 | 0.000 | 0.000 | -0.052 | 0.0268 |-0.0061 |0.0000 |-0.0007 |0.0223 |
156.578 | 0.000 | 0.000 | -0.053 | 0.0272 |-0.0062 |0.0000 |-0.0007 |0.0227 |
157.135 | 0.000 | 0.000 | -0.054 | 0.0277 |-0.0063 |0.0000 |-0.0007 |0.0231 |
157.687 | 0.000 | 0.000 | -0.055 | 0.0281 |-0.0064 |0.0000 |-0.0007 |0.0234 |
158.234 | 0.000 | 0.000 | -0.056 | 0.0285 |-0.0065 |0.0000 |-0.0007 |0.0238 |
158.776 | 0.000 | 0.000 | -0.057 | 0.0289 |-0.0066 |0.0000 |-0.0007 |0.0242 |
159.314 | 0.000 | 0.000 | -0.058 | 0.0293 |-0.0067 |0.0000 |-0.0007 |0.0245 |
159.847 | 0.000 | 0.000 | -0.059 | 0.0297 |-0.0068 |0.0000 |-0.0008 |0.0249 |
160.375 | 0.000 | 0.000 | -0.060 | 0.0301 |-0.0069 |0.0000 |-0.0008 |0.0253 |
160.900 | 0.000 | 0.000 | -0.061 | 0.0305 |-0.0070 |0.0000 |-0.0008 |0.0256 |
161.419 | 0.000 | 0.000 | -0.062 | 0.0309 |-0.0070 |0.0000 |-0.0008 |0.0260 |
161.935 | 0.000 | 0.000 | -0.063 | 0.0313 |-0.0071 |0.0000 |-0.0008 |0.0263 |
162.447 | 0.000 | 0.000 | -0.064 | 0.0317 |-0.0072 |0.0000 |-0.0008 |0.0267 |
162.954 | 0.000 | 0.000 | -0.066 | 0.0321 |-0.0073 |0.0000 |-0.0008 |0.0271 |
163.458 | 0.000 | 0.000 | -0.067 | 0.0326 |-0.0074 |0.0000 |-0.0008 |0.0274 |
163.958 | 0.000 | 0.000 | -0.068 | 0.0330 |-0.0075 |0.0000 |-0.0008 |0.0278 |
164.454 | 0.000 | 0.000 | -0.069 | 0.0334 |-0.0076 |0.0000 |-0.0009 |0.0282 |
164.946 | 0.000 | 0.000 | -0.070 | 0.0338 |-0.0077 |0.0000 |-0.0009 |0.0285 |
165.434 | 0.000 | 0.000 | -0.071 | 0.0342 |-0.0078 |0.0000 |-0.0009 |0.0289 |
165.919 | 0.000 | 0.000 | -0.072 | 0.0346 |-0.0079 |0.0000 |-0.0009 |0.0292 |
166.400 | 0.000 | 0.000 | -0.073 | 0.0350 |-0.0079 |0.0000 |-0.0009 |0.0296 |
166.877 | 0.000 | 0.000 | -0.074 | 0.0354 |-0.0080 |0.0000 |-0.0009 |0.0300 |
167.352 | 0.000 | 0.000 | -0.075 | 0.0358 |-0.0081 |0.0000 |-0.0009 |0.0303 |
167.822 | 0.000 | 0.000 | -0.077 | 0.0362 |-0.0082 |0.0000 |-0.0009 |0.0307 |
168.290 | 0.000 | 0.000 | -0.078 | 0.0366 |-0.0083 |0.0000 |-0.0009 |0.0311 |
168.754 | 0.000 | 0.000 | -0.079 | 0.0370 |-0.0084 |0.0000 |-0.0010 |0.0314 |
169.215 | 0.000 | 0.000 | -0.080 | 0.0374 |-0.0085 |0.0000 |-0.0010 |0.0318 |
169.673 | 0.000 | 0.000 | -0.081 | 0.0378 |-0.0086 |0.0000 |-0.0010 |0.0321 |
170.127 | 0.000 | 0.000 | -0.082 | 0.0382 |-0.0087 |0.0000 |-0.0010 |0.0325 |
170.579 | 0.000 | 0.000 | -0.083 | 0.0386 |-0.0088 |0.0000 |-0.0010 |0.0329 |
171.027 | 0.000 | 0.000 | -0.084 | 0.0390 |-0.0088 |0.0000 |-0.0010 |0.0332 |
171.473 | 0.000 | 0.000 | -0.086 | 0.0394 |-0.0089 |0.0000 |-0.0010 |0.0336 |
171.916 | 0.000 | 0.000 | -0.087 | 0.0399 |-0.0090 |0.0000 |-0.0010 |0.0340 |
172.355 | 0.000 | 0.000 | -0.088 | 0.0403 |-0.0091 |0.0000 |-0.0010 |0.0343 |
172.792 | 0.000 | 0.000 | -0.089 | 0.0407 |-0.0092 |0.0000 |-0.0011 |0.0347 |
173.226 | 0.000 | 0.000 | -0.090 | 0.0411 |-0.0093 |0.0000 |-0.0011 |0.0350 |
173.658 | 0.000 | 0.000 | -0.091 | 0.0415 |-0.0094 |0.0000 |-0.0011 |0.0354 |
174.086 | 0.000 | 0.000 | -0.093 | 0.0419 |-0.0095 |0.0000 |-0.0011 |0.0358 |
174.512 | 0.000 | 0.000 | -0.094 | 0.0423 |-0.0096 |0.0000 |-0.0011 |0.0361 |
174.935 | 0.000 | 0.000 | -0.095 | 0.0427 |-0.0097 |0.0000 |-0.0011 |0.0365 |
175.356 | 0.000 | 0.000 | -0.096 | 0.0431 |-0.0097 |0.0000 |-0.0011 |0.0368 |
175.774 | 0.000 | 0.000 | -0.097 | 0.0435 |-0.0098 |0.0000 |-0.0011 |0.0372 |
176.190 | 0.000 | 0.000 | -0.098 | 0.0439 |-0.0099 |0.0000 |-0.0011 |0.0376 |
176.603 | 0.000 | 0.000 | -0.100 | 0.0443 |-0.0100 |0.0000 |-0.0012 |0.0379 |
177.013 | 0.000 | 0.000 | -0.101 | 0.0447 |-0.0101 |0.0000 |-0.0012 |0.0383 |
177.421 | 0.000 | 0.000 | -0.102 | 0.0451 |-0.0102 |0.0000 |-0.0012 |0.0386 |
177.827 | 0.000 | 0.000 | -0.103 | 0.0455 |-0.0103 |0.0000 |-0.0012 |0.0390 |
178.230 | 0.000 | 0.000 | -0.104 | 0.0459 |-0.0104 |0.0000 |-0.0012 |0.0394 |
178.631 | 0.000 | 0.000 | -0.105 | 0.0463 |-0.0105 |0.0000 |-0.0012 |0.0397 |
179.030 | 0.000 | 0.000 | -0.107 | 0.0467 |-0.0105 |0.0000 |-0.0012 |0.0401 |
179.427 | 0.000 | 0.000 | -0.108 | 0.0471 |-0.0106 |0.0000 |-0.0012 |0.0404 |
179.821 | 0.000 | 0.000 | -0.109 | 0.0475 |-0.0107 |0.0000 |-0.0012 |0.0408 |
180.213 | 0.000 | 0.000 | -0.110 | 0.0479 |-0.0108 |0.0000 |-0.0013 |0.0412 |
180.603 | 0.000 | 0.000 | -0.111 | 0.0483 |-0.0109 |0.0000 |-0.0013 |0.0415 |
180.991 | 0.000 | 0.000 | -0.113 | 0.0487 |-0.0110 |0.0000 |-0.0013 |0.0419 |
181.376 | 0.000 | 0.000 | -0.114 | 0.0491 |-0.0111 |0.0000 |-0.0013 |0.0422 |
181.760 | 0.000 | 0.000 | -0.115 | 0.0495 |-0.0112 |0.0000 |-0.0013 |0.0426 |
182.141 | 0.000 | 0.000 | -0.116 | 0.0499 |-0.0113 |0.0000 |-0.0013 |0.0430 |
182.520 | 0.000 | 0.000 | -0.118 | 0.0503 |-0.0113 |0.0000 |-0.0013 |0.0433 |
182.898 | 0.000 | 0.000 | -0.119 | 0.0507 |-0.0114 |0.0000 |-0.0013 |0.0437 |
183.273 | 0.000 | 0.000 | -0.120 | 0.0511 |-0.0115 |0.0000 |-0.0014 |0.0440 |
183.647 | 0.000 | 0.000 | -0.121 | 0.0515 |-0.0116 |0.0000 |-0.0014 |0.0444 |
184.018 | 0.000 | 0.000 | -0.122 | 0.0519 |-0.0117 |0.0000 |-0.0014 |0.0447 |
184.387 | 0.000 | 0.000 | -0.124 | 0.0523 |-0.0118 |0.0000 |-0.0014 |0.0451 |
184.755 | 0.000 | 0.000 | -0.125 | 0.0527 |-0.0119 |0.0000 |-0.0014 |0.0455 |
185.121 | 0.000 | 0.000 | -0.126 | 0.0531 |-0.0120 |0.0000 |-0.0014 |0.0458 |
185.484 | 0.000 | 0.000 | -0.127 | 0.0535 |-0.0120 |0.0000 |-0.0014 |0.0462 |
185.846 | 0.000 | 0.000 | -0.129 | 0.0539 |-0.0121 |0.0000 |-0.0014 |0.0465 |
186.207 | 0.000 | 0.000 | -0.130 | 0.0543 |-0.0122 |0.0000 |-0.0014 |0.0469 |
186.565 | 0.000 | 0.000 | -0.131 | 0.0547 |-0.0123 |0.0000 |-0.0015 |0.0473 |
186.922 | 0.000 | 0.000 | -0.132 | 0.0551 |-0.0124 |0.0000 |-0.0015 |0.0476 |
187.276 | 0.000 | 0.000 | -0.134 | 0.0555 |-0.0125 |0.0000 |-0.0015 |0.0480 |
187.629 | 0.000 | 0.000 | -0.135 | 0.0559 |-0.0126 |0.0000 |-0.0015 |0.0483 |
187.981 | 0.000 | 0.000 | -0.136 | 0.0563 |-0.0127 |0.0000 |-0.0015 |0.0487 |
188.330 | 0.000 | 0.000 | -0.137 | 0.0567 |-0.0128 |0.0000 |-0.0015 |0.0490 |
188.678 | 0.000 | 0.000 | -0.139 | 0.0571 |-0.0128 |0.0000 |-0.0015 |0.0494 |
189.025 | 0.000 | 0.000 | -0.140 | 0.0575 |-0.0129 |0.0000 |-0.0015 |0.0498 |
189.370 | 0.000 | 0.000 | -0.141 | 0.0579 |-0.0130 |0.0000 |-0.0015 |0.0501 |
189.713 | 0.000 | 0.000 | -0.142 | 0.0583 |-0.0131 |0.0000 |-0.0016 |0.0505 |
190.054 | 0.000 | 0.000 | -0.144 | 0.0587 |-0.0132 |0.0000 |-0.0016 |0.0508 |
190.394 | 0.000 | 0.000 | -0.145 | 0.0591 |-0.0133 |0.0000 |-0.0016 |0.0512 |
190.733 | 0.000 | 0.000 | -0.146 | 0.0595 |-0.0134 |0.0000 |-0.0016 |0.0515 |
191.069 | 0.000 | 0.000 | -0.148 | 0.0599 |-0.0135 |0.0000 |-0.0016 |0.0519 |
191.405 | 0.000 | 0.000 | -0.149 | 0.0603 |-0.0135 |0.0000 |-0.0016 |0.0523 |
191.738 | 0.000 | 0.000 | -0.150 | 0.0607 |-0.0136 |0.0000 |-0.0016 |0.0526 |
192.071 | 0.000 | 0.000 | -0.151 | 0.0611 |-0.0137 |0.0000 |-0.0016 |0.0530 |
192.401 | 0.000 | 0.000 | -0.153 | 0.0615 |-0.0138 |0.0000 |-0.0016 |0.0533 |
192.731 | 0.000 | 0.000 | -0.154 | 0.0619 |-0.0139 |0.0000 |-0.0017 |0.0537 |
193.058 | 0.000 | 0.000 | -0.155 | 0.0623 |-0.0140 |0.0000 |-0.0017 |0.0540 |
193.385 | 0.000 | 0.000 | -0.157 | 0.0627 |-0.0141 |0.0000 |-0.0017 |0.0544 |
193.710 | 0.000 | 0.000 | -0.158 | 0.0631 |-0.0142 |0.0000 |-0.0017 |0.0548 |
194.033 | 0.000 | 0.000 | -0.159 | 0.0635 |-0.0142 |0.0000 |-0.0017 |0.0551 |
194.355 | 0.000 | 0.000 | -0.160 | 0.0639 |-0.0143 |0.0000 |-0.0017 |0.0555 |
194.676 | 0.000 | 0.000 | -0.162 | 0.0643 |-0.0144 |0.0000 |-0.0017 |0.0558 |
194.995 | 0.000 | 0.000 | -0.163 | 0.0647 |-0.0145 |0.0000 |-0.0017 |0.0562 |
195.313 | 0.000 | 0.000 | -0.164 | 0.0650 |-0.0146 |0.0000 |-0.0018 |0.0565 |
195.630 | 0.000 | 0.000 | -0.166 | 0.0654 |-0.0147 |0.0000 |-0.0018 |0.0569 |
195.945 | 0.000 | 0.000 | -0.167 | 0.0658 |-0.0148 |0.0000 |-0.0018 |0.0572 |
196.259 | 0.000 | 0.000 | -0.168 | 0.0662 |-0.0149 |0.0000 |-0.0018 |0.0576 |
196.572 | 0.000 | 0.000 | -0.170 | 0.0666 |-0.0149 |0.0000 |-0.0018 |0.0579 |
196.883 | 0.000 | 0.000 | -0.171 | 0.0670 |-0.0150 |0.0000 |-0.0018 |0.0583 |
197.193 | 0.000 | 0.000 | -0.172 | 0.0674 |-0.0151 |0.0000 |-0.0018 |0.0587 |
197.502 | 0.000 | 0.000 | -0.173 | 0.0678 |-0.0152 |0.0000 |-0.0018 |0.0590 |
197.809 | 0.000 | 0.000 | -0.175 | 0.0682 |-0.0153 |0.0000 |-0.0018 |0.0594 |
198.116 | 0.000 | 0.000 | -0.176 | 0.0686 |-0.0154 |0.0000 |-0.0019 |0.0597 |
198.421 | 0.000 | 0.000 | -0.177 | 0.0690 |-0.0155 |0.0000 |-0.0019 |0.0601 |
198.724 | 0.000 | 0.000 | -0.179 | 0.0694 |-0.0156 |0.0000 |-0.0019 |0.0604 |
199.027 | 0.000 | 0.000 | -0.180 | 0.0698 |-0.0156 |0.0000 |-0.0019 |0.0608 |
199.328 | 0.000 | 0.000 | -0.181 | 0.0702 |-0.0157 |0.0000 |-0.0019 |0.0611 |
199.628 | 0.000 | 0.000 | -0.183 | 0.0706 |-0.0158 |0.0000 |-0.0019 |0.0615 |
199.927 | 0.000 | 0.000 | -0.184 | 0.0710 |-0.0159 |0.0000 |-0.0019 |0.0618 |
200.225 | 0.000 | 0.000 | -0.185 | 0.0714 |-0.0160 |0.0000 |-0.0019 |0.0622 |
200.522 | 0.000 | 0.000 | -0.187 | 0.0718 |-0.0161 |0.0000 |-0.0019 |0.0626 |
200.818 | 0.000 | 0.000 | -0.188 | 0.0722 |-0.0162 |0.0000 |-0.0020 |0.0629 |
201.112 | 0.000 | 0.000 | -0.189 | 0.0725 |-0.0163 |0.0000 |-0.0020 |0.0633 |
201.405 | 0.000 | 0.000 | -0.191 | 0.0729 |-0.0163 |0.0000 |-0.0020 |0.0636 |
201.697 | 0.000 | 0.000 | -0.192 | 0.0733 |-0.0164 |0.0000 |-0.0020 |0.0640 |
201.988 | 0.000 | 0.000 | -0.193 | 0.0737 |-0.0165 |0.0000 |-0.0020 |0.0643 |
202.278 | 0.000 | 0.000 | -0.195 | 0.0741 |-0.0166 |0.0000 |-0.0020 |0.0647 |
202.567 | 0.000 | 0.000 | -0.196 | 0.0745 |-0.0167 |0.0000 |-0.0020 |0.0650 |
202.855 | 0.000 | 0.000 | -0.197 | 0.0749 |-0.0168 |0.0000 |-0.0020 |0.0654 |
203.142 | 0.000 | 0.000 | -0.199 | 0.0753 |-0.0169 |0.0000 |-0.0020 |0.0657 |
203.427 | 0.000 | 0.000 | -0.200 | 0.0757 |-0.0169 |0.0000 |-0.0021 |0.0661 |
203.712 | 0.000 | 0.000 | -0.202 | 0.0761 |-0.0170 |0.0000 |-0.0021 |0.0664 |
203.995 | 0.000 | 0.000 | -0.203 | 0.0765 |-0.0171 |0.0000 |-0.0021 |0.0668 |
204.278 | 0.000 | 0.000 | -0.204 | 0.0769 |-0.0172 |0.0000 |-0.0021 |0.0671 |
204.559 | 0.000 | 0.000 | -0.206 | 0.0773 |-0.0173 |0.0000 |-0.0021 |0.0675 |
204.840 | 0.000 | 0.000 | -0.207 | 0.0777 |-0.0174 |0.0000 |-0.0021 |0.0679 |
205.119 | 0.000 | 0.000 | -0.208 | 0.0780 |-0.0175 |0.0000 |-0.0021 |0.0682 |
205.398 | 0.000 | 0.000 | -0.210 | 0.0784 |-0.0176 |0.0000 |-0.0021 |0.0686 |
205.675 | 0.000 | 0.000 | -0.211 | 0.0788 |-0.0176 |0.0000 |-0.0022 |0.0689 |
205.951 | 0.000 | 0.000 | -0.212 | 0.0792 |-0.0177 |0.0000 |-0.0022 |0.0693 |
206.227 | 0.000 | 0.000 | -0.214 | 0.0796 |-0.0178 |0.0000 |-0.0022 |0.0696 |
206.501 | 0.000 | 0.000 | -0.215 | 0.0800 |-0.0179 |0.0000 |-0.0022 |0.0700 |
206.775 | 0.000 | 0.000 | -0.217 | 0.0804 |-0.0180 |0.0000 |-0.0022 |0.0703 |
207.047 | 0.000 | 0.000 | -0.218 | 0.0808 |-0.0181 |0.0000 |-0.0022 |0.0707 |
207.319 | 0.000 | 0.000 | -0.219 | 0.0812 |-0.0182 |0.0000 |-0.0022 |0.0710 |
207.590 | 0.000 | 0.000 | -0.221 | 0.0816 |-0.0182 |0.0000 |-0.0022 |0.0714 |
207.859 | 0.000 | 0.000 | -0.222 | 0.0820 |-0.0183 |0.0000 |-0.0022 |0.0717 |
208.128 | 0.000 | 0.000 | -0.223 | 0.0824 |-0.0184 |0.0000 |-0.0023 |0.0721 |
208.396 | 0.000 | 0.000 | -0.225 | 0.0827 |-0.0185 |0.0000 |-0.0023 |0.0724 |
208.663 | 0.000 | 0.000 | -0.226 | 0.0831 |-0.0186 |0.0000 |-0.0023 |0.0728 |
208.929 | 0.000 | 0.000 | -0.228 | 0.0835 |-0.0187 |0.0000 |-0.0023 |0.0731 |
209.194 | 0.000 | 0.000 | -0.229 | 0.0839 |-0.0188 |0.0000 |-0.0023 |0.0735 |
209.459 | 0.000 | 0.000 | -0.230 | 0.0843 |-0.0188 |0.0000 |-0.0023 |0.0738 |
209.722 | 0.000 | 0.000 | -0.232 | 0.0847 |-0.0189 |0.0000 |-0.0023 |0.0742 |
209.984 | 0.000 | 0.000 | -0.233 | 0.0851 |-0.0190 |0.0000 |-0.0023 |0.0745 |
210.246 | 0.000 | 0.000 | -0.235 | 0.0855 |-0.0191 |0.0000 |-0.0023 |0.0749 |
210.507 | 0.000 | 0.000 | -0.236 | 0.0859 |-0.0192 |0.0000 |-0.0024 |0.0752 |
210.767 | 0.000 | 0.000 | -0.237 | 0.0863 |-0.0193 |0.0000 |-0.0024 |0.0756 |
211.026 | 0.000 | 0.000 | -0.239 | 0.0866 |-0.0194 |0.0000 |-0.0024 |0.0759 |
211.284 | 0.000 | 0.000 | -0.240 | 0.0870 |-0.0195 |0.0000 |-0.0024 |0.0763 |
211.541 | 0.000 | 0.000 | -0.242 | 0.0874 |-0.0195 |0.0000 |-0.0024 |0.0766 |
211.798 | 0.000 | 0.000 | -0.243 | 0.0878 |-0.0196 |0.0000 |-0.0024 |0.0770 |
212.054 | 0.000 | 0.000 | -0.244 | 0.0882 |-0.0197 |0.0000 |-0.0024 |0.0773 |
212.308 | 0.000 | 0.000 | -0.246 | 0.0886 |-0.0198 |0.0000 |-0.0024 |0.0777 |
212.563 | 0.000 | 0.000 | -0.247 | 0.0890 |-0.0199 |0.0000 |-0.0025 |0.0780 |
212.816 | 0.000 | 0.000 | -0.249 | 0.0894 |-0.0200 |0.0000 |-0.0025 |0.0784 |
213.068 | 0.000 | 0.000 | -0.250 | 0.0898 |-0.0201 |0.0000 |-0.0025 |0.0787 |
213.320 | 0.000 | 0.000 | -0.251 | 0.0901 |-0.0201 |0.0000 |-0.0025 |0.0791 |
213.571 | 0.000 | 0.000 | -0.253 | 0.0905 |-0.0202 |0.0000 |-0.0025 |0.0794 |
213.821 | 0.000 | 0.000 | -0.254 | 0.0909 |-0.0203 |0.0000 |-0.0025 |0.0798 |
214.070 | 0.000 | 0.000 | -0.256 | 0.0913 |-0.0204 |0.0000 |-0.0025 |0.0801 |
214.319 | 0.000 | 0.000 | -0.257 | 0.0917 |-0.0205 |0.0000 |-0.0025 |0.0805 |
214.566 | 0.000 | 0.000 | -0.258 | 0.0921 |-0.0206 |0.0000 |-0.0025 |0.0808 |
214.813 | 0.000 | 0.000 | -0.260 | 0.0925 |-0.0207 |0.0000 |-0.0026 |0.0812 |
215.060 | 0.000 | 0.000 | -0.261 | 0.0929 |-0.0207 |0.0000 |-0.0026 |0.0815 |
215.305 | 0.000 | 0.000 | -0.263 | 0.0933 |-0.0208 |0.0000 |-0.0026 |0.0819 |
215.550 | 0.000 | 0.000 | -0.264 | 0.0936 |-0.0209 |0.0000 |-0.0026 |0.0822 |
215.794 | 0.000 | 0.000 | -0.266 | 0.0940 |-0.0210 |0.0000 |-0.0026 |0.0826 |
216.037 | 0.000 | 0.000 | -0.267 | 0.0944 |-0.0211 |0.0000 |-0.0026 |0.0829 |
216.280 | 0.000 | 0.000 | -0.268 | 0.0948 |-0.0212 |0.0000 |-0.0026 |0.0833 |
216.521 | 0.000 | 0.000 | -0.270 | 0.0952 |-0.0212 |0.0000 |-0.0026 |0.0836 |
216.763 | 0.000 | 0.000 | -0.271 | 0.0956 |-0.0213 |0.0000 |-0.0027 |0.0840 |
217.003 | 0.000 | 0.000 | -0.273 | 0.0960 |-0.0214 |0.0000 |-0.0027 |0.0843 |
217.243 | 0.000 | 0.000 | -0.274 | 0.0963 |-0.0215 |0.0000 |-0.0027 |0.0847 |
217.481 | 0.000 | 0.000 | -0.276 | 0.0967 |-0.0216 |0.0000 |-0.0027 |0.0850 |
217.720 | 0.000 | 0.000 | -0.277 | 0.0971 |-0.0217 |0.0000 |-0.0027 |0.0854 |
217.957 | 0.000 | 0.000 | -0.278 | 0.0975 |-0.0218 |0.0000 |-0.0027 |0.0857 |
218.194 | 0.000 | 0.000 | -0.280 | 0.0979 |-0.0218 |0.0000 |-0.0027 |0.0861 |
218.430 | 0.000 | 0.000 | -0.281 | 0.0983 |-0.0219 |0.0000 |-0.0027 |0.0864 |
218.666 | 0.000 | 0.000 | -0.283 | 0.0987 |-0.0220 |0.0000 |-0.0027 |0.0868 |
218.901 | 0.000 | 0.000 | -0.284 | 0.0991 |-0.0221 |0.0000 |-0.0028 |0.0871 |
219.135 | 0.000 | 0.000 | -0.286 | 0.0994 |-0.0222 |0.0000 |-0.0028 |0.0874 |
219.368 | 0.000 | 0.000 | -0.287 | 0.0998 |-0.0223 |0.0000 |-0.0028 |0.0878 |
219.601 | 0.000 | 0.000 | -0.289 | 0.1002 |-0.0224 |0.0000 |-0.0028 |0.0881 |
219.833 | 0.000 | 0.000 | -0.290 | 0.1006 |-0.0224 |0.0000 |-0.0028 |0.0885 |
220.064 | 0.000 | 0.000 | -0.291 | 0.1010 |-0.0225 |0.0000 |-0.0028 |0.0888 |
220.295 | 0.000 | 0.000 | -0.293 | 0.1014 |-0.0226 |0.0000 |-0.0028 |0.0892 |
220.525 | 0.000 | 0.000 | -0.294 | 0.1018 |-0.0227 |0.0000 |-0.0028 |0.0895 |
220.755 | 0.000 | 0.000 | -0.296 | 0.1021 |-0.0228 |0.0000 |-0.0029 |0.0899 |
220.984 | 0.000 | 0.000 | -0.297 | 0.1025 |-0.0229 |0.0000 |-0.0029 |0.0902 |
221.212 | 0.000 | 0.000 | -0.299 | 0.1029 |-0.0230 |0.0000 |-0.0029 |0.0906 |
221.439 | 0.000 | 0.000 | -0.300 | 0.1033 |-0.0230 |0.0000 |-0.0029 |0.0909 |
221.666 | 0.000 | 0.000 | -0.302 | 0.1037 |-0.0231 |0.0000 |-0.0029 |0.0913 |
221.893 | 0.000 | 0.000 | -0.303 | 0.1041 |-0.0232 |0.0000 |-0.0029 |0.0916 |
222.118 | 0.000 | 0.000 | -0.305 | 0.1044 |-0.0233 |0.0000 |-0.0029 |0.0920 |
222.343 | 0.000 | 0.000 | -0.306 | 0.1048 |-0.0234 |0.0000 |-0.0029 |0.0923 |
222.568 | 0.000 | 0.000 | -0.307 | 0.1052 |-0.0235 |0.0000 |-0.0029 |0.0926 |
222.792 | 0.000 | 0.000 | -0.309 | 0.1056 |-0.0235 |0.0000 |-0.0030 |0.0930 |
223.015 | 0.000 | 0.000 | -0.310 | 0.1060 |-0.0236 |0.0000 |-0.0030 |0.0933 |
223.238 | 0.000 | 0.000 | -0.312 | 0.1064 |-0.0237 |0.0000 |-0.0030 |0.0937 |
223.460 | 0.000 | 0.000 | -0.313 | 0.1068 |-0.0238 |0.0000 |-0.0030 |0.0940 |
223.681 | 0.000 | 0.000 | -0.315 | 0.1071 |-0.0239 |0.0000 |-0.0030 |0.0944 |
223.902 | 0.000 | 0.000 | -0.316 | 0.1075 |-0.0240 |0.0000 |-0.0030 |0.0947 |
224.122 | 0.000 | 0.000 | -0.318 | 0.1079 |-0.0241 |0.0000 |-0.0030 |0.0951 |
224.342 | 0.000 | 0.000 | -0.319 | 0.1083 |-0.0241 |0.0000 |-0.0030 |0.0954 |
224.561 | 0.000 | 0.000 | -0.321 | 0.1087 |-0.0242 |0.0000 |-0.0031 |0.0958 |
224.779 | 0.000 | 0.000 | -0.322 | 0.1091 |-0.0243 |0.0000 |-0.0031 |0.0961 |
224.997 | 0.000 | 0.000 | -0.324 | 0.1094 |-0.0244 |0.0000 |-0.0031 |0.0964 |
225.215 | 0.000 | 0.000 | -0.325 | 0.1098 |-0.0245 |0.0000 |-0.0031 |0.0968 |
225.431 | 0.000 | 0.000 | -0.327 | 0.1102 |-0.0246 |0.0000 |-0.0031 |0.0971 |
225.648 | 0.000 | 0.000 | -0.328 | 0.1106 |-0.0246 |0.0000 |-0.0031 |0.0975 |
225.863 | 0.000 | 0.000 | -0.330 | 0.1110 |-0.0247 |0.0000 |-0.0031 |0.0978 |
226.078 | 0.000 | 0.000 | -0.331 | 0.1114 |-0.0248 |0.0000 |-0.0031 |0.0982 |
226.293 | 0.000 | 0.000 | -0.333 | 0.1117 |-0.0249 |0.0000 |-0.0031 |0.0985 |
226.507 | 0.000 | 0.000 | -0.334 | 0.1121 |-0.0250 |0.0000 |-0.0032 |0.0989 |
226.720 | 0.000 | 0.000 | -0.335 | 0.1125 |-0.0251 |0.0000 |-0.0032 |0.0992 |
226.933 | 0.001 | 0.000 | -0.337 | 0.1129 |-0.0252 |0.0000 |-0.0032 |0.0995 |
227.146 | 0.001 | 0.000 | -0.338 | 0.1133 |-0.0252 |0.0000 |-0.0032 |0.0999 |
227.357 | 0.001 | 0.000 | -0.340 | 0.1136 |-0.0253 |0.0000 |-0.0032 |0.1002 |
227.569 | 0.001 | 0.000 | -0.341 | 0.1140 |-0.0254 |0.0000 |-0.0032 |0.1006 |
227.779 | 0.001 | 0.000 | -0.343 | 0.1144 |-0.0255 |0.0000 |-0.0032 |0.1009 |
227.990 | 0.001 | 0.000 | -0.344 | 0.1148 |-0.0256 |0.0000 |-0.0032 |0.1013 |
228.199 | 0.001 | 0.000 | -0.346 | 0.1152 |-0.0257 |0.0000 |-0.0033 |0.1016 |
228.408 | 0.001 | 0.000 | -0.347 | 0.1156 |-0.0257 |0.0000 |-0.0033 |0.1020 |
228.617 | 0.001 | 0.000 | -0.349 | 0.1159 |-0.0258 |0.0000 |-0.0033 |0.1023 |
228.825 | 0.001 | 0.000 | -0.350 | 0.1163 |-0.0259 |0.0000 |-0.0033 |0.1026 |
229.033 | 0.001 | 0.000 | -0.352 | 0.1167 |-0.0260 |0.0000 |-0.0033 |0.1030 |
229.240 | 0.001 | 0.000 | -0.353 | 0.1171 |-0.0261 |0.0000 |-0.0033 |0.1033 |
229.446 | 0.001 | 0.000 | -0.355 | 0.1175 |-0.0262 |0.0000 |-0.0033 |0.1037 |
229.652 | 0.001 | 0.000 | -0.356 | 0.1178 |-0.0262 |0.0000 |-0.0033 |0.1040 |
229.858 | 0.001 | 0.000 | -0.358 | 0.1182 |-0.0263 |0.0000 |-0.0033 |0.1044 |
230.063 | 0.001 | 0.000 | -0.359 | 0.1186 |-0.0264 |0.0000 |-0.0034 |0.1047 |
230.268 | 0.001 | 0.000 | -0.361 | 0.1190 |-0.0265 |0.0000 |-0.0034 |0.1050 |
230.472 | 0.001 | 0.000 | -0.362 | 0.1194 |-0.0266 |0.0000 |-0.0034 |0.1054 |
230.675 | 0.001 | 0.000 | -0.364 | 0.1197 |-0.0267 |0.0000 |-0.0034 |0.1057 |
230.878 | 0.001 | 0.000 | -0.365 | 0.1201 |-0.0267 |0.0000 |-0.0034 |0.1061 |
231.081 | 0.001 | 0.000 | -0.367 | 0.1205 |-0.0268 |0.0000 |-0.0034 |0.1064 |
231.283 | 0.001 | 0.000 | -0.368 | 0.1209 |-0.0269 |0.0000 |-0.0034 |0.1068 |
231.485 | 0.001 | 0.000 | -0.370 | 0.1213 |-0.0270 |0.0000 |-0.0034 |0.1071 |
231.686 | 0.001 | 0.000 | -0.371 | 0.1216 |-0.0271 |0.0000 |-0.0035 |0.1074 |
231.886 | 0.001 | 0.000 | -0.373 | 0.1220 |-0.0272 |0.0000 |-0.0035 |0.1078 |
232.087 | 0.001 | 0.000 | -0.374 | 0.1224 |-0.0273 |0.0000 |-0.0035 |0.1081 |
232.286 | 0.001 | 0.000 | -0.376 | 0.1228 |-0.0273 |0.0000 |-0.0035 |0.1085 |
232.486 | 0.001 | 0.000 | -0.377 | 0.1232 |-0.0274 |0.0000 |-0.0035 |0.1088 |
232.684 | 0.001 | 0.000 | -0.379 | 0.1235 |-0.0275 |0.0000 |-0.0035 |0.1092 |
232.883 | 0.001 | 0.000 | -0.381 | 0.1239 |-0.0276 |0.0000 |-0.0035 |0.1095 |
233.080 | 0.001 | 0.000 | -0.382 | 0.1243 |-0.0277 |0.0000 |-0.0035 |0.1098 |
233.278 | 0.001 | 0.000 | -0.384 | 0.1247 |-0.0278 |0.0000 |-0.0035 |0.1102 |
233.475 | 0.001 | 0.000 | -0.385 | 0.1251 |-0.0278 |0.0000 |-0.0036 |0.1105 |
233.671 | 0.001 | 0.000 | -0.387 | 0.1254 |-0.0279 |0.0000 |-0.0036 |0.1109 |
233.867 | 0.001 | 0.000 | -0.388 | 0.1258 |-0.0280 |0.0000 |-0.0036 |0.1112 |
234.063 | 0.001 | 0.000 | -0.390 | 0.1262 |-0.0281 |0.0000 |-0.0036 |0.1115 |
234.258 | 0.001 | 0.000 | -0.391 | 0.1266 |-0.0282 |0.0000 |-0.0036 |0.1119 |
234.453 | 0.001 | 0.000 | -0.393 | 0.1270 |-0.0283 |0.0000 |-0.0036 |0.1122 |
234.647 | 0.001 | 0.000 | -0.394 | 0.1273 |-0.0283 |0.0000 |-0.0036 |0.1126 |
234.841 | 0.001 | 0.000 | -0.396 | 0.1277 |-0.0284 |0.0000 |-0.0036 |0.1129 |
235.034 | 0.001 | 0.000 | -0.397 | 0.1281 |-0.0285 |0.0000 |-0.0037 |0.1132 |
235.227 | 0.001 | 0.000 | -0.399 | 0.1285 |-0.0286 |0.0000 |-0.0037 |0.1136 |
235.420 | 0.001 | 0.000 | -0.400 | 0.1288 |-0.0287 |0.0000 |-0.0037 |0.1139 |
235.612 | 0.001 | 0.000 | -0.402 | 0.1292 |-0.0288 |0.0000 |-0.0037 |0.1143 |
235.803 | 0.001 | 0.000 | -0.403 | 0.1296 |-0.0288 |0.0000 |-0.0037 |0.1146 |
235.994 | 0.001 | 0.000 | -0.405 | 0.1300 |-0.0289 |0.0000 |-0.0037 |0.1150 |
236.185 | 0.001 | 0.000 | -0.406 | 0.1304 |-0.0290 |0.0000 |-0.0037 |0.1153 |
236.375 | 0.001 | 0.000 | -0.408 | 0.1307 |-0.0291 |0.0000 |-0.0037 |0.1156 |
236.565 | 0.001 | 0.000 | -0.410 | 0.1311 |-0.0292 |0.0000 |-0.0037 |0.1160 |
236.755 | 0.001 | 0.000 | -0.411 | 0.1315 |-0.0293 |0.0000 |-0.0038 |0.1163 |
236.944 | 0.001 | 0.000 | -0.413 | 0.1319 |-0.0293 |0.0000 |-0.0038 |0.1167 |
237.041 | 0.001 | 0.000 | -0.413 | 0.1321 |-0.0294 |0.0000 |-0.0038 |0.1168 |
