5
10
2
10
2
10
2
10
2
0.2885417938232422
0.8893189430236816
-0.09042567014694214
-0.5572134852409363
0.1423727124929428
0.3002426326274872
0.3807118535041809
0.11829649657011032
-1.102226734161377
-0.5691893696784973
0.8256456851959229
-0.6227120757102966
0.23971152305603027
0.2541716694831848
1.1122595071792603
-0.7171905636787415
0.38801878690719604
0.11732346564531326
-0.34113380312919617
0.5015056133270264
0.8863556385040283
-0.5792284607887268
-0.0920887142419815
-0.6426175236701965
0.3167284429073334
0.02099188230931759
-0.8838226199150085
0.3489927053451538
0.42881765961647034
0.9562491774559021
0.2095937281847
0.31470823287963867
-0.16286931931972504
-0.044105008244514465
0.606927752494812
0.08436604589223862
0.29098254442214966
0.0765814334154129
0.45767325162887573
0.5761785507202148
-0.5988535284996033
-0.8034363389015198
-0.22796876728534698
-0.18660785257816315
0.057003945112228394
-0.32572686672210693
0.41378676891326904
0.17197956144809723
-0.420624315738678
0.7632748484611511
0.37908390164375305
0.07525397092103958
0.613594651222229
-0.10405450314283371
-0.05353898927569389
0.4013657867908478
0.4736241400241852
-0.2470117062330246
0.0966164693236351
0.37679997086524963
-0.9941231608390808
0.5307873487472534
0.1399211436510086
-0.13597716391086578
-0.040065426379442215
0.5353717803955078
0.24693123996257782
0.3875313401222229
0.4735334813594818
-0.07996644824743271
0.026760466396808624
0.17201991379261017
0.2606993019580841
0.968127429485321
0.425073504447937
0.7432187795639038
-0.252261221408844
0.6475701928138733
0.09768833965063095
0.4826975464820862
-0.4553818702697754
0.40517812967300415
-0.023903939872980118
-0.7166775465011597
-0.45798444747924805
0.45259416103363037
-0.13619166612625122
0.6362795233726501
-0.20972990989685059
-0.1590489149093628
0.2274053990840912
-0.20529349148273468
-1.4516971111297607
0.3358345925807953
0.936974823474884
-0.516800045967102
0.6379407644271851
-0.06625286489725113
-0.8950865268707275
0.43730416893959045
0.0037432655226439238
-0.11903531104326248
0.22072239220142365
0.10621243715286255
0.7900879383087158
0.4572555124759674
0.11411742120981216
-0.2439163327217102
0.4931661784648895
0.26860472559928894
-0.242392435669899
-0.32681432366371155
-0.6794249415397644
-0.4336845874786377
-0.5816207528114319
-0.4698394238948822
-0.44750866293907166
-0.37750259041786194
0.01899763196706772
0.16521593928337097
0.26559996604919434
-0.512546956539154
-0.6581456065177917
-0.837201714515686
-0.37720921635627747
-0.7769746780395508
-0.41526758670806885
0.03506632521748543
-0.5415911674499512
-0.18779505789279938
-0.4702610671520233
-0.7029473781585693
-0.060548342764377594
0.5274302363395691
-0.3519222140312195
-0.5448477268218994
0.09614602476358414
-0.27470776438713074
-0.46698322892189026
-0.3705231845378876
0.45924830436706543
-0.3742711842060089
0.576282262802124
0.12256446480751038
-0.029929032549262047
0.37100842595100403
-0.11932536214590073
0.36688217520713806
0.5626917481422424
0.5868850946426392
-0.3453233540058136
0.5014731287956238
-0.40242624282836914
0.8497433066368103
-0.7262937426567078
0.4876038432121277
0.12489499896764755
0.2005220353603363
0.11595498025417328
-0.26491841673851013
-0.48356860876083374
0.2718072533607483
0.03949465975165367
0.5983766913414001
0.6401171088218689
-0.2386457920074463
0.5655359625816345
-0.02765548601746559
-0.13042987883090973
-0.009687567129731178
0.3661179840564728
0.9061012268066406
0.10028496384620667
0.021447839215397835
0.5200075507164001
0.5457146167755127
0.6816874742507935
0.5743787884712219
0.14053674042224884
0.25417497754096985
-0.6163011789321899
-0.2826653718948364
-0.19551211595535278
0.3494197428226471
-0.4264717698097229
-0.5246881246566772
-0.6712833642959595
-0.45927777886390686
0.2338801771402359
-0.41277143359184265
0.7223725914955139
0.07608934491872787
-0.4084232747554779
0.056187257170677185
-0.19495229423046112
-0.3104366064071655
0.2844519317150116
0.9332622289657593
-0.34365782141685486
0.36832812428474426
-0.11178962886333466
-0.6551355719566345
-0.4755639135837555
0.10421430319547653
0.0647328644990921
-0.22451697289943695
-0.562688410282135
-0.11079196631908417
-0.03578266501426697
0.31321001052856445
-0.40851858258247375
1.3362528085708618
-0.20967942476272583
-0.2107820361852646
-0.24229465425014496
0.48924577236175537
-0.6044068336486816
0.08644693344831467
0.6817405819892883
0.5230037569999695
-0.22206616401672363
-0.25764361023902893
-0.3064606785774231
-0.3317575752735138
-0.6939110159873962
-0.19181270897388458
-0.12569160759449005
-0.09018320590257645
0.050625573843717575
-0.6108475923538208
-0.2766563296318054
-0.020927537232637405
-0.19826938211917877
-0.32545194029808044
-0.0642642080783844
0.4300145208835602
-0.22173257172107697
0.47904321551322937
0.49467718601226807
-0.48043692111968994
-0.01855950802564621
0.31035199761390686
0.12232404202222824
0.30994126200675964
-0.548041820526123
0.055519141256809235
1.226657748222351
0.2625288665294647
-0.4808741807937622
0.2831159234046936
0.38080018758773804
0.15426330268383026
-0.4240556061267853
0.5551248788833618
-0.17754916846752167
0.09449072182178497
0.7022642493247986
-0.44892460107803345
0.15920569002628326
0.4920401871204376
0.04931548982858658
0.5398486256599426
0.002192419022321701
0.2455950379371643
0.22538387775421143
-0.33955398201942444
0.605157196521759
-0.35907018184661865
0.17637164890766144
0.02984991855919361
-0.5486054420471191
-0.4046030044555664
-0.5407242178916931
-0.2454937845468521
-0.4316767752170563
0.3136155307292938
0.45895326137542725
0.08256826549768448
-0.8878088593482971
-0.41764530539512634
-0.2500593364238739
-0.23090942203998566
-0.0233004130423069
0.26096782088279724
0.3666011691093445
0.026646820828318596
0.18863022327423096
0.17416781187057495
-0.18714793026447296
0.5855013132095337
-0.3392689824104309
-0.5663135051727295
-0.7242876887321472
0.19464969635009766
-0.30081260204315186
-0.2592049241065979
0.7866013646125793
-0.21644221246242523
-0.6056374311447144
-0.05506934970617294
0.14636719226837158
-0.48649996519088745
-0.3165102005004883
0.2818572223186493
-0.4449955224990845
-0.33166050910949707
0.4860847592353821
-0.4202706217765808
0.013556520454585552
-0.09476937353610992
-0.15327970683574677
-0.02960098721086979
0.17566229403018951
-0.2709868848323822
0.2609178125858307
-0.20312049984931946
0.06098196282982826
0.9054791927337646
0.4665479063987732
-0.5626415610313416
0.0976179838180542
0.10045663267374039
-0.7940438985824585
0.962732195854187
-0.2481354922056198
-0.37380510568618774
1.4361878633499146
-0.33761194348335266
-0.6152030825614929
0.44960856437683105
-0.32427334785461426
0.6519214510917664
-0.5825135111808777
-0.4006253778934479
0.13419464230537415
-0.38594385981559753
0.4770144522190094
0.23578137159347534
-0.3324519395828247
1.0444649457931519
