3
20
8
20
2
0.02590182237327099
-0.8958836793899536
-0.8862651586532593
-5.877218975806237e-29
5.874964434065088e-29
-5.876262631218227e-29
0.11582712829113007
-0.29388806223869324
1.3884214162826538
0.06576382368803024
0.04003236070275307
1.2464336156845093
0.345572292804718
0.5108726024627686
-1.2516028881072998
-0.5328429341316223
0.3255866765975952
-1.250475287437439
-0.4744541049003601
0.4083513021469116
1.3374154567718506
-0.42148104310035706
0.4351096749305725
-1.1763501167297363
0.02255062386393547
-0.19438688457012177
-1.4178040027618408
0.4816459119319916
0.37780043482780457
-1.2934210300445557
0.2817269265651703
0.6006625294685364
1.3216134309768677
0.8984304666519165
-0.06856703758239746
0.5486938953399658
-0.7819821834564209
0.8101995587348938
-0.5341074466705322
0.5627901554107666
0.3150864839553833
1.2611008882522583
5.865839739100446e-29
-5.871664473476002e-29
-5.868027475146649e-29
0.7842010259628296
-0.8054618835449219
-0.49169597029685974
0.8805442452430725
0.022189337760210037
-0.8962286710739136
0.02090606652200222
-0.883030116558075
0.8821680545806885
-0.7024235725402832
0.743690550327301
0.038446247577667236
0.7046695351600647
0.1363150030374527
1.0640662908554077
0.0009710614685900509
5.87444804409875e-29
0.00026260779122821987
0.008020973764359951
0.5640349984169006
0.7261949777603149
0.5671494007110596
0.3903839588165283
0.6504490375518799
0.21083250641822815
0.00017853252938948572
0.00032678479328751564
0.4959525167942047
9.702976240077987e-05
5.873879894765155e-29
0.4471176862716675
0.11209975928068161
0.5314396619796753
0.22193582355976105
1.941733353305608e-05
0.00013807328650727868
5.873640357228322e-29
0.16772322356700897
0.00025265372823923826
0.00018094289407599717
0.16096673905849457
0.1961020529270172
0.14683404564857483
0.03377368301153183
0.0003449422074481845
0.00026124558644369245
0.4360095262527466
0.26548799872398376
0.06023645028471947
5.872561836459465e-29
0.3342375159263611
0.2540777921676636
4.430078843142837e-05
0.05603394657373428
0.18135179579257965
0.4710032641887665
5.869680163780176e-29
0.9743063449859619
0.44564783573150635
0.000224304327275604
0.5788421034812927
0.6811804175376892
0.7511560916900635
0.6132442355155945
0.00032052159076556563
0.026515038684010506
0.0004263099981471896
0.7150191068649292
0.00032545599970035255
5.87605439004299e-29
0.59784996509552
7.454329170286655e-05
0.46023663878440857
0.4349086582660675
0.00013405583740677685
0.0
5.8673365477791e-29
0.0
5.874129663804818e-29
5.86741478868309e-29
0.0
0.0
0.0
5.866146684185333e-29
5.872871188956783e-29
0.0
5.869532709768809e-29
5.874590683285256e-29
0.0
5.87289466122798e-29
5.870995212820328e-29
5.868171919892478e-29
0.0
5.868258586739975e-29
5.868380161067715e-29
0.39786848425865173
5.871582019600258e-29
0.5679291486740112
0.20739801228046417
0.2880878746509552
0.7717673182487488
0.6378563642501831
0.4474641978740692
0.6554114818572998
0.041299983859062195
0.0005238453741185367
1.8761907995212823e-05
0.26713573932647705
0.00024886647588573396
5.866483120072493e-29
0.5168541669845581
3.808054680121131e-05
0.8229057192802429
0.06144296005368233
9.569963003741577e-05
0.2296658158302307
5.865995017202212e-29
0.0003093997365795076
0.0009391239145770669
0.43294209241867065
0.6674132943153381
0.8489120602607727
0.18144746124744415
0.35389918088912964
0.3689950704574585
0.0003898411523550749
-0.0
0.26366132497787476
0.00016988214338198304
5.867518307417601e-29
0.6025369167327881
0.00016323075396940112
0.8369808197021484
0.03346916288137436
4.051467476529069e-05
0.3411315381526947
5.876248788596752e-29
0.2571861743927002
0.0005624893819913268
4.94667146995198e-05
7.90691701695323e-05
0.6256493926048279
0.34514757990837097
0.24893072247505188
3.812106297118589e-05
0.20822033286094666
0.9020701050758362
0.08557436615228653
0.704343318939209
5.869013310536932e-29
0.4145602583885193
0.037678029388189316
2.8656493668677285e-05
0.4014098644256592
0.5221027135848999
3.167286195093766e-05
5.874798924460493e-29
0.1010923981666565
0.06910066306591034
0.2384604513645172
0.49256816506385803
0.23038624227046967
0.32213059067726135
0.6177724003791809
0.15917707979679108
0.00027696104370988905
0.5969411134719849
0.0012040154542773962
0.00026891360175795853
5.875038461997326e-29
0.2587782144546509
0.5450951457023621
7.824772910680622e-05
0.05797659978270531
0.00033164603519253433
3.409740384086035e-05
5.865839739100446e-29
0.0003246986016165465
0.009833958931267262
0.5082869529724121
0.5283924341201782
0.004901695065200329
0.09132610261440277
0.37192031741142273
0.12642161548137665
-0.0
0.010908925905823708
0.009068855084478855
2.731329732341692e-05
5.872619012504689e-29
0.02705950103700161
0.22952939569950104
0.5334286689758301
0.10421642661094666
-0.0
0.8519604206085205
5.873111328346723e-29
0.13471877574920654
0.0310891754925251
8.831581362755969e-05
0.00018371027545072138
0.3869776129722595
0.0004032325523439795
0.37905099987983704
7.881728379288688e-05
0.5924062132835388
0.00019044610962737352
0.2067892700433731
0.16079318523406982
5.874477534901023e-29
0.22675330936908722
3.216480399714783e-05
0.6111739277839661
0.31351396441459656
0.0002297924511367455
7.323455065488815e-05
5.875541611195297e-29
0.19651342928409576
0.06125544756650925
0.046019118279218674
0.38902145624160767
0.0002700839831959456
0.3285233974456787
0.5166820883750916
0.000750610779505223
0.0002598121063783765
0.5871663093566895
0.4415561854839325
0.0002502941933926195
5.868248957090253e-29
0.3011772632598877
0.58803790807724
5.003229671274312e-05
0.3601256310939789
0.20712637901306152
1.9243847418692894e-05
5.86790830823134e-29
0.00029157582321204245
0.0059928493574261665
0.5827913880348206
0.7748891711235046
0.6519359946250916
0.23111461102962494
0.6707347631454468
0.6098278760910034
0.0001558325020596385
0.40475374460220337
0.18118152022361755
0.00017024560656864196
5.868383170333253e-29
0.5069695115089417
0.7530638575553894
0.2670595645904541
0.16158956289291382
0.0002086526365019381
0.00010291933722328395
5.873207022990835e-29
0.0002691719855647534
0.010856891050934792
0.473102867603302
0.5950288772583008
0.41388407349586487
0.33707094192504883
0.6585220694541931
0.44482383131980896
0.00015980737225618213
0.10210352391004562
0.8250491619110107
0.0001051410217769444
5.876963790088605e-29
0.40736624598503113
0.5608980059623718
0.2356986701488495
0.3886137306690216
6.77138232276775e-05
5.866332656795588e-29
5.876963790088605e-29
1.570839196978411e-31
5.866694370513268e-29
5.876826567580068e-29
5.876174158811407e-29
0.0
5.87316790253884e-29
5.877032401342874e-29
5.871145074244125e-29
1.5181660004146748e-31
5.868421087079033e-29
5.872261511758762e-29
5.866831593021806e-29
5.867778909813201e-29
5.871698779103137e-29
5.87399244129628e-29
5.870443915373747e-29
5.87528522177145e-29
0.0
2.3715050701866858e-05
5.870902527441754e-29
0.0002879854291677475
0.0070203146897256374
0.25078636407852173
0.32177600264549255
0.0658220574259758
0.23459786176681519
0.3947587013244629
0.2762479782104492
0.0001836228766478598
0.9460992217063904
0.001652972656302154
0.0002610067022033036
5.870044886763394e-29
0.04626850783824921
0.8428633809089661
6.430310168070719e-05
0.12970022857189178
0.030550755560398102
0.8755429983139038
5.869529700503271e-29
0.8417797684669495
0.6016402840614319
0.00016826555656734854
0.5423752069473267
0.457730770111084
0.546464204788208
0.6529213190078735
0.00021246267715469003
0.0005892780027352273
3.9538255805382505e-05
0.2421848624944687
0.004991523921489716
5.865839739100446e-29
0.436714768409729
3.871128137689084e-05
0.895872950553894
0.4133837819099426
0.00015315719065256417
0.4011797308921814
5.875837722924246e-29
0.44056594371795654
0.021476589143276215
0.00010464545630384237
9.887850319501013e-05
0.5659603476524353
0.11346244812011719
0.3143203556537628
0.00012144368520239368
0.2863519787788391
0.0003976027946919203
0.5497580766677856
0.15034814178943634
5.874590683285256e-29
0.4378991723060608
8.020466339075938e-05
0.03891383111476898
0.377006858587265
0.00040468137012794614
0.00012096983118681237
5.874798322607385e-29
0.718121349811554
0.21294468641281128
0.00019886743393726647
0.43564850091934204
0.1211707815527916
0.7843092083930969
0.6122549772262573
0.0003534505667630583
0.00026731949765235186
1.066465973854065
0.40316617488861084
0.10321611166000366
5.869147523779931e-29
0.49633336067199707
0.7452224493026733
6.445953476941213e-05
0.3936217427253723
0.7197317481040955
0.6110957860946655
5.868454188999952e-29
0.0799092948436737
0.0006536450237035751
9.454735118197277e-05
0.0870540514588356
0.6438428163528442
0.22956489026546478
0.15413521230220795
8.851927850628272e-05
0.12558209896087646
0.13531458377838135
0.024389438331127167
0.45729219913482666
5.86925164436755e-29
0.3449711501598358
4.840772089664824e-05
0.4953133165836334
0.031730905175209045
0.34215569496154785
0.00827990472316742
5.867172843733827e-29
1.0702399015426636
0.7221176624298096
0.019180919975042343
0.7287105917930603
1.2633129358291626
1.0086439847946167
0.9738725423812866
0.14920037984848022
0.0011312819551676512
0.0634574294090271
1.0732378959655762
0.0004898385377600789
5.87637818701489e-29
1.1077046394348145
0.15687908232212067
0.020984947681427002
0.49365589022636414
0.00042045023292303085
0.20571041107177734
0.0661294087767601
0.31912702322006226
1.2358844327003019e-31
0.32657739520072937
0.2888473868370056
0.3729192018508911
0.12446635961532593
0.07996360212564468
0.264620840549469
0.1329834908246994
0.2256772518157959
0.1923317015171051
1.2320539668087124e-31
0.14321549236774445
0.5553179383277893
0.18010249733924866
0.4835411310195923
0.35920241475105286
0.7922542691230774
