2
27
10
-0.3033589720726013
0.30466654896736145
-1.4630008935928345
0.21569298207759857
-0.22068576514720917
-1.2294020652770996
-0.32505515217781067
0.31451931595802307
-1.1941909790039062
-0.10328312963247299
0.8454116582870483
0.19674712419509888
0.8609758615493774
-0.037735916674137115
0.5940744876861572
-0.7578510642051697
0.8088334202766418
-0.13954299688339233
-0.47620415687561035
0.44709932804107666
-1.346001148223877
5.873508551397753e-29
-5.872900077905948e-29
-5.872999985521813e-29
-0.37730783224105835
-0.441836953163147
-1.2639938592910767
0.7568926811218262
0.09175728261470795
1.0116336345672607
0.7896136045455933
-0.7947525382041931
0.6734351515769958
0.2770683169364929
0.5030944347381592
-1.1977646350860596
-0.5807318091392517
0.5555658340454102
1.272181749343872
0.8366926908493042
-0.8604615330696106
-0.4146203100681305
0.6771748065948486
0.09785757958889008
-0.9458478093147278
5.868258586739975e-29
5.877260503670663e-29
5.876963790088605e-29
0.39872610569000244
0.3626818060874939
-1.169094443321228
-0.002416351344436407
-0.8712431788444519
-0.944988489151001
-5.869836645588157e-29
-5.866831593021806e-29
-5.869836645588157e-29
5.874297580821844e-29
5.871279889340233e-29
5.868663032028296e-29
-1.051669823937118e-05
9.462889138944774e-09
1.6370007571708811e-09
0.015243113972246647
-0.8917285203933716
0.8941001892089844
0.025019299238920212
-0.024050399661064148
-0.5076907873153687
-0.890333890914917
0.06861759722232819
0.3865865468978882
0.7604646682739258
0.06968598812818527
-0.9477102756500244
-0.1650882214307785
0.165657639503479
1.5275968313217163
0.14896593987941742
-0.1488291323184967
-1.4618195295333862
1.0
1.0
1.0
1.0
1.0
1.0
1.0
1.0
1.0
1.0
1.0
1.0
1.0
1.0
1.0
1.0
1.0
1.0
1.0
1.0
1.0
1.0
1.0
1.0
1.0
1.0
1.0
